RMSE: 0.42995592876


Errors: (prediction - observation)

[-0.39050585 -0.73086296  0.14064128  0.2931646   0.0309857   0.52088447
  0.45845907  0.38664538  0.4360311  -0.25900708 -0.90109581  0.54079974
  0.54620537  0.55353762  0.24267968 -0.11561417 -0.27365899 -0.08246664
  0.51753254 -0.10816456 -0.31756454 -0.08256341  0.55202175  0.56742822
  0.37050482 -0.67304929 -0.46043014 -0.1880267   0.50719039 -0.36166694
  0.60161062  0.30871653  0.41641588  0.11714779 -0.21077863 -0.3938418
 -0.16001102 -0.12268787 -0.0280995  -0.48629868 -0.19959304 -0.37514014
 -0.19842693  0.62504821 -0.05427465 -0.10054532 -0.04443156 -0.25027525
  0.97089077  0.61762154 -0.22888743 -0.36881431 -0.30988257  0.41482499
 -0.81771039 -0.51126444  0.10521619 -0.23707363 -0.23081063 -0.26119714
 -0.20778212 -0.05973924 -0.65886865 -0.16987305  0.          0.          0.
  0.          0.          0.          0.          0.          0.          0.
  0.          0.          0.          0.          0.          0.        ]
[-0.39050585 -0.73086296  0.14064128  0.2931646   0.0309857  -0.47911553
  0.49441806  0.39914922  0.44052127 -0.25817563 -0.8998072  -0.45366596
  0.55738517 -0.1181713  -0.02693627 -0.20367084 -0.63271685 -0.40138072
  0.59501053 -0.11372941 -0.13780627 -0.18120292  0.80828432 -0.25167626
 -0.08586429 -0.17780496  0.65116627 -0.40496939  0.70639811 -0.05275603
 -0.09769955 -0.04311647 -0.24405972 -0.02818487 -0.23086218 -0.23471409
 -0.03047267 -0.08001752  0.84147998 -0.07327906 -0.18023425 -0.23021728
 -0.16557209 -0.04940732  0.72207245 -0.11725511 -0.34022538  0.42294773
  0.66975043  0.12381876  0.83014937  0.76501969 -0.38206095  0.72156604
 -0.15196894 -0.75648639 -0.21506995  0.          0.          0.          0.
  0.          0.          0.          0.          0.          0.          0.
  0.          0.          0.          0.          0.          0.          0.
  0.          0.          0.          0.          0.        ]
[-0.39050585 -0.73086296  0.14064128  0.03338936  0.52812823 -0.5389877
 -0.58328893  0.50927038 -0.24352931  0.122415    0.49691762 -0.71329587
 -0.43638661 -0.17111072  0.65497236 -0.12620814 -0.02901467 -0.23986665
  0.38483408 -0.37133806 -0.09651191 -0.2269631   0.62934409 -0.15883243
  0.38793958 -0.36596694  0.5952063  -0.36937728 -0.69202725  0.20234506
  0.35235711  0.03835006 -0.45680527 -0.46965573 -0.47706664 -0.35764237
 -0.11287616  0.28742617 -0.27596631  0.          0.          0.          0.
  0.          0.          0.          0.          0.          0.          0.
  0.          0.          0.          0.          0.          0.          0.
  0.          0.          0.          0.          0.          0.          0.
  0.          0.          0.          0.          0.          0.          0.
  0.          0.          0.          0.          0.          0.          0.
  0.          0.        ]
[-0.39050585  0.26913704  0.1227854   0.2776109   0.02925275 -0.48431534
 -0.51441816  0.45795479 -0.53555829 -0.22219893  0.15324185 -0.46748972
 -0.08331315 -0.19586186 -0.36547353 -0.21936561  0.72504032  0.70390144
 -0.33056497 -0.35458879 -0.40762048 -0.27560565 -0.03536472 -0.24706597
 -0.03513386  0.8880839   0.95323086 -0.42726309 -0.10212698 -0.02290096
 -0.17199257 -0.2721289   0.28860104 -0.43962093 -0.07846296 -0.09046055
  0.70422498 -0.1592545  -0.27295194 -0.08653729  0.49773626  0.87865223
 -0.28038941  0.5060342  -0.16629116  0.34594824 -0.56891056 -0.06589548
 -0.12263521 -0.05493686 -0.30056179 -0.03720865 -0.28189456  0.78211941
 -0.42208429 -0.21642626 -0.45091477  0.3848407   0.59832928  0.0926048
 -0.28104619 -0.26662097 -0.28438094 -0.2194409  -0.0631247   0.33789537
 -0.18340801  0.          0.          0.          0.          0.          0.
  0.          0.          0.          0.          0.          0.          0.        ]
[-0.39050585  0.26913704 -0.8772146  -0.68156966  0.05841888 -0.39419997
 -0.38340959 -0.37925557  0.72352635  0.84954156  0.13930316  0.51609569
 -0.11124938 -0.262808   -0.34800941 -0.37862541 -0.36721062 -0.15531255
 -0.24631287 -0.08207481 -0.2782623  -0.4901214  -0.166718   -0.04975191
 -0.02928634 -0.00629504 -0.27654856 -0.31778728 -0.1114883  -0.06433978
 -0.04630172 -0.12784038 -0.09954096  0.67692375 -0.57259706 -0.32063599
  0.12916172 -0.15000061 -0.17107088 -0.22707663 -0.1919233  -0.0552944
  0.34534393  0.8314872   0.          0.          0.          0.          0.
  0.          0.          0.          0.          0.          0.          0.
  0.          0.          0.          0.          0.          0.          0.
  0.          0.          0.          0.          0.          0.          0.
  0.          0.          0.          0.          0.          0.          0.
  0.          0.          0.        ]
[-0.39050585 -0.73086296  0.29745176 -0.86837796  0.04851805 -0.42542256
  0.5760035  -0.5645484   0.53765346  0.7637991   0.09655985  0.20813911
 -0.43683347 -0.69973399  0.19143387  0.34122239 -0.96313737  0.64804394
 -0.48130986  0.50713383 -0.51112722  0.79769845 -0.89089712  0.58076465
 -0.34401802  0.          0.          0.          0.          0.          0.
  0.          0.          0.          0.          0.          0.          0.
  0.          0.          0.          0.          0.          0.          0.
  0.          0.          0.          0.          0.          0.          0.
  0.          0.          0.          0.          0.          0.          0.
  0.          0.          0.          0.          0.          0.          0.
  0.          0.          0.          0.          0.          0.          0.
  0.          0.          0.          0.          0.          0.          0.        ]
[-0.39050585  0.26913704  0.1227854   0.2776109   0.02925275  0.51568466
  0.45667369 -0.61393202 -0.54334081 -0.22900191  0.14360035  0.52109827
 -0.42860793 -0.15733622 -0.12029575 -0.02748189 -0.5821409  -0.18197015
  0.69248643 -0.17305571 -0.08709331 -0.20467528  0.66669298 -0.64157183
 -0.29496787 -0.24285286  0.74904787 -0.29423075  0.43985875  0.19566941
  0.34550827  0.03742911 -0.45961434 -0.47401027  0.51711468 -0.50555534
 -0.19804895  0.18611323  0.5734858   0.          0.          0.          0.
  0.          0.          0.          0.          0.          0.          0.
  0.          0.          0.          0.          0.          0.          0.
  0.          0.          0.          0.          0.          0.          0.
  0.          0.          0.          0.          0.          0.          0.
  0.          0.          0.          0.          0.          0.          0.
  0.          0.        ]
[-0.39050585 -0.73086296 -0.85935872  0.38571907  0.04313318 -0.44212728
 -0.44763953  0.55090119  0.51516442  0.75792132  0.09474413 -0.53293425
 -0.1078727  -0.25448804 -0.55678335 -0.61780964 -0.27155511 -0.08598222
 -0.32245991 -0.46248081 -0.04743877 -0.05049234 -0.02858313 -0.00614713
 -0.11563784 -0.09584249 -0.25706237  0.87320059 -0.17772428 -0.03699497
 -0.1926561  -0.05713441  0.40772049 -0.10211229 -0.12789305 -0.17542204
 -0.05273423 -0.10797385 -0.12372571 -0.01567554 -0.15548782 -0.02156582
 -0.07716488 -0.01626623 -0.15135032 -0.19698374 -0.06386143  0.78898826
 -0.01675517 -0.03286711 -0.01529835 -0.11655714 -0.0121555   0.85743983
 -0.13642063 -0.09931962 -0.32286633 -0.57223082 -0.32051818  0.12917228
 -0.14996115 -0.17104665 -0.22706381 -0.19191761 -0.05529284 -0.6546546
 -0.16850981  0.          0.          0.          0.          0.          0.
  0.          0.          0.          0.          0.          0.          0.        ]
[-0.39050585  0.26913704  0.1227854  -0.7223891   0.03820207  0.54274295
  0.46641156 -0.61073548 -0.53744858 -0.22382944  0.15094683 -0.47023008
 -0.10106152 -0.02263821 -0.1460961   0.42718081 -0.35299806  0.66503832
  0.57116257 -0.20586136  0.89272685 -0.27757965 -0.2663483   0.61914559
 -0.1954384   0.56475433 -0.08660312 -0.50432733 -0.10108553  0.70386671
 -0.08820994 -0.47528241 -0.15588478 -0.47087001  0.41546181  0.47251931
 -0.08316468 -0.15652066 -0.07214803 -0.38546581  0.94601271 -0.46029154
 -0.22458014 -0.36098494 -0.52342763 -0.24742577 -0.25574276  0.61666664
  0.75925374  0.3525506   0.15354235 -0.69518337  0.0523082   0.5864512
  0.48485422 -0.60434798 -0.52597203 -0.21413787  0.16444459 -0.45389335
  0.          0.          0.          0.          0.          0.          0.
  0.          0.          0.          0.          0.          0.          0.
  0.          0.          0.          0.          0.          0.        ]
[-0.39050585  0.26913704  0.1227854   0.2776109   0.02925275  0.51568466
 -0.54332631 -0.59105155  0.49671973  0.75349588  0.09343447 -0.53430126
 -0.45853335 -0.18663572  0.61927978 -0.54656591 -0.56041133 -0.50049155
 -0.14461104 -0.10193822 -0.19166166 -0.42066762 -0.60326323  0.66870932
  0.12326505 -0.17189361 -0.18488268  0.76548907  0.78907822  0.91653951
  0.23470179 -0.3593798   0.          0.          0.          0.          0.
  0.          0.          0.          0.          0.          0.          0.
  0.          0.          0.          0.          0.          0.          0.
  0.          0.          0.          0.          0.          0.          0.
  0.          0.          0.          0.          0.          0.          0.
  0.          0.          0.          0.          0.          0.          0.
  0.          0.          0.          0.          0.          0.          0.
  0.        ]
[-0.39050585 -0.73086296  0.14064128  0.2931646  -0.9690143  -0.40954498
 -0.40280351  0.60128721  0.55266737  0.76805518  0.09793234  0.47041043
  0.88466831 -0.28127084  0.44710677  0.4108309   0.4290617  -0.36281009
 -0.64548737  0.51425101 -0.16807848 -0.3624184   0.60049783  0.34289137
 -0.40219712  0.2677029   0.12522739  0.37970202  0.2031875   0.56096182
 -0.21318571 -0.54074306 -0.23203962 -0.42814558  0.63855413 -0.59118783
 -0.16410001 -0.3619566   0.45266457 -0.2029714  -0.32301706 -0.05771036
 -0.10701819 -0.04745476 -0.26463039 -0.0313054  -0.24839987 -0.03055231
 -0.22433141 -0.0314595   0.89759315 -0.04051715 -0.25499303 -0.04793955
 -0.01030009  0.79855746 -0.11148763 -0.13562407 -0.17579569 -0.40226723
 -0.59663001 -0.32884553  0.12841697 -0.15278242 -0.17278541 -0.2279857
 -0.19232725 -0.0554054   0.34523922  0.8312754   0.          0.          0.
  0.          0.          0.          0.          0.          0.          0.        ]
[ 0.60949415 -0.74013661  0.12301854  0.27780985  0.02927444  0.51574962
  0.45669576  0.38607509 -0.5641693   0.75154672  0.09287251  0.46511339
  0.63803222  0.33870014 -0.56269863 -0.55309924  0.59250105  0.12616324
  0.53172637  0.7252002   0.55613142  0.51304204  0.78425164  0.61320316
  0.55214066  0.2894531  -0.13892542  0.96761528  0.19737378 -0.55022047
  0.83354687  0.59449002  0.32468394 -0.11601652 -0.27466479  0.57392669
  0.37293164  0.62193059  0.27107165  0.12341824 -0.72184883  0.03851053
  0.54368474  0.46677145 -0.61061509 -0.53722864 -0.22363902  0.15121537
  0.53008979  0.          0.          0.          0.          0.          0.
  0.          0.          0.          0.          0.          0.          0.
  0.          0.          0.          0.          0.          0.          0.
  0.          0.          0.          0.          0.          0.          0.
  0.          0.          0.          0.        ]
[ 0.60949415 -0.74013661  0.12301854  0.27780985  0.02927444  0.51574962
  0.45669576  0.38607509 -0.5641693  -0.24845328  0.11504339  0.48877964
  0.38234893 -0.0873015  -0.16483274 -0.07658864  0.59210272 -0.06778892
 -0.46235301 -0.35229694 -0.38473745 -0.15104089  0.33585877 -0.48375684
 -0.28797576  0.70010617 -0.61659393  0.62350275  0.17723939  0.77940091
 -0.66012932 -0.10282057  0.75784039  0.56927991 -0.17337116  0.73139455
 -0.48436769 -0.20649263  0.58175752  0.86369147 -0.03315467  0.6259184
 -0.7274104   0.14687875  0.29875353  0.03162737 -0.47718537  0.4976517
 -0.599638    0.48224586  0.75024571  0.09250233  0.46472821  0.          0.
  0.          0.          0.          0.          0.          0.          0.
  0.          0.          0.          0.          0.          0.          0.
  0.          0.          0.          0.          0.          0.          0.
  0.          0.          0.          0.        ]
[-0.39050585 -0.73086296  0.14064128  0.2931646   0.0309857  -0.47911553
 -0.50558194 -0.52825164  0.58598017  0.77861187  0.10156564 -0.52574855
 -0.1581258  -0.24247514 -0.34125031 -0.06370701 -0.38580921 -0.06363124
  0.81174114 -0.07387048 -0.40660894 -0.31899023 -0.06538024 -0.15504486
 -0.37996997  0.61004775 -0.3212924  -0.03181314 -0.0593848  -0.02620262
 -0.16564893 -0.01773381 -0.17295564 -0.19319544 -0.37169951 -0.149895
 -0.04478834 -0.12512147 -0.09354617  0.74526455  0.86197732  0.72591039
  0.77321726 -0.07412608 -0.13423714 -0.11687993  0.86107735  0.96041316
 -0.01730128 -0.21384378 -0.44766933 -0.61381881 -0.33535906  0.12781269
 -0.15503595 -0.1741828  -0.22872946 -0.19265847 -0.05549651  0.34515326
  0.8311016   0.          0.          0.          0.          0.          0.
  0.          0.          0.          0.          0.          0.          0.
  0.          0.          0.          0.          0.          0.        ]
