0.469761299901,0.792344145054, 0.0
0.394126705009,0.528227785682, 1.0
0.621139541761,0.636317361287, 1.0
0.880070074432,0.839413874401, 1.0
0.974396735951,0.816403644038, 0.0
0.907395111621,0.745934096812, 1.0
0.991256506636,0.948535025178, 0.0
0.913248486793,0.862797357619, 0.0
0.469761299901,0.518369327583, 0.0
0.444670943897,0.543135687318, 0.0
0.548876734529,0.656743458883, 1.0
0.805400841231,0.765834537832, 1.0
0.961754665058,0.916039994483, 1.0
0.991316808434,0.831541149339, 1.0
0.999159948612,0.942718182002, 1.0
0.9998132693,0.967102335617, 1.0
0.999940711048,0.904514751145, 0.0
0.999604443361,0.943016896968, 1.0
0.999912135626,0.656627068952, 1.0
0.469761299901,0.518369327583, 0.0
0.444670943897,0.543135687318, 1.0
0.708222519874,0.761561571183, 0.0
0.60284922275,0.618435679232, 0.0
0.479717872858,0.590297704062, 1.0
0.77955274688,0.676057425354, 1.0
0.971900736109,0.92439824541, 1.0
0.993594500364,0.899884629589, 0.0
0.959788469614,0.916258005897, 1.0
0.990727127035,0.650972437436, 0.0
0.980419136023,0.820812201259, 1.0
0.998114190207,0.811644974914, 1.0
0.999840827068,0.953999977228, 1.0
0.999959091707,0.976704558501, 1.0
0.999984335723,0.903204080459, 1.0
0.999997686272,0.964075986463, 0.0
0.999968923973,0.835148783817, 1.0
0.999997073633,0.813008833395, 1.0
0.999999753535,0.954101154106, 1.0
0.999999936666,0.964077311649, 1.0
0.999999980964,0.90321550877, 1.0
0.999999997188,0.976724702429, 1.0
0.999999998923,0.835171572227, 1.0
0.999999999899,0.813010953023, 1.0
0.999999999991,0.954101311007, 1.0
0.999999999998,0.835171573015, 1.0
1.0,0.813010953096, 1.0
1.0,0.954101311013, 1.0
1.0,0.904558007648, 1.0
1.0,0.774999340228, 1.0
1.0,0.921362419786, 1.0
1.0,0.949913208128, 1.0
0.469761299901,0.518369327583, 0.0
0.444670943897,0.543135687318, 1.0
0.708222519874,0.761561571183, 1.0
0.887133068544,0.825363311772, 0.0
0.671095934992,0.719635519594, 0.0
0.468051296846,0.447343784905, 0.0
0.449225166271,0.573126751032, 1.0
0.751335248054,0.825566483801, 1.0
0.902585693613,0.596709306167, 1.0
0.994667323738,0.905745992945, 1.0
0.999163216617,0.934869891461, 1.0
0.999830707705,0.963977658107, 1.0
0.999949110841,0.92432249698, 1.0
0.999990870019,0.935441454104, 1.0
0.999998154346,0.909615168896, 1.0
0.999999711982,0.96407717934, 1.0
0.999999913434,0.976724661184, 1.0
0.999999966854,0.904557983465, 1.0
0.999999995049,0.943282733095, 1.0
0.469761299901,0.518369327583, 0.0
0.444670943897,0.543135687318, 1.0
0.708222519874,0.761561571183, 0.0
0.60284922275,0.618435679232, 0.0
0.479717872858,0.590297704062, 1.0
0.77955274688,0.676057425354, 1.0
0.971900736109,0.92439824541, 1.0
0.993594500364,0.902669494855, 1.0
0.999013622084,0.966646846997, 1.0
0.999686626702,0.656488237306, 1.0
0.999984868142,0.976717252122, 1.0
0.999994205927,0.935443757823, 1.0
0.999998828714,0.909615658359, 1.0
0.999999817219,0.96407724131, 1.0
0.469761299901,0.723383034962, 1.0
0.677381775996,0.788953106457, 0.0
0.621139541761,0.636317361287, 1.0
0.880070074432,0.839413874401, 1.0
0.974396735951,0.816403644038, 1.0
0.997457530688,0.811169640523, 1.0
0.999782818626,0.953963063265, 1.0
0.999944131418,0.943245189968, 1.0
0.469761299901,0.518369327583, 1.0
0.746295717435,0.753118455711, 1.0
0.883713084415,0.874880498537, 1.0
0.963917799021,0.881126094767, 1.0
0.993962037754,0.937800650587, 1.0
0.99866463188,0.836935975511, 1.0
0.999871436097,0.65660201549, 1.0
0.999993765121,0.976721633585, 1.0
0.999997612723,0.903213778859, 1.0
0.999999647344,0.909616252531, 1.0
0.999999944966,0.9354477211, 1.0
0.999999988875,0.964077342393, 1.0
0.999999996656,0.924358606958, 1.0
0.469761299901,0.518369327583, 0.0
0.444670943897,0.543135687318, 0.0
0.548876734529,0.656743458883, 1.0
0.805400841231,0.765834537832, 0.0
0.567645395069,0.649718908814, 1.0
0.841877506043,0.721818426191, 1.0
0.981579193114,0.930902802715, 1.0
0.995838861219,0.654119411156, 0.0
0.991110014485,0.82865221799, 1.0
0.999154328813,0.812398394828, 1.0
0.999928706303,0.954055923521, 1.0
0.99998167853,0.976715681395, 1.0
0.999992984592,0.909611416631, 1.0
0.999998905226,0.935447003075, 1.0
0.99999977869,0.964077218622, 0.0
0.999997027418,0.924356499904, 1.0
0.999999466717,0.83517118194, 1.0
0.999999949784,0.813010916722, 1.0
0.999999995771,0.95410130832, 1.0
0.999999998913,0.904558006855, 0.0
0.999999992745,0.943282731547, 1.0
0.999999998389,0.904558006473, 1.0
0.999999999759,0.774999340059, 1.0
0.999999999983,0.921362419774, 1.0
0.999999999997,0.949913208126, 1.0
0.999999999999,0.943282736423, 1.0
0.469761299901,0.518369327583, 0.0
0.444670943897,0.543135687318, 1.0
0.708222519874,0.761561571183, 0.0
0.60284922275,0.618435679232, 1.0
0.893443912606,0.869878756504, 0.0
0.603428671884,0.546741904772, 1.0
0.931054602413,0.896947044102, 1.0
0.983650708172,0.892629754164, 1.0
0.99751529426,0.941612854703, 1.0
0.999447009479,0.656340720069, 0.0
0.998808676826,0.906463402608, 1.0
0.999817544489,0.967104770134, 1.0
0.999942069243,0.941839116787, 1.0
