RMSE: 0.386360952318


Errors: (prediction - observation)

[ 0.79234415 -0.47177221 -0.36368264 -0.16058613  0.81640364 -0.2540659
  0.94853503  0.86279736  0.          0.          0.          0.          0.
  0.          0.          0.          0.          0.          0.          0.
  0.          0.          0.          0.          0.          0.          0.
  0.          0.          0.          0.          0.          0.          0.
  0.          0.          0.          0.          0.          0.          0.
  0.          0.          0.          0.          0.          0.          0.
  0.          0.          0.          0.          0.          0.          0.
  0.          0.          0.          0.          0.          0.          0.
  0.          0.          0.          0.          0.          0.          0.
  0.          0.          0.          0.          0.          0.          0.
  0.          0.          0.          0.        ]
[ 0.51836933  0.54313569 -0.34325654 -0.23416546 -0.08396001 -0.16845885
 -0.05728182 -0.03289766  0.90451475 -0.0569831  -0.34337293  0.          0.
  0.          0.          0.          0.          0.          0.          0.
  0.          0.          0.          0.          0.          0.          0.
  0.          0.          0.          0.          0.          0.          0.
  0.          0.          0.          0.          0.          0.          0.
  0.          0.          0.          0.          0.          0.          0.
  0.          0.          0.          0.          0.          0.          0.
  0.          0.          0.          0.          0.          0.          0.
  0.          0.          0.          0.          0.          0.          0.
  0.          0.          0.          0.          0.          0.          0.
  0.          0.          0.          0.        ]
[ 0.51836933 -0.45686431  0.76156157  0.61843568 -0.4097023  -0.32394257
 -0.07560175  0.89988463 -0.08374199  0.65097244 -0.1791878  -0.18835503
 -0.04600002 -0.02329544 -0.09679592  0.96407599 -0.16485122 -0.18699117
 -0.04589885 -0.03592269 -0.09678449 -0.0232753  -0.16482843 -0.18698905
 -0.04589869 -0.16482843 -0.18698905 -0.04589869 -0.09544199 -0.22500066
 -0.07863758 -0.05008679  0.          0.          0.          0.          0.
  0.          0.          0.          0.          0.          0.          0.
  0.          0.          0.          0.          0.          0.          0.
  0.          0.          0.          0.          0.          0.          0.
  0.          0.          0.          0.          0.          0.          0.
  0.          0.          0.          0.          0.          0.          0.
  0.          0.          0.          0.          0.          0.          0.
  0.        ]
[ 0.51836933 -0.45686431 -0.23843843  0.82536331  0.71963552  0.44734378
 -0.42687325 -0.17443352 -0.40329069 -0.09425401 -0.06513011 -0.03602234
 -0.0756775  -0.06455855 -0.09038483 -0.03592282 -0.02327534 -0.09544202
 -0.05671727  0.          0.          0.          0.          0.          0.
  0.          0.          0.          0.          0.          0.          0.
  0.          0.          0.          0.          0.          0.          0.
  0.          0.          0.          0.          0.          0.          0.
  0.          0.          0.          0.          0.          0.          0.
  0.          0.          0.          0.          0.          0.          0.
  0.          0.          0.          0.          0.          0.          0.
  0.          0.          0.          0.          0.          0.          0.
  0.          0.          0.          0.          0.          0.        ]
[ 0.51836933 -0.45686431  0.76156157  0.61843568 -0.4097023  -0.32394257
 -0.07560175 -0.09733051 -0.03335315 -0.34351176 -0.02328275 -0.06455624
 -0.09038434 -0.03592276  0.          0.          0.          0.          0.
  0.          0.          0.          0.          0.          0.          0.
  0.          0.          0.          0.          0.          0.          0.
  0.          0.          0.          0.          0.          0.          0.
  0.          0.          0.          0.          0.          0.          0.
  0.          0.          0.          0.          0.          0.          0.
  0.          0.          0.          0.          0.          0.          0.
  0.          0.          0.          0.          0.          0.          0.
  0.          0.          0.          0.          0.          0.          0.
  0.          0.          0.          0.          0.        ]
[-0.27661697  0.78895311 -0.36368264 -0.16058613 -0.18359636 -0.18883036
 -0.04603694 -0.05675481  0.          0.          0.          0.          0.
  0.          0.          0.          0.          0.          0.          0.
  0.          0.          0.          0.          0.          0.          0.
  0.          0.          0.          0.          0.          0.          0.
  0.          0.          0.          0.          0.          0.          0.
  0.          0.          0.          0.          0.          0.          0.
  0.          0.          0.          0.          0.          0.          0.
  0.          0.          0.          0.          0.          0.          0.
  0.          0.          0.          0.          0.          0.          0.
  0.          0.          0.          0.          0.          0.          0.
  0.          0.          0.          0.        ]
[-0.48163067 -0.24688154 -0.1251195  -0.11887391 -0.06219935 -0.16306402
 -0.34339798 -0.02327837 -0.09678622 -0.09038375 -0.06455228 -0.03592266
 -0.07564139  0.          0.          0.          0.          0.          0.
  0.          0.          0.          0.          0.          0.          0.
  0.          0.          0.          0.          0.          0.          0.
  0.          0.          0.          0.          0.          0.          0.
  0.          0.          0.          0.          0.          0.          0.
  0.          0.          0.          0.          0.          0.          0.
  0.          0.          0.          0.          0.          0.          0.
  0.          0.          0.          0.          0.          0.          0.
  0.          0.          0.          0.          0.          0.          0.
  0.          0.          0.          0.          0.        ]
[ 0.51836933  0.54313569 -0.34325654  0.76583454 -0.35028109 -0.27818157
 -0.0690972   0.65411941 -0.17134778 -0.18760161 -0.04594408 -0.02328432
 -0.09038858 -0.064553    0.96407722 -0.0756435  -0.16482882 -0.18698908
 -0.04589869  0.90455801 -0.05671727 -0.09544199 -0.22500066 -0.07863758
 -0.05008679 -0.05671726  0.          0.          0.          0.          0.
  0.          0.          0.          0.          0.          0.          0.
  0.          0.          0.          0.          0.          0.          0.
  0.          0.          0.          0.          0.          0.          0.
  0.          0.          0.          0.          0.          0.          0.
  0.          0.          0.          0.          0.          0.          0.
  0.          0.          0.          0.          0.          0.          0.
  0.          0.          0.          0.          0.          0.          0.        ]
[ 0.51836933 -0.45686431  0.76156157 -0.38156432  0.86987876 -0.4532581
 -0.10305296 -0.10737025 -0.05838715  0.65634072 -0.0935366  -0.03289523
 -0.05816088  0.          0.          0.          0.          0.          0.
  0.          0.          0.          0.          0.          0.          0.
  0.          0.          0.          0.          0.          0.          0.
  0.          0.          0.          0.          0.          0.          0.
  0.          0.          0.          0.          0.          0.          0.
  0.          0.          0.          0.          0.          0.          0.
  0.          0.          0.          0.          0.          0.          0.
  0.          0.          0.          0.          0.          0.          0.
  0.          0.          0.          0.          0.          0.          0.
  0.          0.          0.          0.          0.        ]
