0,2,9,3,10,7,8,5,6,1,17,11,14,13,16,15,12,4,0,2,-1
0,2,0,2,-1,-1,-1,-1,-1,-1,-1,-1,-1,-1,-1,-1,-1,-1,-1,-1,-1
0,2,9,3,10,7,8,5,6,17,11,14,13,16,15,0,2,-1,-1,-1,-1
0,2,0,2,-1,-1,-1,-1,-1,-1,-1,-1,-1,-1,-1,-1,-1,-1,-1,-1,-1
0,2,-1,-1,-1,-1,-1,-1,-1,-1,-1,-1,-1,-1,-1,-1,-1,-1,-1,-1,-1
0,2,1,9,17,11,14,13,16,15,0,2,-1,-1,-1,-1,-1,-1,-1,-1,-1
0,2,17,11,14,13,16,15,1,9,12,4,3,10,7,8,5,6,0,2,-1
0,2,0,2,-1,-1,-1,-1,-1,-1,-1,-1,-1,-1,-1,-1,-1,-1,-1,-1,-1
0,2,0,-1,-1,-1,-1,-1,-1,-1,-1,-1,-1,-1,-1,-1,-1,-1,-1,-1,-1
0,2,-1,-1,-1,-1,-1,-1,-1,-1,-1,-1,-1,-1,-1,-1,-1,-1,-1,-1,-1
0,2,-1,-1,-1,-1,-1,-1,-1,-1,-1,-1,-1,-1,-1,-1,-1,-1,-1,-1,-1
0,2,0,2,-1,-1,-1,-1,-1,-1,-1,-1,-1,-1,-1,-1,-1,-1,-1,-1,-1
0,2,12,4,0,2,-1,-1,-1,-1,-1,-1,-1,-1,-1,-1,-1,-1,-1,-1,-1
0,2,1,17,11,14,13,16,15,9,12,4,10,7,8,5,6,3,0,2,-1
0,2,0,2,-1,-1,-1,-1,-1,-1,-1,-1,-1,-1,-1,-1,-1,-1,-1,-1,-1
0,2,3,10,7,8,5,6,12,4,1,9,17,11,14,13,16,15,0,2,-1
0,2,0,2,-1,-1,-1,-1,-1,-1,-1,-1,-1,-1,-1,-1,-1,-1,-1,-1,-1
0,2,12,4,0,2,-1,-1,-1,-1,-1,-1,-1,-1,-1,-1,-1,-1,-1,-1,-1
0,2,12,4,17,11,14,13,16,15,3,10,7,8,5,6,9,1,0,2,-1
0,2,3,10,7,8,5,6,0,2,-1,-1,-1,-1,-1,-1,-1,-1,-1,-1,-1
0,2,12,4,0,2,-1,-1,-1,-1,-1,-1,-1,-1,-1,-1,-1,-1,-1,-1,-1
0,2,3,10,7,10,7,8,5,6,0,2,-1,-1,-1,-1,-1,-1,-1,-1,-1
0,2,12,4,3,10,7,8,5,6,17,11,14,13,16,15,9,1,0,2,-1
0,2,0,2,-1,-1,-1,-1,-1,-1,-1,-1,-1,-1,-1,-1,-1,-1,-1,-1,-1
0,2,0,2,-1,-1,-1,-1,-1,-1,-1,-1,-1,-1,-1,-1,-1,-1,-1,-1,-1
0,2,0,2,-1,-1,-1,-1,-1,-1,-1,-1,-1,-1,-1,-1,-1,-1,-1,-1,-1
0,2,0,2,-1,-1,-1,-1,-1,-1,-1,-1,-1,-1,-1,-1,-1,-1,-1,-1,-1
0,2,12,4,0,2,-1,-1,-1,-1,-1,-1,-1,-1,-1,-1,-1,-1,-1,-1,-1
0,2,0,2,-1,-1,-1,-1,-1,-1,-1,-1,-1,-1,-1,-1,-1,-1,-1,-1,-1
0,2,12,4,9,17,11,14,13,16,15,1,3,10,7,8,5,6,0,2,-1
2,0,2,-1,-1,-1,-1,-1,-1,-1,-1,-1,-1,-1,-1,-1,-1,-1,-1,-1,-1
0,2,0,2,-1,-1,-1,-1,-1,-1,-1,-1,-1,-1,-1,-1,-1,-1,-1,-1,-1
0,2,17,11,14,13,16,15,3,10,7,8,5,6,1,9,12,4,0,2,-1
0,2,9,12,4,1,3,10,7,8,5,6,17,11,14,13,16,15,0,2,-1
0,2,3,10,7,8,5,6,9,12,4,17,11,14,13,16,15,1,0,2,-1
0,2,9,12,4,3,10,7,8,5,6,1,17,11,14,13,16,15,0,2,-1
0,2,1,0,2,-1,-1,-1,-1,-1,-1,-1,-1,-1,-1,-1,-1,-1,-1,-1,-1
0,2,0,2,-1,-1,-1,-1,-1,-1,-1,-1,-1,-1,-1,-1,-1,-1,-1,-1,-1
0,2,0,2,-1,-1,-1,-1,-1,-1,-1,-1,-1,-1,-1,-1,-1,-1,-1,-1,-1
0,2,17,11,14,13,16,15,3,10,7,8,5,6,9,12,4,1,0,2,-1
0,2,9,3,10,7,8,5,6,1,17,11,14,13,16,15,12,4,0,2,-1
0,2,0,2,-1,-1,-1,-1,-1,-1,-1,-1,-1,-1,-1,-1,-1,-1,-1,-1,-1
0,2,0,2,-1,-1,-1,-1,-1,-1,-1,-1,-1,-1,-1,-1,-1,-1,-1,-1,-1
0,2,17,11,14,13,16,15,12,4,1,3,10,7,8,5,6,9,0,2,-1
0,2,9,3,10,7,8,5,6,12,4,17,11,14,13,16,15,1,0,2,-1
0,2,0,2,-1,-1,-1,-1,-1,-1,-1,-1,-1,-1,-1,-1,-1,-1,-1,-1,-1
0,2,0,-1,-1,-1,-1,-1,-1,-1,-1,-1,-1,-1,-1,-1,-1,-1,-1,-1,-1
0,2,1,9,3,10,7,8,5,6,12,4,17,11,14,13,16,15,0,2,-1
0,2,12,4,1,17,11,14,13,16,15,9,3,10,7,8,5,6,0,2,-1
0,2,17,11,14,13,15,16,1,12,4,3,10,7,8,5,6,9,0,2,-1
0,2,1,9,12,4,17,11,14,13,16,15,3,10,7,8,5,6,0,2,-1
0,2,0,2,-1,-1,-1,-1,-1,-1,-1,-1,-1,-1,-1,-1,-1,-1,-1,-1,-1
0,2,0,2,-1,-1,-1,-1,-1,-1,-1,-1,-1,-1,-1,-1,-1,-1,-1,-1,-1
0,2,0,2,-1,-1,-1,-1,-1,-1,-1,-1,-1,-1,-1,-1,-1,-1,-1,-1,-1
0,2,1,3,10,7,8,5,6,12,4,17,11,14,13,16,15,9,0,2,-1
0,2,0,2,-1,-1,-1,-1,-1,-1,-1,-1,-1,-1,-1,-1,-1,-1,-1,-1,-1
0,2,9,1,3,10,7,8,5,6,12,4,17,11,14,13,16,15,0,2,-1
0,2,12,4,3,10,7,8,5,6,1,9,17,11,14,13,16,15,0,2,-1
2,0,2,-1,-1,-1,-1,-1,-1,-1,-1,-1,-1,-1,-1,-1,-1,-1,-1,-1,-1
0,2,0,2,-1,-1,-1,-1,-1,-1,-1,-1,-1,-1,-1,-1,-1,-1,-1,-1,-1
0,2,17,11,14,13,16,15,0,2,-1,-1,-1,-1,-1,-1,-1,-1,-1,-1,-1
0,2,0,2,-1,-1,-1,-1,-1,-1,-1,-1,-1,-1,-1,-1,-1,-1,-1,-1,-1
0,2,17,11,14,13,16,15,9,1,12,4,3,10,7,8,5,6,0,2,-1
0,2,0,2,-1,-1,-1,-1,-1,-1,-1,-1,-1,-1,-1,-1,-1,-1,-1,-1,-1
0,2,9,1,17,11,14,13,16,15,3,10,7,8,5,6,12,4,0,2,-1
0,2,3,10,7,8,5,6,17,11,14,13,16,15,9,1,12,4,0,2,-1
0,2,0,2,-1,-1,-1,-1,-1,-1,-1,-1,-1,-1,-1,-1,-1,-1,-1,-1,-1
0,2,0,2,-1,-1,-1,-1,-1,-1,-1,-1,-1,-1,-1,-1,-1,-1,-1,-1,-1
0,2,0,2,-1,-1,-1,-1,-1,-1,-1,-1,-1,-1,-1,-1,-1,-1,-1,-1,-1
