0.2889196203,0.7641282208, 1.0
0.465893412084,0.487802605067, 1.0
0.689372830039,0.570620320944, 1.0
0.836892014808,0.589014698395, 0.0
0.911820487848,0.763543675433, 1.0
0.954465670919,0.635494209509, 1.0
0.2889196203,0.7641282208, 1.0
0.465893412084,0.487802605067, 0.0
0.639313887329,0.571071342798, 0.0
0.770229271785,0.589636513856, 0.0
0.861760865162,0.764793927287, 1.0
0.927367316195,0.63710906973, 1.0
0.962941906617,0.790063295833, 1.0
0.981704696145,0.539416479112, 0.0
0.992312095979,0.509963945518, 1.0
0.996001029786,0.622996613534, 1.0
0.2889196203,0.566409219724, 0.0
0.2889196203,0.566409219724, 0.0
0.418728294949,0.763227022404, 1.0
