0.143336586916,0.755521723072, 1.0
0.279216930719,0.94103972183, 0.0
0.265545642291,0.581355498351, 1.0
0.435167913242,0.810474000768, 1.0
0.539732840527,0.894379388231, 1.0
0.616169295577,0.848090011793, 0.0
0.571013786591,0.983136806906, 1.0
0.143336586916,0.755521723072, 0.0
0.147911843991,0.727055322425, 1.0
0.265545642291,0.581355498351, 0.0
0.242056997295,0.520498268297, 1.0
0.46464284694,0.836780309797, 0.0
0.328198826191,0.843416304989, 1.0
0.45144246249,0.693700375004, 1.0
0.627555840368,0.848849778385, 1.0
0.143336586916,0.72885427434, 1.0
0.281839541508,0.858414292427, 1.0
0.143336586916,0.755521723072, 0.0
0.147911843991,0.727055322425, 1.0
0.265545642291,0.581355498351, 1.0
0.435167913242,0.810474000768, 1.0
0.539732840527,0.894379388231, 1.0
0.616169295577,0.848090011793, 1.0
0.685578363411,0.911227882808, 0.0
0.630994442445,0.846500341786, 1.0
0.700622254907,0.888146697139, 1.0
0.752728803608,0.977162933422, 1.0
0.788320148724,0.79828975082, 1.0
0.834015008528,0.919277648018, 1.0
0.862511534584,0.869308711464, 1.0
0.143336586916,0.755521723072, 0.0
0.147911843991,0.727055322425, 1.0
