0.081465139596,0.647426477817, 0.0
0.344866206056,0.510261931793, 1.0
0.538202597784,0.71182228403, 1.0
0.781030806613,0.678630174652, 1.0
0.924167579815,0.634828947756, 1.0
0.983566213426,0.724710348534, 1.0
0.996780155352,0.809707344263, 1.0
0.999344487719,0.797159009616, 1.0
0.999873091228,0.674012441078, 1.0
0.999979042719,0.733729396332, 1.0
0.999996280028,0.852825931751, 1.0
0.999999233038,0.767121195013, 1.0
0.999999862398,0.914053080415, 1.0
0.999999968875,0.797534711899, 0.0
0.081465139596,0.647426477817, 1.0
0.250029512094,0.681611637901, 0.0
0.554486018099,0.545502787272, 0.0
0.84007403786,0.709508017416, 1.0
0.951168640648,0.64878148764, 0.0
0.975523090119,0.719860823589, 1.0
0.081465139596,0.647426477817, 1.0
0.250029512094,0.481174007593, 1.0
0.572130109666,0.726047516767, 1.0
0.8023296877,0.690085764449, 1.0
0.081465139596,0.647426477817, 1.0
0.250029512094,0.481174007593, 1.0
0.572130109666,0.726047516767, 1.0
0.8023296877,0.690085764449, 1.0
0.934561289346,0.640198091495, 1.0
0.986155398126,0.726132210306, 1.0
0.997303650192,0.795998467103, 1.0
0.9994618837,0.673794993804, 1.0
0.081465139596,0.647426477817, 1.0
0.250029512094,0.481174007593, 1.0
0.572130109666,0.726047516767, 1.0
0.8023296877,0.690085764449, 1.0
0.934561289346,0.774936182599, 1.0
0.983996113038,0.665693179584, 0.0
0.991262271411,0.806375401646, 0.0
0.994061231216,0.670753631708, 0.0
0.997013900956,0.85098251855, 1.0
0.999673184549,0.766929934909, 1.0
0.999951862797,0.914028034703, 1.0
0.999989400992,0.73373511846, 0.0
0.999993387264,0.797530750139, 0.0
0.999995289759,0.674077126902, 0.0
0.999997569228,0.85282653883, 1.0
0.99999976327,0.767121493666, 1.0
0.999999967321,0.914053134719, 1.0
0.999999992927,0.674079787412, 0.0
0.999999996026,0.733741089579, 1.0
0.999999999495,0.852828054571, 1.0
0.999999999902,0.767121633565, 1.0
0.999999999983,0.914053151832, 1.0
0.081465139596,0.488463111629, 1.0
0.081465139596,0.647426477817, 1.0
0.250029512094,0.481174007593, 1.0
0.572130109666,0.726047516767, 1.0
0.8023296877,0.690085764449, 0.0
0.081465139596,0.528285002881, 0.0
0.314328254226,0.696226461432, 1.0
0.545922421212,0.570587080694, 1.0
0.786489780365,0.56634563048, 1.0
0.933124137471,0.69744563566, 1.0
0.984832088578,0.788956565834, 1.0
0.996811030097,0.672398648365, 0.0
0.998188375083,0.732700191864, 1.0
0.999745702276,0.852682333671, 1.0
0.999948997377,0.767092479941, 1.0
0.99999085354,0.914048409234, 1.0
0.99999792467,0.797533526316, 1.0
0.999999621793,0.674079589503, 1.0
