0.405941757085,0.783281956361, 0.0
0.507954775009,0.675029851, 1.0
0.688966597913,0.727354905343, 1.0
0.777003028261,0.74033563059, 1.0
0.837011629574,0.746896942384, 1.0
0.405941757085,0.783281956361, 0.0
0.507954775009,0.675029851, 1.0
0.688966597913,0.727354905343, 1.0
0.777003028261,0.74033563059, 1.0
0.837011629574,0.746896942384, 1.0
0.881252163005,0.751426954397, 1.0
0.913905356347,0.754692624828, 0.0
0.886489516362,0.745303418091, 0.0
0.82969675943,0.735576183731, 1.0
0.405941757085,0.783281956361, 0.0
0.405941757085,0.783281956361, 1.0
0.626380028933,0.793686960443, 1.0
0.769005857933,0.783246624827, 1.0
0.850369138458,0.775740893403, 0.0
0.905510189992,0.752837417783, 1.0
0.931456452674,0.755742946848, 1.0
0.95043683067,0.757810188758, 1.0
0.964260220203,0.759283992808, 0.0
0.951325431879,0.755310490317, 1.0
0.964327261027,0.757537380497, 1.0
0.973973593857,0.759118132364, 1.0
0.981076019243,0.760234708034, 1.0
0.986276154098,0.761020877593, 1.0
0.990067633489,0.761573298448, 1.0
0.99282332547,0.761961012961, 1.0
0.994821322726,0.762232964696, 1.0
0.996267183596,0.762423677659, 0.0
0.994531534097,0.762012350978, 1.0
0.996028629725,0.762271639127, 0.0
0.993642809603,0.761855567799, 1.0
0.995379564603,0.762162155148, 1.0
0.996647725297,0.762376199785, 0.0
0.994679082631,0.762022751795, 1.0
0.996133868456,0.762279077603, 1.0
0.997195598055,0.76245796354, 0.0
0.995549711015,0.762161920519, 0.0
0.992715958018,0.761702583695, 1.0
0.994704041049,0.762055156783, 1.0
0.996156554465,0.762301381768, 1.0
0.997215027253,0.762473313388, 0.0
0.995635262512,0.762177170199, 1.0
0.996829575724,0.762387020429, 1.0
0.997700765872,0.762533422491, 1.0
0.998334879032,0.762635583187, 0.0
0.99739564651,0.762457951822, 1.0
0.998109061028,0.762583216051, 1.0
0.998629065648,0.762670547208, 1.0
0.999007362807,0.762731459316, 1.0
0.999282107839,0.762773967214, 1.0
0.999481351921,0.762803649172, 1.0
0.999625653554,0.762824388178, 1.0
0.999730040536,0.762838888068, 1.0
0.405941757085,0.783281956361, 0.0
0.507954775009,0.675029851, 1.0
0.688966597913,0.727354905343, 1.0
0.777003028261,0.74033563059, 0.0
0.71386744836,0.718259782718, 1.0
0.779819861433,0.73005727733, 1.0
0.833064544678,0.738892242466, 0.0
0.762833986923,0.725067630668, 1.0
0.818087410749,0.73499679017, 1.0
0.862781920257,0.742616391326, 1.0
0.897801890972,0.748311223181, 1.0
0.924601950043,0.752485103746, 1.0
0.405941757085,0.783281956361, 1.0
0.626380028933,0.793686960443, 1.0
0.769005857933,0.783246624827, 1.0
0.850369138458,0.775740893403, 1.0
0.900773303078,0.771081085849, 1.0
0.933271131265,0.768162624042, 1.0
0.954716495804,0.766303958646, 0.0
0.971893431478,0.759715954659, 1.0
0.979727847074,0.760644957313, 0.0
0.971427477567,0.758405727216, 1.0
0.979147387349,0.759735364517, 1.0
0.984830006338,0.760671939155, 1.0
0.988991436933,0.761329917414, 1.0
0.992027050429,0.761791435209, 0.0
0.987815083127,0.760938767789, 1.0
0.991134764309,0.76151969681, 1.0
0.993563773242,0.761926248631, 1.0
0.995335455018,0.762210561882, 1.0
0.996624434594,0.762409337146, 1.0
0.997560301898,0.76254831477, 0.0
0.996287527906,0.762284403903, 1.0
0.997304278454,0.762461927979, 1.0
0.998045564258,0.762585757739, 1.0
0.998584906333,0.762672160436, 1.0
0.998976629232,0.762732474862, 1.0
0.999260702272,0.762774600287, 1.0
0.999466432101,0.762804039121, 1.0
0.999615246634,0.762824624778, 0.0
0.999426987437,0.762782401425, 1.0
0.999584276188,0.762809722714, 1.0
0.999698781312,0.762828758673, 1.0
0.99978200459,0.762842031022, 1.0
0.999842403484,0.762851291335, 1.0
0.999886179741,0.762857756959, 1.0
0.999917870064,0.762862274495, 1.0
0.999940786086,0.762865433112, 0.0
0.999911897154,0.762858928831, 1.0
0.999936088318,0.762863129681, 0.0
0.99989731088,0.762856394267, 1.0
0.999925471476,0.762861364062, 1.0
0.999945980137,0.762864825189, 1.0
0.405941757085,0.783281956361, 0.0
0.507954775009,0.675029851, 0.0
0.369343797926,0.652316246078, 0.0
0.277155010094,0.639050833805, 1.0
0.417948497637,0.680800030004, 1.0
0.533383388864,0.700825633133, 1.0
0.633861009758,0.715793986088, 1.0
0.718851788093,0.727753116764, 1.0
0.787903168408,0.737087253875, 1.0
0.842161590354,0.744170823701, 1.0
0.883732778269,0.749429020381, 1.0
0.914997661532,0.753269715291, 1.0
0.938196996944,0.756043039304, 1.0
0.955245364076,0.758029675328, 1.0
0.967686550114,0.759445002382, 1.0
0.976720114744,0.760449610135, 1.0
0.405941757085,0.783281956361, 1.0
0.626380028933,0.793686960443, 1.0
0.769005857933,0.783246624827, 1.0
0.850369138458,0.775740893403, 1.0
0.900773303078,0.771081085849, 0.0
0.938735874727,0.756243314796, 1.0
0.955677724119,0.758172280604, 0.0
0.938826555995,0.753332562741, 0.0
0.904716049631,0.747591890901, 1.0
0.929296574597,0.751975099798, 1.0
0.947950203424,0.755146508532, 1.0
0.961907387272,0.757416662738, 1.0
0.972244023401,0.75902972405, 1.0
0.979842441069,0.760170216662, 0.0
0.969541381616,0.758042346822, 1.0
0.97774806041,0.759479160153, 1.0
0.983798816901,0.760491922173, 1.0
0.988235364232,0.761203704485, 1.0
0.991474821549,0.761703056803, 1.0
0.993832673971,0.762053021564, 0.0
0.990637301433,0.761388915628, 1.0
0.9931928163,0.761835275902, 1.0
0.995060353645,0.762147314708, 1.0
0.996421320986,0.76236537134, 1.0
0.997410882458,0.762517747514, 1.0
0.998129046709,0.76262424838, 0.0
0.405941757085,0.783281956361, 1.0
0.626380028933,0.793686960443, 1.0
0.769005857933,0.783246624827, 1.0
0.850369138458,0.775740893403, 1.0
0.900773303078,0.771081085849, 1.0
0.933271131265,0.768162624042, 1.0
0.954716495804,0.766303958646, 0.0
0.971893431478,0.759715954659, 0.0
0.96023371498,0.756646106975, 0.0
0.937045625901,0.752773693189, 0.0
0.901038287517,0.746968745334, 0.0
0.848201386236,0.738474077116, 0.0
0.77533916864,0.726762496312, 0.0
0.682893606187,0.711903440302, 1.0
0.751689023167,0.724518013462, 1.0
0.809692725112,0.734566047415, 0.0
0.730854597268,0.719860981527, 1.0
0.7918752277,0.730900484904, 1.0
0.842040629621,0.739499048458, 1.0
0.881815784374,0.745995413664, 1.0
0.912517691731,0.750794377554, 1.0
0.935755819967,0.754282557282, 1.0
0.953096474233,0.756789270399, 1.0
0.965904266201,0.758576564699, 1.0
0.975294208124,0.759844148119, 1.0
0.982141391402,0.760739985405, 1.0
0.987114701043,0.761371674584, 1.0
0.990716379731,0.761816492197, 1.0
0.993318952377,0.762129481211, 1.0
0.995196371471,0.762349635035, 0.0
0.993206150866,0.761811330732, 1.0
0.995065846907,0.762130884855, 1.0
0.996422566938,0.762354103214, 0.0
0.994371866179,0.761975097854, 1.0
0.995910588545,0.762245732228, 0.0
0.993419234805,0.761818782627, 0.0
0.989233496068,0.761142751658, 1.0
0.992165722509,0.761663023714, 0.0
0.98738901881,0.76085186567, 0.0
0.979454157843,0.759571174135, 0.0
0.966681984098,0.757517622748, 1.0
0.975628919119,0.759108460759, 1.0
0.982238911518,0.760231038506, 1.0
0.987092899194,0.761020550839, 1.0
0.405941757085,0.783281956361, 0.0
0.507954775009,0.675029851, 1.0
0.688966597913,0.727354905343, 1.0
0.777003028261,0.74033563059, 1.0
0.837011629574,0.746896942384, 1.0
0.881252163005,0.751426954397, 1.0
