RMSE: 0.430540473814


Errors: (prediction - observation)

[ 0.78328196 -0.32497015 -0.27264509 -0.25966437 -0.25310306  0.          0.
  0.          0.          0.          0.          0.          0.          0.
  0.          0.          0.          0.          0.          0.          0.
  0.          0.          0.          0.          0.          0.          0.
  0.          0.          0.          0.          0.          0.          0.
  0.          0.          0.          0.          0.          0.          0.
  0.          0.          0.          0.          0.          0.          0.
  0.          0.          0.          0.          0.          0.          0.
  0.          0.          0.          0.          0.        ]
[ 0.78328196 -0.32497015 -0.27264509 -0.25966437 -0.25310306 -0.24857305
  0.75469262  0.74530342 -0.26442382  0.          0.          0.          0.
  0.          0.          0.          0.          0.          0.          0.
  0.          0.          0.          0.          0.          0.          0.
  0.          0.          0.          0.          0.          0.          0.
  0.          0.          0.          0.          0.          0.          0.
  0.          0.          0.          0.          0.          0.          0.
  0.          0.          0.          0.          0.          0.          0.
  0.          0.          0.          0.          0.          0.        ]
[ 0.78328196  0.          0.          0.          0.          0.          0.
  0.          0.          0.          0.          0.          0.          0.
  0.          0.          0.          0.          0.          0.          0.
  0.          0.          0.          0.          0.          0.          0.
  0.          0.          0.          0.          0.          0.          0.
  0.          0.          0.          0.          0.          0.          0.
  0.          0.          0.          0.          0.          0.          0.
  0.          0.          0.          0.          0.          0.          0.
  0.          0.          0.          0.          0.        ]
[-0.21671804 -0.20631304 -0.21675338  0.77574089 -0.24716258 -0.24425705
 -0.24218981  0.75928399 -0.24468951 -0.24246262 -0.24088187 -0.23976529
 -0.23897912 -0.2384267  -0.23803899 -0.23776704  0.76242368 -0.23798765
  0.76227164 -0.23814443 -0.23783784  0.7623762  -0.23797725 -0.23772092
  0.76245796  0.76216192 -0.23829742 -0.23794484 -0.23769862  0.76247331
 -0.23782283 -0.23761298 -0.23746658  0.76263558 -0.23754205 -0.23741678
 -0.23732945 -0.23726854 -0.23722603 -0.23719635 -0.23717561 -0.23716111
  0.          0.          0.          0.          0.          0.          0.
  0.          0.          0.          0.          0.          0.          0.
  0.          0.          0.          0.          0.        ]
[ 0.78328196 -0.32497015 -0.27264509  0.74033563 -0.28174022 -0.26994272
  0.73889224 -0.27493237 -0.26500321 -0.25738361 -0.25168878 -0.2475149   0.
  0.          0.          0.          0.          0.          0.          0.
  0.          0.          0.          0.          0.          0.          0.
  0.          0.          0.          0.          0.          0.          0.
  0.          0.          0.          0.          0.          0.          0.
  0.          0.          0.          0.          0.          0.          0.
  0.          0.          0.          0.          0.          0.          0.
  0.          0.          0.          0.          0.          0.        ]
[-0.21671804 -0.20631304 -0.21675338 -0.22425911 -0.22891891 -0.23183738
  0.76630396 -0.24028405  0.76064496 -0.24159427 -0.24026464 -0.23932806
 -0.23867008  0.76179144 -0.23906123 -0.2384803  -0.23807375 -0.23778944
 -0.23759066  0.76254831 -0.2377156  -0.23753807 -0.23741424 -0.23732784
 -0.23726753 -0.2372254  -0.23719596  0.76282462 -0.2372176  -0.23719028
 -0.23717124 -0.23715797 -0.23714871 -0.23714224 -0.23713773  0.76286543
 -0.23714107  0.76286313 -0.23714361 -0.23713864 -0.23713517  0.          0.
  0.          0.          0.          0.          0.          0.          0.
  0.          0.          0.          0.          0.          0.          0.
  0.          0.          0.          0.        ]
[ 0.78328196  0.67502985  0.65231625 -0.36094917 -0.31919997 -0.29917437
 -0.28420601 -0.27224688 -0.26291275 -0.25582918 -0.25057098 -0.24673028
 -0.24395696 -0.24197032 -0.240555   -0.23955039  0.          0.          0.
  0.          0.          0.          0.          0.          0.          0.
  0.          0.          0.          0.          0.          0.          0.
  0.          0.          0.          0.          0.          0.          0.
  0.          0.          0.          0.          0.          0.          0.
  0.          0.          0.          0.          0.          0.          0.
  0.          0.          0.          0.          0.          0.          0.        ]
[-0.21671804 -0.20631304 -0.21675338 -0.22425911  0.77108109 -0.24375669
  0.75817228  0.75333256 -0.25240811 -0.2480249  -0.24485349 -0.24258334
 -0.24097028  0.76017022 -0.24195765 -0.24052084 -0.23950808 -0.2387963
 -0.23829694  0.76205302 -0.23861108 -0.23816472 -0.23785269 -0.23763463
 -0.23748225  0.76262425  0.          0.          0.          0.          0.
  0.          0.          0.          0.          0.          0.          0.
  0.          0.          0.          0.          0.          0.          0.
  0.          0.          0.          0.          0.          0.          0.
  0.          0.          0.          0.          0.          0.          0.
  0.          0.        ]
[-0.21671804 -0.20631304 -0.21675338 -0.22425911 -0.22891891 -0.23183738
  0.76630396  0.75971595  0.75664611  0.75277369  0.74696875  0.73847408
  0.7267625  -0.28809656 -0.27548199  0.73456605 -0.28013902 -0.26909952
 -0.26050095 -0.25400459 -0.24920562 -0.24571744 -0.24321073 -0.24142344
 -0.24015585 -0.23926001 -0.23862833 -0.23818351 -0.23787052  0.76234964
 -0.23818867 -0.23786912  0.7623541  -0.2380249   0.76224573  0.76181878
 -0.23885725  0.76166302  0.76085187  0.75957117 -0.24248238 -0.24089154
 -0.23976896 -0.23897945  0.          0.          0.          0.          0.
  0.          0.          0.          0.          0.          0.          0.
  0.          0.          0.          0.          0.        ]
[ 0.78328196 -0.32497015 -0.27264509 -0.25966437 -0.25310306 -0.24857305
  0.          0.          0.          0.          0.          0.          0.
  0.          0.          0.          0.          0.          0.          0.
  0.          0.          0.          0.          0.          0.          0.
  0.          0.          0.          0.          0.          0.          0.
  0.          0.          0.          0.          0.          0.          0.
  0.          0.          0.          0.          0.          0.          0.
  0.          0.          0.          0.          0.          0.          0.
  0.          0.          0.          0.          0.          0.        ]
