0.058075113265,0.440107090307, 1.0
0.108374247352,0.552706412466, 0.0
0.0495668594172,0.530569564764, 1.0
0.0865661188887,0.585992003654, 1.0
0.131058860672,0.636968225097, 1.0
0.178525209702,0.675542790606, 0.0
0.126423721296,0.62991887819, 1.0
0.058075113265,0.440107090307, 1.0
0.108374247352,0.552706412466, 1.0
0.191049731121,0.602276968698, 1.0
0.267857473441,0.655721175554, 0.0
0.165952103414,0.589905075187, 1.0
0.236506619453,0.645229478395, 1.0
0.305346958665,0.687124819367, 1.0
0.367564713423,0.715128682176, 1.0
0.422788341217,0.73285602332, 0.0
0.33095763228,0.70729416716, 1.0
0.386463017349,0.726986691553, 1.0
0.436821021183,0.739544472098, 1.0
0.483374296054,0.74797963471, 1.0
0.527094177963,0.754142555177, 0.0
0.441986938203,0.74322239391, 1.0
0.486588133585,0.749894960781, 1.0
0.058075113265,0.440107090307, 1.0
0.108374247352,0.552706412466, 1.0
0.191049731121,0.602276968698, 1.0
0.267857473441,0.655721175554, 1.0
0.338837381496,0.695334255019, 1.0
0.401473202716,0.721330485726, 1.0
0.456333610178,0.737674391786, 1.0
0.505275469168,0.748161826077, 1.0
0.549934105597,0.755356561516, 1.0
0.591344354673,0.760742838697, 1.0
0.630042964161,0.765113276157, 1.0
0.66625729467,0.768871316805, 0.0
0.585543006561,0.760756896389, 0.0
0.501048038871,0.751481843257, 0.0
0.417215904657,0.740421920628, 0.0
0.337454418246,0.725754018235, 1.0
0.384501151609,0.736344884732, 1.0
0.058075113265,0.440107090307, 1.0
0.108374247352,0.552706412466, 0.0
0.0495668594172,0.530569564764, 1.0
0.0865661188887,0.585992003654, 1.0
0.058075113265,0.440107090307, 0.0
0.0215895479528,0.499266808702, 0.0
0.0142921170658,0.50061902399, 1.0
0.0326796047599,0.552604410563, 1.0
0.0595317994335,0.605971332608, 1.0
0.0927004001228,0.650039606359, 1.0
0.129225078862,0.681448165305, 1.0
0.167175149778,0.702030401117, 1.0
0.205845403933,0.715271774586, 1.0
0.245171817405,0.72415208502, 1.0
0.285240961844,0.730639108564, 1.0
0.326065133193,0.735877971684, 1.0
0.367523691286,0.740485916658, 1.0
0.409374800693,0.744774406155, 1.0
0.451289255825,0.748886818798, 0.0
0.375345065057,0.741514265857, 0.0
0.308589076564,0.734675110476, 0.0
0.252647390738,0.72813620873, 0.0
0.207275442893,0.721072486235, 1.0
0.245045261083,0.727102546427, 0.0
0.201157687543,0.719811140667, 1.0
0.238738302207,0.726152060366, 1.0
0.058075113265,0.440107090307, 1.0
0.108374247352,0.552706412466, 0.0
0.0495668594172,0.530569564764, 1.0
0.0865661188887,0.585992003654, 1.0
0.131058860672,0.636968225097, 0.0
0.0857113409048,0.579308147452, 0.0
0.0502776164417,0.518690771061, 1.0
0.0876246462797,0.575878564656, 1.0
0.134017469671,0.6291975585, 1.0
0.183966003739,0.670684512751, 1.0
0.23344797031,0.699097416499, 1.0
0.281036607082,0.717414953826, 1.0
0.326843961033,0.729286289596, 1.0
0.371381876988,0.737450342596, 1.0
0.415030966428,0.743594325379, 0.0
0.340401717951,0.733800507135, 1.0
0.383801272407,0.74027975433, 1.0
0.4267319649,0.74553333869, 1.0
0.469125841568,0.750126917461, 1.0
0.51077396198,0.754340372785, 1.0
0.058075113265,0.440107090307, 1.0
0.108374247352,0.552706412466, 1.0
0.191049731121,0.602276968698, 1.0
0.267857473441,0.655721175554, 0.0
0.165952103414,0.589905075187, 0.0
0.0887656302446,0.521794861535, 1.0
0.145733223928,0.581817108143, 1.0
0.21186613345,0.637756274889, 1.0
0.278106355852,0.680978728339, 1.0
0.339139799299,0.710263175523, 1.0
0.394036808167,0.7289160973, 1.0
0.443904639952,0.740851148183, 1.0
0.490078111048,0.748937027058, 0.0
0.40445502719,0.735644220087, 1.0
0.451247227643,0.744509461243, 0.0
0.36835444992,0.730561712809, 0.0
0.289974477868,0.709983001722, 0.0
0.21667562361,0.677416051542, 1.0
0.269443119815,0.704782380139, 1.0
0.058075113265,0.440107090307, 0.0
0.0215895479528,0.499266808702, 0.0
0.0142921170658,0.50061902399, 1.0
0.0326796047599,0.552604410563, 1.0
0.0595317994335,0.605971332608, 1.0
0.0927004001228,0.650039606359, 1.0
0.129225078862,0.681448165305, 1.0
0.167175149778,0.702030401117, 1.0
0.205845403933,0.715271774586, 1.0
0.245171817405,0.72415208502, 1.0
0.285240961844,0.730639108564, 0.0
0.232165412625,0.722125512746, 1.0
0.271801427151,0.728956297729, 1.0
0.312267289688,0.734366071856, 1.0
0.353466499056,0.739056529402, 1.0
0.395179169807,0.743387188355, 1.0
