RMSE: 0.45459682626


Errors: (prediction - observation)

[-0.55989291  0.55270641 -0.46943044 -0.414008   -0.36303177  0.67554279
 -0.37008112  0.          0.          0.          0.          0.          0.
  0.          0.          0.          0.          0.          0.          0.
  0.          0.          0.          0.          0.          0.          0.
  0.          0.          0.          0.          0.          0.        ]
[-0.55989291 -0.44729359 -0.39772303  0.65572118 -0.41009492 -0.35477052
 -0.31287518 -0.28487132  0.73285602 -0.29270583 -0.27301331 -0.26045553
 -0.25202037  0.75414256 -0.25677761 -0.25010504  0.          0.          0.
  0.          0.          0.          0.          0.          0.          0.
  0.          0.          0.          0.          0.          0.          0.        ]
[-0.55989291 -0.44729359 -0.39772303 -0.34427882 -0.30466574 -0.27866951
 -0.26232561 -0.25183817 -0.24464344 -0.23925716 -0.23488672  0.76887132
  0.7607569   0.75148184  0.74042192 -0.27424598 -0.26365512  0.          0.
  0.          0.          0.          0.          0.          0.          0.
  0.          0.          0.          0.          0.          0.          0.        ]
[-0.55989291  0.55270641 -0.46943044 -0.414008    0.          0.          0.
  0.          0.          0.          0.          0.          0.          0.
  0.          0.          0.          0.          0.          0.          0.
  0.          0.          0.          0.          0.          0.          0.
  0.          0.          0.          0.          0.        ]
[ 0.44010709  0.49926681 -0.49938098 -0.44739559 -0.39402867 -0.34996039
 -0.31855183 -0.2979696  -0.28472823 -0.27584791 -0.26936089 -0.26412203
 -0.25951408 -0.25522559  0.74888682  0.74151427  0.73467511  0.72813621
 -0.27892751  0.72710255 -0.28018886 -0.27384794  0.          0.          0.
  0.          0.          0.          0.          0.          0.          0.
  0.        ]
[-0.55989291  0.55270641 -0.46943044 -0.414008    0.63696823  0.57930815
 -0.48130923 -0.42412144 -0.37080244 -0.32931549 -0.30090258 -0.28258505
 -0.27071371 -0.26254966  0.74359433 -0.26619949 -0.25972025 -0.25446666
 -0.24987308 -0.24565963  0.          0.          0.          0.          0.
  0.          0.          0.          0.          0.          0.          0.
  0.        ]
[-0.55989291 -0.44729359 -0.39772303  0.65572118  0.58990508 -0.47820514
 -0.41818289 -0.36224373 -0.31902127 -0.28973682 -0.2710839  -0.25914885
  0.74893703 -0.26435578  0.74450946  0.73056171  0.709983   -0.32258395
 -0.29521762  0.          0.          0.          0.          0.          0.
  0.          0.          0.          0.          0.          0.          0.
  0.        ]
[ 0.44010709  0.49926681 -0.49938098 -0.44739559 -0.39402867 -0.34996039
 -0.31855183 -0.2979696  -0.28472823 -0.27584791  0.73063911 -0.27787449
 -0.2710437  -0.26563393 -0.26094347 -0.25661281  0.          0.          0.
  0.          0.          0.          0.          0.          0.          0.
  0.          0.          0.          0.          0.          0.          0.        ]
