0.100999234429,0.249796533988, 1.0
0.749848109647,0.45437392369, 0.0
0.820523499335,0.473208939834, 0.0
0.772545984585,0.452413544819, 0.0
0.687782484102,0.418302916934, 0.0
0.587898662502,0.378523464906, 0.0
0.490463997005,0.339807397334, 1.0
0.799674977806,0.462629540132, 1.0
0.944483160368,0.52008417747, 1.0
0.986500715786,0.536748908492, 0.0
0.977141550118,0.533028523562, 1.0
0.99458161717,0.539952641, 1.0
0.998735412074,0.541600533373, 1.0
0.100999234429,0.249796533988, 1.0
0.749848109647,0.45437392369, 1.0
0.919828445232,0.512144089926, 1.0
0.981909207697,0.535114129592, 1.0
0.995964447979,0.540519342609, 0.0
0.993332350565,0.539461051637, 1.0
0.998447288897,0.54148663964, 1.0
0.999639423329,0.54195910139, 1.0
0.999916299264,0.542068865221, 1.0
0.100999234429,0.249796533988, 0.0
0.606322339209,0.397270126659, 1.0
0.820523499335,0.473208939834, 0.0
0.772545984585,0.452413544819, 0.0
0.687782484102,0.418302916934, 1.0
0.903015029462,0.50364579681, 1.0
0.100999234429,0.249796533988, 0.0
0.606322339209,0.397270126659, 0.0
0.686836881036,0.419909423365, 1.0
0.900947296257,0.503079767251, 0.0
0.848599225919,0.482079979434, 0.0
0.773437784953,0.452173988181, 1.0
0.93557824422,0.516547181575, 0.0
0.895804152347,0.500739543063, 1.0
0.973541512132,0.531606009792, 0.0
0.955687132275,0.524511073881, 1.0
0.989307293069,0.537860256853, 0.0
0.981824904242,0.53488703889, 1.0
0.995707548348,0.540399236535, 1.0
0.100999234429,0.249796533988, 0.0
0.606322339209,0.397270126659, 1.0
0.820523499335,0.473208939834, 0.0
0.772545984585,0.452413544819, 1.0
0.935357903803,0.516527571407, 0.0
0.896425036722,0.50100668587, 1.0
0.973732090975,0.531683705407, 0.0
0.100999234429,0.249796533988, 0.0
0.606322339209,0.397270126659, 1.0
0.820523499335,0.473208939834, 1.0
0.952211598143,0.523407897439, 1.0
0.988744757805,0.537663760546, 0.0
0.100999234429,0.249796533988, 0.0
0.606322339209,0.397270126659, 0.0
0.686836881036,0.419909423365, 0.0
0.619944282034,0.391716011874, 1.0
0.872112463089,0.491434189247, 0.0
0.805264174192,0.464816067233, 1.0
0.946307136444,0.520804163151, 0.0
0.100999234429,0.249796533988, 0.0
0.606322339209,0.397270126659, 1.0
0.820523499335,0.473208939834, 1.0
0.952211598143,0.523407897439, 1.0
0.988744757805,0.537663760546, 0.0
0.981227863312,0.534658576272, 1.0
0.995574840423,0.540347396941, 1.0
0.998969006794,0.541693244412, 1.0
0.999760454726,0.542007067747, 1.0
0.999944378687,0.542079996911, 1.0
0.999987086908,0.542096931491, 1.0
0.999997002189,0.542100863079, 1.0
0.999999304055,0.54210177581, 1.0
0.100999234429,0.249796533988, 0.0
0.606322339209,0.397270126659, 0.0
0.686836881036,0.419909423365, 1.0
0.900947296257,0.503079767251, 0.0
0.848599225919,0.482079979434, 0.0
0.773437784953,0.452173988181, 0.0
0.679311349973,0.414783890438, 0.0
0.576703394518,0.374039798776, 0.0
0.479922977971,0.335613221097, 0.0
0.400237140455,0.303974785656, 1.0
0.100999234429,0.249796533988, 0.0
0.606322339209,0.397270126659, 1.0
0.820523499335,0.473208939834, 1.0
0.952211598143,0.523407897439, 0.0
0.925165661254,0.512475918185, 1.0
0.981555283709,0.534793035003, 1.0
0.100999234429,0.249796533988, 0.0
0.606322339209,0.397270126659, 1.0
0.820523499335,0.473208939834, 0.0
0.772545984585,0.452413544819, 1.0
0.935357903803,0.516527571407, 0.0
0.896425036722,0.50100668587, 1.0
0.973732090975,0.531683705407, 1.0
0.993766300146,0.539630025395, 1.0
0.998545189898,0.541525169728, 0.0
0.99750849339,0.541113070272, 0.0
0.995724217517,0.540404489084, 0.0
0.992670276498,0.539191913421, 1.0
0.998283501747,0.541421075939, 0.0
0.100999234429,0.249796533988, 0.0
0.606322339209,0.397270126659, 1.0
0.820523499335,0.473208939834, 0.0
0.772545984585,0.452413544819, 0.0
0.687782484102,0.418302916934, 0.0
0.587898662502,0.378523464906, 1.0
0.856781218323,0.485289151775, 0.0
0.783673997271,0.456227142294, 0.0
0.691174323849,0.41949102288, 1.0
0.904499790306,0.504215184286, 0.0
0.849682377981,0.482429511721, 0.0
0.773631850093,0.452228317663, 0.0
0.679175203949,0.414723785417, 0.0
0.100999234429,0.249796533988, 0.0
0.606322339209,0.397270126659, 0.0
0.686836881036,0.419909423365, 0.0
0.619944282034,0.391716011874, 0.0
0.527533010889,0.354635559087, 0.0
0.440178924859,0.319859734267, 0.0
0.100999234429,0.249796533988, 0.0
0.606322339209,0.397270126659, 0.0
0.686836881036,0.419909423365, 1.0
0.900947296257,0.503079767251, 1.0
0.975231336564,0.532306445807, 1.0
0.994163138378,0.539790059839, 0.0
0.990078214648,0.538164502029, 0.0
0.983102406145,0.535393664147, 0.0
0.971377924067,0.53073824116, 0.0
