0.253757772484,0.166495124585, 0.0
0.409358028965,0.487885852641, 0.0
0.485022452206,0.453247563717, 0.0
0.500028952653,0.24303549403, 0.0
0.555124876586,0.556564127952, 0.0
0.5090087987,0.464339736995, 0.0
0.253757772484,0.166495124585, 0.0
0.409358028965,0.487885852641, 1.0
0.658887340976,0.542015858948, 1.0
0.886069969132,0.187901369006, 0.0
0.895495813418,0.645997775589, 1.0
0.97529056949,0.80828213521, 1.0
0.992414038672,0.629624848131, 0.0
0.986764719096,0.380048987825, 0.0
0.984591667148,0.877481241888, 1.0
0.993718310618,0.485956423013, 0.0
0.99139643209,0.41449854062, 1.0
0.998900480507,0.784200725413, 1.0
0.999705196715,0.714982263426, 1.0
0.253757772484,0.166495124585, 0.0
0.409358028965,0.487885852641, 0.0
0.485022452206,0.453247563717, 1.0
0.777348706115,0.709201393156, 0.0
0.639743860756,0.463665827624, 1.0
0.890344612099,0.643358228181, 1.0
0.974007002678,0.408426549934, 1.0
0.99661222368,0.783026598576, 1.0
0.99908977997,0.714667897882, 1.0
0.253757772484,0.166495124585, 0.0
0.409358028965,0.487885852641, 0.0
0.485022452206,0.453247563717, 1.0
0.777348706115,0.168080731534, 0.0
0.801752146043,0.348296267172, 0.0
0.787493735815,0.675737064099, 0.0
0.66379786502,0.543397270063, 0.0
0.253757772484,0.166495124585, 1.0
0.746465179853,0.658428733728, 1.0
0.904329782106,0.666698405331, 1.0
0.975753339225,0.873802877565, 1.0
0.989976655749,0.414005495567, 0.0
0.987716782634,0.778464450745, 1.0
0.996670370075,0.713432222574, 1.0
0.253757772484,0.166495124585, 0.0
0.409358028965,0.487885852641, 1.0
0.658887340976,0.298866987015, 1.0
0.928030593889,0.747954950849, 1.0
0.979230412961,0.704534840533, 0.0
0.253757772484,0.166495124585, 0.0
0.409358028965,0.487885852641, 0.0
0.485022452206,0.453247563717, 1.0
0.777348706115,0.168080731534, 0.0
0.801752146043,0.721253812886, 0.0
0.661161350218,0.473698642385, 0.0
0.616766096219,0.335371411757, 0.0
0.61911908553,0.262861769587, 0.0
0.643475091928,0.518172540687, 0.0
0.582949353101,0.707678938625, 0.0
0.494236157198,0.240889482846, 0.0
0.550163423186,0.553936029957, 1.0
0.805628380603,0.615842502838, 0.0
0.253757772484,0.166495124585, 0.0
0.409358028965,0.487885852641, 1.0
0.658887340976,0.542015858948, 0.0
0.596833161531,0.255897046876, 0.0
0.628436872249,0.340076331583, 1.0
0.913456214606,0.192871479559, 1.0
0.990643370585,0.880040219217, 1.0
0.996199064484,0.416175652363, 0.0
0.995309024425,0.782357832365, 0.0
0.987889688106,0.708946590792, 1.0
0.253757772484,0.166495124585, 0.0
0.409358028965,0.487885852641, 0.0
0.485022452206,0.453247563717, 0.0
0.500028952653,0.24303549403, 0.0
0.555124876586,0.556564127952, 0.0
0.5090087987,0.464339736995, 0.0
0.253757772484,0.166495124585, 0.0
0.409358028965,0.487885852641, 1.0
0.658887340976,0.542015858948, 1.0
0.886069969132,0.443033015472, 0.0
0.859970693548,0.627995418753, 1.0
0.965625521544,0.202386253888, 0.0
0.967611346065,0.804425328949, 1.0
0.99000277752,0.628489450236, 0.0
0.982622563866,0.876648773571, 1.0
0.992906831627,0.382006719926, 0.0
0.991708051902,0.414607358648, 0.0
0.989801149434,0.779531500391, 1.0
0.997244279116,0.713725159304, 1.0
0.253757772484,0.166495124585, 0.0
0.409358028965,0.487885852641, 1.0
0.658887340976,0.542015858948, 0.0
0.596833161531,0.276861349138, 0.0
0.621191785407,0.590485645667, 1.0
0.850471842231,0.638763441037, 0.0
0.253757772484,0.166495124585, 0.0
0.409358028965,0.487885852641, 1.0
0.658887340976,0.542015858948, 1.0
0.886069969132,0.377782726076, 1.0
0.983252248919,0.77618249935, 1.0
0.99542735171,0.712798083912, 1.0
0.253757772484,0.166495124585, 0.0
0.409358028965,0.487885852641, 1.0
0.658887340976,0.542015858948, 1.0
0.886069969132,0.763693099691, 1.0
0.961990677078,0.615318726039, 0.0
0.936979100023,0.364183021563, 0.0
0.929007154527,0.195706793792, 0.0
0.933800814385,0.462020399446, 0.0
0.914473667119,0.655583465944, 1.0
0.980243210015,0.875642787851, 1.0
0.991923730165,0.414682673754, 1.0
0.998968461587,0.784235609174, 1.0
0.999723439712,0.714991582448, 1.0
0.253757772484,0.166495124585, 0.0
0.409358028965,0.487885852641, 0.0
0.485022452206,0.453247563717, 0.0
0.500028952653,0.4457157434, 1.0
0.798703119885,0.719719994992, 1.0
0.9279023392,0.599260099016, 0.0
0.886252190709,0.37778317226, 1.0
0.983574618692,0.776336625736, 1.0
0.995537809912,0.712853466852, 0.0
0.253757772484,0.166495124585, 0.0
0.409358028965,0.487885852641, 1.0
0.658887340976,0.542015858948, 1.0
0.886069969132,0.377782726076, 0.0
0.871086935142,0.718669287184, 1.0
0.961130133736,0.695282651133, 1.0
0.253757772484,0.166495124585, 0.0
0.409358028965,0.487885852641, 1.0
0.658887340976,0.542015858948, 0.0
0.596833161531,0.618781288893, 0.0
0.520633103058,0.407606705352, 0.0
0.528617184876,0.459956100331, 1.0
0.820442872387,0.80808904064, 0.0
0.650349214623,0.348785169781, 0.0
0.643771227244,0.270719220045, 1.0
0.923962991233,0.194786327105, 0.0
0.929193897249,0.392777330874, 0.0
0.916908511168,0.742127412072, 0.0
0.826733731737,0.626623695645, 0.0
0.253757772484,0.166495124585, 0.0
0.409358028965,0.487885852641, 1.0
0.658887340976,0.542015858948, 0.0
0.596833161531,0.494849832231, 1.0
0.860989631583,0.750977878992, 1.0
0.952926463388,0.611040386655, 1.0
0.990197907087,0.414080250283, 1.0
0.998744744616,0.784120848578, 1.0
0.999663325899,0.71496087807, 0.0
0.253757772484,0.166495124585, 0.0
0.409358028965,0.487885852641, 0.0
0.485022452206,0.453247563717, 0.0
0.500028952653,0.673008660072, 1.0
0.70723995749,0.673836340186, 0.0
0.5825448875,0.436688303001, 1.0
0.861553271162,0.628752467255, 1.0
0.966189111344,0.405696230922, 0.0
0.959215928595,0.763837126217, 0.0
0.905109784239,0.666660385031, 0.0
0.253757772484,0.166495124585, 0.0
0.409358028965,0.487885852641, 0.0
0.485022452206,0.453247563717, 0.0
0.500028952653,0.570137460162, 0.0
0.478670335436,0.387830951962, 0.0
0.506302600139,0.29124852749, 0.0
0.545888385604,0.468694449947, 1.0
0.831979206844,0.812962039335, 1.0
0.92429275128,0.194846484923, 0.0
0.929494381672,0.361793880843, 1.0
0.989936305647,0.413988661691, 0.0
0.987638800466,0.778421913135, 1.0
0.996653849532,0.713423551619, 0.0
