0.20486902789,0.239392279031, 1.0
0.934203844652,0.545407264445, 0.0
0.990427203099,0.505623686618, 0.0
0.998215481543,0.568589777253, 0.0
0.99962200805,0.569099166176, 0.0
0.999919124634,0.569206770188, 0.0
0.999982658797,0.508862100399, 1.0
0.999999324867,0.569235815578, 1.0
0.999999971375,0.508867967758, 1.0
0.999999998886,0.508867977082, 0.0
0.99999999978,0.508867977385, 1.0
0.999999999991,0.569236060082, 1.0
1.0,0.50886797746, 1.0
0.20486902789,0.239392279031, 1.0
0.934203844652,0.545407264445, 1.0
0.995646796073,0.507392644829, 1.0
0.999826213699,0.508809080012, 1.0
0.999993228048,0.508865682396, 0.0
0.999998666109,0.508867525394, 1.0
0.999999948073,0.508867959861, 1.0
0.999999997979,0.569236059353, 1.0
0.999999999914,0.508867977431, 1.0
0.20486902789,0.239392279031, 0.0
0.898865304821,0.532609026624, 1.0
0.990427203099,0.505623686618, 0.0
0.998215481543,0.508263191111, 0.0
0.999652159091,0.569110085704, 1.0
0.999985223717,0.50886296967, 1.0
0.20486902789,0.239392279031, 0.0
0.898865304821,0.532609026624, 0.0
0.987454437642,0.504616194675, 1.0
0.999473906764,0.569045529679, 0.0
0.999887556598,0.56919533748, 0.0
0.999975895501,0.508859808269, 1.0
0.99999906152,0.569235720204, 0.0
0.999999798656,0.508867909223, 1.0
0.999999992162,0.508867974803, 0.0
0.999999998456,0.569236059526, 1.0
0.999999999935,0.508867977437, 0.0
0.999999999987,0.56923606008, 1.0
0.999999999999,0.508867977459, 1.0
0.20486902789,0.239392279031, 0.0
0.898865304821,0.532609026624, 1.0
0.990427203099,0.505623686618, 0.0
0.998215481543,0.568589777253, 1.0
0.999923593306,0.508842082673, 0.0
0.999984956151,0.569230611791, 1.0
0.999999362098,0.50886776127, 0.0
0.20486902789,0.239392279031, 0.0
0.898865304821,0.532609026624, 1.0
0.990427203099,0.505623686618, 1.0
0.999605782164,0.569093289794, 1.0
0.999983249377,0.508862300551, 0.0
0.20486902789,0.239392279031, 0.0
0.898865304821,0.532609026624, 0.0
0.987454437642,0.504616194675, 0.0
0.997699627404,0.568402955047, 1.0
0.999901225405,0.508834502028, 0.0
0.999980554669,0.569229017746, 1.0
0.999999175443,0.508867698011, 0.0
0.20486902789,0.239392279031, 0.0
0.898865304821,0.532609026624, 1.0
0.990427203099,0.505623686618, 1.0
0.999605782164,0.569093289794, 1.0
0.999983249377,0.569229993664, 0.0
0.99999640669,0.508866759661, 1.0
0.999999860115,0.508867930052, 1.0
0.999999994555,0.508867975614, 1.0
0.999999999788,0.569236060008, 1.0
0.999999999991,0.569236060082, 1.0
1.0,0.50886797746, 1.0
1.0,0.569236060085, 1.0
1.0,0.50886797746, 1.0
0.20486902789,0.239392279031, 0.0
0.898865304821,0.532609026624, 0.0
0.987454437642,0.504616194675, 1.0
0.999473906764,0.569045529679, 0.0
0.999887556598,0.56919533748, 0.0
0.999975895501,0.569227330378, 0.0
0.999994829425,0.569234187505, 0.0
0.999998890726,0.508867601519, 0.0
0.999999781496,0.569235980951, 0.0
0.999999953121,0.508867961572, 1.0
0.20486902789,0.239392279031, 0.0
0.898865304821,0.532609026624, 1.0
0.990427203099,0.505623686618, 1.0
0.999605782164,0.508734374154, 0.0
0.99992252746,0.569208002559, 1.0
0.999996713825,0.508866863751, 1.0
0.20486902789,0.239392279031, 0.0
0.898865304821,0.532609026624, 1.0
0.990427203099,0.505623686618, 0.0
0.998215481543,0.568589777253, 1.0
0.999923593306,0.508842082673, 0.0
0.999984956151,0.508862878989, 1.0
0.999999414316,0.508867778967, 1.0
0.9999999772,0.569236051828, 1.0
0.999999999033,0.569236059735, 0.0
0.999999999793,0.56923606001, 0.0
0.999999999956,0.508867977445, 0.0
0.999999999991,0.569236060082, 1.0
1.0,0.50886797746, 0.0
0.20486902789,0.239392279031, 0.0
0.898865304821,0.532609026624, 1.0
0.990427203099,0.505623686618, 0.0
0.998215481543,0.508263191111, 0.0
0.999652159091,0.508750091633, 0.0
0.999931622823,0.508844803934, 1.0
0.999997337144,0.569235095702, 0.0
0.999999428711,0.569235853186, 0.0
0.999999877434,0.569236015696, 1.0
0.999999994803,0.569236058203, 0.0
0.999999998885,0.508867977082, 0.0
0.99999999978,0.569236060005, 0.0
0.999999999953,0.508867977444, 0.0
0.20486902789,0.239392279031, 0.0
0.898865304821,0.532609026624, 0.0
0.987454437642,0.504616194675, 0.0
0.997699627404,0.508088364373, 0.0
0.999552959102,0.569074159345, 0.0
0.99990439837,0.508835577368, 0.0
0.20486902789,0.239392279031, 0.0
0.898865304821,0.532609026624, 0.0
0.987454437642,0.504616194675, 1.0
0.999473906764,0.508689680616, 1.0
0.999979458265,0.508861015716, 1.0
0.999999200249,0.508867706418, 0.0
0.999999842465,0.50886792407, 0.0
0.999999968969,0.569236048847, 0.0
0.999999993342,0.508867975203, 0.0
