0.0377317346135,0.600548106884, 1.0
0.113700354963,0.627483585109, 0.0
0.0756004381412,0.615221762149, 1.0
0.119167123838,0.636779695931, 1.0
0.172991566095,0.659986449907, 0.0
0.0811817199777,0.635666801568, 1.0
0.118599245232,0.65511569342, 1.0
0.165772499981,0.674936808398, 1.0
0.222248477055,0.694659695993, 1.0
0.286591301059,0.71388376361, 0.0
0.154380196639,0.683020913591, 0.0
0.0810084996653,0.663418386109, 1.0
0.116662863409,0.678366090107, 1.0
0.16086768089,0.693155166564, 1.0
0.213171474158,0.707825477786, 1.0
0.272583689535,0.722394371268, 1.0
0.337579341874,0.736817195501, 1.0
0.406179014929,0.750971535447, 0.0
0.247223099194,0.720482413935, 1.0
0.307946922427,0.733449717415, 1.0
0.37353611699,0.746539802125, 1.0
0.441852787598,0.759561777889, 1.0
0.0377317346135,0.600548106884, 1.0
0.113700354963,0.627483585109, 1.0
0.189756974116,0.653980506923, 1.0
0.273917035258,0.682242534848, 1.0
0.363185300206,0.710398121869, 1.0
0.453134250118,0.736743228206, 1.0
0.5392624959,0.760108866361, 0.0
0.326939222658,0.711263957242, 1.0
0.404825531153,0.733722702504, 0.0
0.22448609366,0.692162590421, 1.0
0.289260163855,0.712180985695, 1.0
0.359894253175,0.7312954997, 1.0
0.43346160975,0.749187572016, 1.0
0.506971581421,0.765622421377, 1.0
0.577734702762,0.78044438232, 1.0
0.643621319149,0.793574285708, 1.0
0.70318621897,0.805005744118, 1.0
0.755667369793,0.814797126555, 1.0
0.800892282639,0.823058543175, 1.0
0.839135472579,0.829935650034, 0.0
0.705422102484,0.806218219878, 1.0
0.756393352859,0.815453560227, 1.0
0.800780463728,0.823373707948, 1.0
0.838604330147,0.830051314246, 0.0
0.0377317346135,0.600548106884, 0.0
0.0410381278809,0.596081055129, 1.0
0.0756004381412,0.615221762149, 1.0
0.119167123838,0.636779695931, 0.0
0.0561169014692,0.620491079975, 1.0
0.0856163515845,0.639146680792, 1.0
0.124397528361,0.658570549801, 1.0
0.1728642689,0.678267171728, 0.0
0.0866030517264,0.655240813186, 1.0
0.124233658417,0.672208107702, 1.0
0.170850477757,0.689048103898, 0.0
0.0912724368442,0.668379357531, 1.0
0.12963808218,0.683224095429, 1.0
0.176453048922,0.697924287474, 1.0
0.231102587488,0.712520716022, 1.0
0.292429563355,0.727015997166, 1.0
0.358759039834,0.741342065196, 1.0
0.428004291414,0.755352916984, 1.0
0.497856948621,0.768842195552, 1.0
0.566032218046,0.781578167761, 1.0
0.630515048712,0.793344310456, 0.0
0.444429696612,0.760046123408, 1.0
0.51226217989,0.772600841106, 1.0
0.578647659568,0.784603379437, 1.0
0.641477524297,0.795788008385, 1.0
0.699169946342,0.805950894591, 1.0
0.750729111285,0.814968140719, 1.0
0.0377317346135,0.600548106884, 1.0
0.113700354963,0.627483585109, 0.0
0.0756004381412,0.615221762149, 1.0
0.119167123838,0.636779695931, 0.0
0.0561169014692,0.620491079975, 1.0
0.0856163515845,0.639146680792, 1.0
0.124397528361,0.658570549801, 1.0
0.1728642689,0.678267171728, 0.0
0.0866030517264,0.655240813186, 1.0
0.124233658417,0.672208107702, 1.0
0.170850477757,0.689048103898, 1.0
0.225862612755,0.705641244233, 1.0
0.288004074563,0.721889120277, 1.0
0.355418301339,0.737675879453, 1.0
0.425823847258,0.752848523368, 1.0
0.49674992718,0.767221343849, 1.0
0.565806118702,0.780599537344, 1.0
0.630932385465,0.792810768173, 1.0
0.69057737739,0.80373272532, 1.0
0.0377317346135,0.600548106884, 0.0
0.0410381278809,0.596081055129, 1.0
0.0756004381412,0.615221762149, 1.0
0.119167123838,0.636779695931, 1.0
0.172991566095,0.659986449907, 1.0
0.236801472885,0.683872626749, 0.0
0.115332514475,0.652597218998, 0.0
0.0548478494433,0.635597294224, 1.0
0.0829255779956,0.652610463464, 1.0
0.0377317346135,0.600548106884, 1.0
0.113700354963,0.627483585109, 1.0
0.189756974116,0.653980506923, 1.0
0.273917035258,0.682242534848, 1.0
0.363185300206,0.710398121869, 1.0
0.453134250118,0.736743228206, 1.0
0.5392624959,0.760108866361, 0.0
0.326939222658,0.711263957242, 1.0
0.404825531153,0.733722702504, 1.0
0.483438191934,0.754167683797, 0.0
0.288037291394,0.711392841647, 0.0
0.151817180907,0.679258125192, 1.0
0.203331663371,0.696660279062, 1.0
0.26292682704,0.713713385816, 1.0
0.328819603405,0.730272645789, 1.0
0.39873447716,0.746179595411, 1.0
0.470133421784,0.761254495564, 0.0
0.293047580181,0.726879952998, 1.0
0.358451254347,0.741153291957, 1.0
0.427168945493,0.7551332573, 1.0
0.496751921702,0.76860964957, 1.0
0.564825581147,0.781346860647, 1.0
0.629315174063,0.793124626231, 1.0
0.688623451907,0.803772470494, 1.0
0.741719714906,0.813189997081, 1.0
0.788132706356,0.821350996244, 1.0
0.827868443371,0.828294413044, 1.0
0.861287853061,0.83410777523, 1.0
0.888977612746,0.838908626235, 1.0
0.0377317346135,0.600548106884, 1.0
0.113700354963,0.627483585109, 1.0
0.189756974116,0.653980506923, 1.0
0.273917035258,0.682242534848, 1.0
0.363185300206,0.710398121869, 1.0
0.453134250118,0.736743228206, 1.0
0.5392624959,0.760108866361, 1.0
0.618088809759,0.779970909388, 0.0
0.405521984819,0.733336854908, 0.0
0.223953228706,0.691422683202, 1.0
0.288710356695,0.711589914774, 1.0
0.359403133035,0.730846724269, 1.0
0.43307224646,0.7488634091, 0.0
0.256430490211,0.711700371928, 1.0
0.321230863241,0.728319067672, 1.0
0.390532753396,0.744309222075, 1.0
0.461742395731,0.759492389027, 1.0
0.532269739035,0.773679279297, 1.0
0.59979003266,0.786694772184, 1.0
0.662452365945,0.798404899006, 1.0
0.718995266822,0.808735887951, 1.0
0.768759031207,0.817680393276, 1.0
0.811613364587,0.82529151511, 1.0
0.847835212755,0.831668747414, 1.0
0.877972630058,0.836940894613, 1.0
0.902721144103,0.841249990583, 1.0
0.922826513774,0.844738511227, 1.0
0.939017224405,0.847540589467, 1.0
0.951963523336,0.849776908571, 1.0
0.962256984821,0.851552471862, 1.0
0.970404280636,0.852956358459, 1.0
0.976829788097,0.854062692577, 1.0
0.0377317346135,0.600548106884, 0.0
0.0410381278809,0.596081055129, 0.0
0.0287111770929,0.596902803161, 1.0
0.0482915416625,0.61379471475, 0.0
0.0234678504187,0.608868478679, 1.0
0.0390578661702,0.62491649325, 0.0
0.021060908157,0.619245715733, 1.0
0.036415898561,0.634609086627, 1.0
0.0586903252578,0.650118184413, 1.0
0.0888343553459,0.665571130844, 0.0
0.0502818520893,0.652787436843, 1.0
0.0777393998566,0.667039876415, 1.0
0.113260994538,0.681088928488, 1.0
0.156964459027,0.695009840732, 1.0
0.208513216012,0.708891622661, 1.0
0.267059070279,0.722783746836, 1.0
0.331225760617,0.736659159452, 1.0
0.399165101285,0.750401114676, 1.0
0.468702463818,0.763815167445, 0.0
0.296782622864,0.732051670727, 1.0
0.3608651937,0.744729739151, 1.0
0.428300635585,0.757483540607, 1.0
0.496771254795,0.770051561113, 1.0
0.56398433682,0.782143425712, 1.0
0.627891771138,0.793484725292, 1.0
0.686877254178,0.8038547375, 0.0
0.507169242996,0.772383674787, 1.0
0.572882922778,0.784052474139, 1.0
0.635557053341,0.795057715299, 1.0
0.693460008485,0.805153458518, 1.0
0.745467758764,0.814179698991, 0.0
0.577777437675,0.785057552776, 1.0
0.639617845388,0.795871476694, 1.0
0.69686219666,0.805816598272, 1.0
0.748318836327,0.814721086028, 0.0
0.581483913558,0.785818164258, 0.0
0.397087581561,0.753850805808, 1.0
0.463068045567,0.765445305614, 1.0
0.529670528795,0.777038670025, 1.0
0.594520913984,0.788267813905, 1.0
0.655634889513,0.798818088079, 1.0
0.711543840648,0.808452579638, 1.0
0.76134767331,0.817025671326, 1.0
0.804684228805,0.824480418575, 1.0
0.841635389685,0.830833965704, 1.0
0.872602738338,0.836157093999, 1.0
0.898182968348,0.840553352147, 1.0
0.919062630882,0.84414128745, 1.0
0.935940335667,0.847041263712, 1.0
0.949476142592,0.849366874079, 1.0
0.960263424664,0.851220169657, 1.0
0.968817111401,0.85268967608, 1.0
0.975572655145,0.853850236972, 1.0
