0.227098314394,0.803518086705, 1.0
0.383695079509,0.632407041581, 1.0
0.523482008475,0.634031136239, 1.0
0.699157493579,0.833434412607, 1.0
0.806466264677,0.892802025432, 1.0
0.227098314394,0.405689844253, 0.0
0.252805673134,0.650220243698, 1.0
0.404477168481,0.640924687629, 1.0
0.587088152596,0.53218557083, 0.0
0.457885407515,0.514208711377, 1.0
0.738222507547,0.691983727835, 0.0
0.51909365932,0.60845477153, 1.0
0.761934717541,0.774610306302, 1.0
0.895634222792,0.922194747014, 0.0
0.594099876846,0.844368499562, 1.0
0.719411067792,0.734369978974, 0.0
0.465518923484,0.846796499889, 1.0
0.593242759727,0.683225618962, 1.0
0.798674760952,0.816490914068, 1.0
0.907687601329,0.923457937444, 0.0
0.620350507273,0.53957094216, 1.0
0.882717543687,0.604250320953, 1.0
0.978986668568,0.923950508726, 1.0
0.990341511522,0.904210770472, 1.0
0.996223039912,0.760555650079, 0.0
0.989037824593,0.885105091726, 1.0
0.996128924641,0.954695341294, 1.0
0.997902251219,0.98507318596, 1.0
0.227098314394,0.654251353399, 0.0
0.197325907487,0.70489514849, 1.0
0.334704914131,0.780299549089, 1.0
0.473797140608,0.620300967046, 1.0
0.687853743784,0.903100305485, 1.0
0.77323787488,0.878007282283, 0.0
0.448067779422,0.44330478236, 0.0
0.371802671274,0.57009634102, 0.0
0.311669692621,0.581708863509, 0.0
0.29549546616,0.418301134564, 1.0
0.571626200669,0.436016842765, 1.0
0.881657849441,0.81181984771, 1.0
0.957058004873,0.848016820271, 1.0
0.98562431596,0.788006493722, 1.0
0.996524183053,0.931617553483, 1.0
0.998400149848,0.908205209003, 1.0
0.999372082822,0.755941883127, 0.0
0.99820374656,0.818814419934, 1.0
0.999543696157,0.762474254017, 1.0
0.999905272754,0.961039626751, 1.0
0.999946486742,0.838258193811, 1.0
0.999985381974,0.870489724933, 1.0
0.227098314394,0.654251353399, 1.0
0.419568763481,0.807700751958, 0.0
0.334704914131,0.780299549089, 1.0
0.473797140608,0.620300967046, 1.0
0.687853743784,0.903100305485, 1.0
0.77323787488,0.779588441037, 1.0
0.897172091981,0.865133195319, 1.0
0.953572588488,0.732165909209, 0.0
0.883319100267,0.914998200275, 0.0
0.572940639924,0.576864780952, 1.0
0.831327663084,0.576447588321, 1.0
0.967623929825,0.858247435109, 1.0
0.989146075555,0.86550773528, 1.0
0.996497199036,0.794288296142, 1.0
0.999174853677,0.762261799176, 1.0
0.999826244302,0.890772663755, 1.0
0.999938520373,0.956030497979, 1.0
0.999966637449,0.985401103842, 1.0
0.999976085168,0.961062685486, 0.0
0.999808887556,0.887217817583, 1.0
0.999934271085,0.945388686657, 1.0
0.999967336914,0.95740718712, 1.0
0.999982125231,0.869378000536, 1.0
0.99999438702,0.933479821978, 1.0
0.999997444468,0.890862429678, 1.0
0.999999104422,0.956051699914, 1.0
0.999999515495,0.9854063225, 1.0
0.227098314394,0.654251353399, 0.0
0.197325907487,0.742750761336, 1.0
0.330215113761,0.558762447551, 1.0
0.537601954786,0.669993422841, 1.0
0.727034402477,0.868237433521, 1.0
0.82198511472,0.933351026641, 1.0
0.876842332798,0.855127613478, 1.0
0.944626971151,0.726963921753, 0.0
0.862987924766,0.907848492488, 1.0
0.921167189459,0.777141725499, 0.0
0.780454206177,0.548747084882, 1.0
0.955669975397,0.851737216444, 1.0
0.985095809169,0.863285337146, 1.0
0.995200858065,0.793535409022, 1.0
0.998875757504,0.932639782264, 1.0
0.999487887546,0.908742585331, 1.0
0.999800590965,0.822358380392, 1.0
0.999948836384,0.79065289669, 1.0
0.999988331652,0.697508708876, 1.0
0.9999979908,0.981126358804, 1.0
0.999998624857,0.762737061514, 1.0
0.999999714622,0.961070379726, 1.0
0.999999838789,0.869387738615, 1.0
0.999999949342,0.945414653654, 1.0
0.999999974821,0.957418413703, 1.0
0.227098314394,0.654251353399, 0.0
0.197325907487,0.70489514849, 0.0
0.258101455122,0.758033534481, 1.0
0.398285577425,0.588065838565, 0.0
0.318276297295,0.816345366505, 0.0
0.280021864355,0.536180535954, 1.0
0.488587221534,0.674862946521, 0.0
0.337762766913,0.726681966528, 1.0
0.498220235436,0.473775596904, 0.0
0.39650472443,0.478051588022, 1.0
0.689819275251,0.500823860733, 1.0
0.924903417231,0.835449158527, 1.0
0.972884876063,0.856719674393, 0.0
0.894660620203,0.735298472924, 1.0
0.972945205936,0.921326103199, 1.0
0.987482186089,0.902799221106, 1.0
0.995081204076,0.787830582917, 1.0
0.998870638629,0.696885977655, 1.0
0.999804472949,0.981088604468, 1.0
0.999866103577,0.756226266607, 0.0
0.999615547436,0.819628462561, 1.0
0.999902557938,0.875753219623, 1.0
0.999968408585,0.871426220698, 0.0
0.999858078947,0.933068609499, 1.0
0.999935538834,0.908964282843, 0.0
0.999645321862,0.69731746422, 1.0
0.999939190889,0.981114874896, 1.0
0.999958401727,0.790658437229, 0.0
0.999866011579,0.756226182717, 0.0
0.999614931942,0.819628094354, 0.0
0.998620229367,0.896126629822, 1.0
0.999499871134,0.957587684466, 0.0
0.996129499262,0.964693849622, 1.0
0.997716440287,0.882866810065, 1.0
0.99922676307,0.974986288979, 0.0
0.993009766938,0.890984765912, 1.0
0.997487635386,0.912903959653, 1.0
0.99899143386,0.758053375882, 0.0
0.997087328337,0.954853759435, 1.0
0.998424583937,0.837390065965, 0.0
0.99394761205,0.867176634742, 0.0
0.973716876537,0.653715931703, 0.0
0.943633391363,0.908502180096, 1.0
0.973584071433,0.895906851287, 0.0
0.875551329054,0.684543816166, 0.0
0.733943885948,0.66640601846, 0.0
0.521997594692,0.649915456956, 1.0
0.74455021248,0.870310596519, 1.0
0.843025853948,0.918825594214, 1.0
0.90192576168,0.831700546007, 1.0
0.964372967647,0.966611917264, 0.0
0.768539069424,0.774273385867, 1.0
0.901727839925,0.866447863342, 1.0
0.958049440367,0.941140305034, 1.0
0.976921485588,0.745317391618, 1.0
0.995183647774,0.931026195273, 1.0
0.997806801579,0.907909470842, 1.0
0.999146735066,0.755811433275, 0.0
0.997552684261,0.818438721689, 0.0
0.991297980933,0.833324906983, 1.0
0.997608509461,0.869185469152, 1.0
0.999243665939,0.896448681281, 1.0
0.999725965089,0.957665083348, 1.0
0.999849590177,0.965808350027, 1.0
0.999911379493,0.884039229305, 1.0
0.999970038779,0.975164876901, 1.0
0.999980715432,0.894609243483, 1.0
0.999993101799,0.914119440399, 1.0
0.999997235091,0.955875968256, 1.0
0.999998506379,0.758634530829, 1.0
0.999999694696,0.762737679517, 0.0
0.999999104234,0.822472699285, 1.0
0.999999770786,0.762737723482, 1.0
0.227098314394,0.639269863976, 1.0
0.411360915772,0.654286530082, 0.0
0.33190669758,0.748062294664, 0.0
0.279505827107,0.761917669288, 0.0
0.271609189399,0.52324992688, 1.0
0.480194203093,0.856045965974, 1.0
