RMSE: 0.443639531332


Errors: (prediction - observation)

[-0.19648191 -0.36759296 -0.36596886 -0.16656559 -0.10719797  0.          0.
  0.          0.          0.          0.          0.          0.          0.
  0.          0.          0.          0.          0.          0.          0.
  0.          0.          0.          0.          0.          0.          0.
  0.          0.          0.          0.          0.          0.          0.
  0.          0.          0.          0.          0.          0.          0.
  0.          0.          0.          0.          0.          0.          0.
  0.          0.          0.          0.          0.          0.          0.
  0.          0.          0.          0.          0.          0.          0.
  0.          0.          0.          0.          0.          0.          0.
  0.          0.          0.          0.          0.          0.          0.
  0.          0.          0.        ]
[ 0.40568984 -0.34977976 -0.35907531  0.53218557 -0.48579129  0.69198373
 -0.39154523 -0.22538969  0.92219475 -0.1556315   0.73436998 -0.1532035
 -0.31677438 -0.18350909  0.92345794 -0.46042906 -0.39574968 -0.07604949
 -0.09578923  0.76055565 -0.11489491 -0.04530466 -0.01492681  0.          0.
  0.          0.          0.          0.          0.          0.          0.
  0.          0.          0.          0.          0.          0.          0.
  0.          0.          0.          0.          0.          0.          0.
  0.          0.          0.          0.          0.          0.          0.
  0.          0.          0.          0.          0.          0.          0.
  0.          0.          0.          0.          0.          0.          0.
  0.          0.          0.          0.          0.          0.          0.
  0.          0.          0.          0.          0.          0.        ]
[ 0.65425135 -0.29510485 -0.21970045 -0.37969903 -0.09689969  0.87800728
  0.44330478  0.57009634  0.58170886 -0.58169887 -0.56398316 -0.18818015
 -0.15198318 -0.21199351 -0.06838245 -0.09179479  0.75594188 -0.18118558
 -0.23752575 -0.03896037 -0.16174181 -0.12951028  0.          0.          0.
  0.          0.          0.          0.          0.          0.          0.
  0.          0.          0.          0.          0.          0.          0.
  0.          0.          0.          0.          0.          0.          0.
  0.          0.          0.          0.          0.          0.          0.
  0.          0.          0.          0.          0.          0.          0.
  0.          0.          0.          0.          0.          0.          0.
  0.          0.          0.          0.          0.          0.          0.
  0.          0.          0.          0.          0.          0.        ]
[-0.34574865  0.80770075 -0.21970045 -0.37969903 -0.09689969 -0.22041156
 -0.1348668   0.73216591  0.9149982  -0.42313522 -0.42355241 -0.14175256
 -0.13449226 -0.2057117  -0.2377382  -0.10922734 -0.0439695  -0.0145989
  0.96106269 -0.11278218 -0.05461131 -0.04259281 -0.130622   -0.06652018
 -0.10913757 -0.0439483  -0.01459368  0.          0.          0.          0.
  0.          0.          0.          0.          0.          0.          0.
  0.          0.          0.          0.          0.          0.          0.
  0.          0.          0.          0.          0.          0.          0.
  0.          0.          0.          0.          0.          0.          0.
  0.          0.          0.          0.          0.          0.          0.
  0.          0.          0.          0.          0.          0.          0.
  0.          0.          0.          0.          0.          0.          0.        ]
[ 0.65425135 -0.25724924 -0.44123755 -0.33000658 -0.13176257 -0.06664897
 -0.14487239  0.72696392 -0.09215151  0.77714173 -0.45125292 -0.14826278
 -0.13671466 -0.20646459 -0.06736022 -0.09125741 -0.17764162 -0.2093471
 -0.30249129 -0.01887364 -0.23726294 -0.03892962 -0.13061226 -0.05458535
 -0.04258159  0.          0.          0.          0.          0.          0.
  0.          0.          0.          0.          0.          0.          0.
  0.          0.          0.          0.          0.          0.          0.
  0.          0.          0.          0.          0.          0.          0.
  0.          0.          0.          0.          0.          0.          0.
  0.          0.          0.          0.          0.          0.          0.
  0.          0.          0.          0.          0.          0.          0.
  0.          0.          0.          0.          0.          0.          0.        ]
[ 0.65425135  0.70489515 -0.24196647  0.58806584  0.81634537 -0.46381946
  0.67486295 -0.27331803  0.4737756  -0.52194841 -0.49917614 -0.16455084
  0.85671967 -0.26470153 -0.0786739  -0.09720078 -0.21216942 -0.30311402
 -0.0189114   0.75622627 -0.18037154 -0.12424678  0.87142622 -0.06693139
  0.90896428 -0.30268254 -0.01888513  0.79065844  0.75622618  0.81962809
 -0.10387337  0.95758768 -0.03530615 -0.11713319  0.97498629 -0.10901523
 -0.08709604  0.75805338 -0.04514624  0.83739007  0.86717663  0.65371593
 -0.09149782  0.89590685  0.68454382  0.66640602 -0.35008454 -0.1296894
 -0.08117441 -0.16829945  0.96661192 -0.22572661 -0.13355214 -0.05885969
 -0.25468261 -0.0689738  -0.09209053  0.75581143  0.81843872 -0.16667509
 -0.13081453 -0.10355132 -0.04233492 -0.03419165 -0.11596077 -0.02483512
 -0.10539076 -0.08588056 -0.04412403 -0.24136547  0.76273768 -0.1775273
 -0.23726228  0.          0.          0.          0.          0.          0.
  0.        ]
[-0.36073014  0.65428653  0.74806229  0.76191767 -0.47675007 -0.14395403
  0.          0.          0.          0.          0.          0.          0.
  0.          0.          0.          0.          0.          0.          0.
  0.          0.          0.          0.          0.          0.          0.
  0.          0.          0.          0.          0.          0.          0.
  0.          0.          0.          0.          0.          0.          0.
  0.          0.          0.          0.          0.          0.          0.
  0.          0.          0.          0.          0.          0.          0.
  0.          0.          0.          0.          0.          0.          0.
  0.          0.          0.          0.          0.          0.          0.
  0.          0.          0.          0.          0.          0.          0.
  0.          0.          0.          0.        ]
