RMSE: 0.387002002214


Errors: (prediction - observation)

[-0.39945189  0.62748359 -0.38477824 -0.3632203   0.65998645 -0.3643332
 -0.34488431 -0.32506319 -0.3053403   0.71388376  0.68302091 -0.33658161
 -0.32163391 -0.30684483 -0.29217452 -0.27760563 -0.2631828   0.75097154
 -0.27951759 -0.26655028 -0.2534602  -0.24043822  0.          0.          0.
  0.          0.          0.          0.          0.          0.          0.
  0.          0.          0.          0.          0.          0.          0.
  0.          0.          0.          0.          0.          0.          0.
  0.          0.          0.          0.          0.          0.          0.
  0.          0.          0.          0.          0.          0.          0.
  0.          0.          0.          0.          0.          0.          0.
  0.          0.          0.          0.          0.          0.          0.
  0.          0.          0.          0.          0.          0.        ]
[-0.39945189 -0.37251641 -0.34601949 -0.31775747 -0.28960188 -0.26325677
  0.76010887 -0.28873604  0.7337227  -0.30783741 -0.28781901 -0.2687045
 -0.25081243 -0.23437758 -0.21955562 -0.20642571 -0.19499426 -0.18520287
 -0.17694146  0.82993565 -0.19378178 -0.18454644 -0.17662629  0.83005131
  0.          0.          0.          0.          0.          0.          0.
  0.          0.          0.          0.          0.          0.          0.
  0.          0.          0.          0.          0.          0.          0.
  0.          0.          0.          0.          0.          0.          0.
  0.          0.          0.          0.          0.          0.          0.
  0.          0.          0.          0.          0.          0.          0.
  0.          0.          0.          0.          0.          0.          0.
  0.          0.          0.          0.          0.          0.          0.        ]
[ 0.60054811 -0.40391894 -0.38477824  0.6367797  -0.37950892 -0.36085332
 -0.34142945  0.67826717 -0.34475919 -0.32779189  0.6890481  -0.33162064
 -0.3167759  -0.30207571 -0.28747928 -0.272984   -0.25865793 -0.24464708
 -0.2311578  -0.21842183  0.79334431 -0.23995388 -0.22739916 -0.21539662
 -0.20421199 -0.19404911 -0.18503186  0.          0.          0.          0.
  0.          0.          0.          0.          0.          0.          0.
  0.          0.          0.          0.          0.          0.          0.
  0.          0.          0.          0.          0.          0.          0.
  0.          0.          0.          0.          0.          0.          0.
  0.          0.          0.          0.          0.          0.          0.
  0.          0.          0.          0.          0.          0.          0.
  0.          0.          0.          0.          0.          0.          0.        ]
[-0.39945189  0.62748359 -0.38477824  0.6367797  -0.37950892 -0.36085332
 -0.34142945  0.67826717 -0.34475919 -0.32779189 -0.3109519  -0.29435876
 -0.27811088 -0.26232412 -0.24715148 -0.23277866 -0.21940046 -0.20718923
 -0.19626727  0.          0.          0.          0.          0.          0.
  0.          0.          0.          0.          0.          0.          0.
  0.          0.          0.          0.          0.          0.          0.
  0.          0.          0.          0.          0.          0.          0.
  0.          0.          0.          0.          0.          0.          0.
  0.          0.          0.          0.          0.          0.          0.
  0.          0.          0.          0.          0.          0.          0.
  0.          0.          0.          0.          0.          0.          0.
  0.          0.          0.          0.          0.          0.        ]
[ 0.60054811 -0.40391894 -0.38477824 -0.3632203  -0.34001355  0.68387263
  0.65259722 -0.36440271 -0.34738954  0.          0.          0.          0.
  0.          0.          0.          0.          0.          0.          0.
  0.          0.          0.          0.          0.          0.          0.
  0.          0.          0.          0.          0.          0.          0.
  0.          0.          0.          0.          0.          0.          0.
  0.          0.          0.          0.          0.          0.          0.
  0.          0.          0.          0.          0.          0.          0.
  0.          0.          0.          0.          0.          0.          0.
  0.          0.          0.          0.          0.          0.          0.
  0.          0.          0.          0.          0.          0.          0.
  0.          0.          0.          0.        ]
[-0.39945189 -0.37251641 -0.34601949 -0.31775747 -0.28960188 -0.26325677
  0.76010887 -0.28873604 -0.2662773   0.75416768  0.71139284 -0.32074187
 -0.30333972 -0.28628661 -0.26972735 -0.2538204   0.7612545  -0.27312005
 -0.25884671 -0.24486674 -0.23139035 -0.21865314 -0.20687537 -0.19622753
 -0.18681    -0.178649   -0.17170559 -0.16589222 -0.16109137  0.          0.
  0.          0.          0.          0.          0.          0.          0.
  0.          0.          0.          0.          0.          0.          0.
  0.          0.          0.          0.          0.          0.          0.
  0.          0.          0.          0.          0.          0.          0.
  0.          0.          0.          0.          0.          0.          0.
  0.          0.          0.          0.          0.          0.          0.
  0.          0.          0.          0.          0.          0.          0.        ]
[-0.39945189 -0.37251641 -0.34601949 -0.31775747 -0.28960188 -0.26325677
 -0.23989113  0.77997091  0.73333685 -0.30857732 -0.28841009 -0.26915328
  0.74886341 -0.28829963 -0.27168093 -0.25569078 -0.24050761 -0.22632072
 -0.21330523 -0.2015951  -0.19126411 -0.18231961 -0.17470848 -0.16833125
 -0.16305911 -0.15875001 -0.15526149 -0.15245941 -0.15022309 -0.14844753
 -0.14704364 -0.14593731  0.          0.          0.          0.          0.
  0.          0.          0.          0.          0.          0.          0.
  0.          0.          0.          0.          0.          0.          0.
  0.          0.          0.          0.          0.          0.          0.
  0.          0.          0.          0.          0.          0.          0.
  0.          0.          0.          0.          0.          0.          0.
  0.          0.          0.          0.          0.          0.          0.
  0.        ]
[ 0.60054811  0.59608106 -0.4030972   0.61379471 -0.39113152  0.62491649
 -0.38075428 -0.36539091 -0.34988182  0.66557113 -0.34721256 -0.33296012
 -0.31891107 -0.30499016 -0.29110838 -0.27721625 -0.26334084 -0.24959889
  0.76381517 -0.26794833 -0.25527026 -0.24251646 -0.22994844 -0.21785657
 -0.20651527  0.80385474 -0.22761633 -0.21594753 -0.20494228 -0.19484654
  0.8141797  -0.21494245 -0.20412852 -0.1941834   0.81472109  0.78581816
 -0.24614919 -0.23455469 -0.22296133 -0.21173219 -0.20118191 -0.19154742
 -0.18297433 -0.17551958 -0.16916603 -0.16384291 -0.15944665 -0.15585871
 -0.15295874 -0.15063313 -0.14877983 -0.14731032 -0.14614976  0.          0.
  0.          0.          0.          0.          0.          0.          0.
  0.          0.          0.          0.          0.          0.          0.
  0.          0.          0.          0.          0.          0.          0.
  0.          0.          0.          0.        ]
