0.239297327209,0.448417866392, 0.0
0.505427256471,0.608613989483, 0.0
0.710565768753,0.781295055933, 0.0
0.754839737508,0.915917104665, 1.0
0.881187509752,0.675912088006, 0.0
0.873520245792,0.725749254569, 0.0
0.858324768865,0.834735506993, 1.0
0.239297327209,0.448417866392, 1.0
0.681297263952,0.77197692717, 0.0
0.745858811593,0.669925786627, 1.0
0.917353112344,0.855661831453, 1.0
0.239297327209,0.448417866392, 0.0
0.505427256471,0.709628695417, 0.0
0.708845304095,0.907616745325, 1.0
0.856416645602,0.66486848814, 1.0
0.963694230175,0.801582153937, 0.0
0.943213916738,0.86402207447, 1.0
0.980638169897,0.772589508555, 0.0
0.970382653868,0.874461501687, 0.0
0.239297327209,0.448417866392, 0.0
0.505427256471,0.709628695417, 0.0
0.708845304095,0.907616745325, 1.0
0.856416645602,0.66486848814, 0.0
0.855106596454,0.832692119852, 0.0
0.822321941068,0.742052768886, 0.0
0.816684974703,0.700896471475, 0.0
0.820201907441,0.821220450997, 1.0
0.239297327209,0.448417866392, 0.0
0.505427256471,0.709628695417, 1.0
0.745858811593,0.669925786627, 0.0
0.784186144407,0.808452389105, 1.0
0.239297327209,0.448417866392, 0.0
0.505427256471,0.709628695417, 0.0
0.708845304095,0.653740614009, 0.0
0.768958289804,0.80305391428, 1.0
0.239297327209,0.448417866392, 1.0
0.681297263952,0.77197692717, 1.0
0.863780911982,0.759510412523, 1.0
0.958614243391,0.952691155298, 1.0
0.981369116317,0.877589626717, 1.0
0.993828441684,0.726130819712, 1.0
0.998681169022,0.78047930542, 1.0
0.999682350703,0.884848629741, 1.0
0.239297327209,0.448417866392, 1.0
0.681297263952,0.77197692717, 1.0
0.863780911982,0.759510412523, 1.0
0.958614243391,0.952691155298, 1.0
0.981369116317,0.877589626717, 1.0
0.993828441684,0.726130819712, 1.0
0.998681169022,0.78047930542, 1.0
0.999682350703,0.884848629741, 1.0
0.239297327209,0.448417866392, 0.0
0.505427256471,0.709628695417, 0.0
0.708845304095,0.653740614009, 1.0
0.900199813291,0.849580761235, 0.0
0.239297327209,0.448417866392, 0.0
0.505427256471,0.709628695417, 1.0
0.745858811593,0.709855489593, 1.0
0.911490722777,0.852741669801, 0.0
0.86849659061,0.670254092706, 0.0
0.863840637913,0.935587890337, 1.0
0.936608153614,0.753336174783, 1.0
0.983693266708,0.87918028908, 1.0
0.239297327209,0.448417866392, 0.0
0.505427256471,0.709628695417, 1.0
0.745858811593,0.914296366963, 1.0
0.876418192773,0.840270279571, 1.0
0.955585035152,0.709080753283, 1.0
0.990081219551,0.812693251175, 1.0
0.997348907517,0.77989673749, 0.0
0.995699393759,0.883436619096, 1.0
0.239297327209,0.448417866392, 0.0
0.505427256471,0.709628695417, 1.0
0.745858811593,0.669925786627, 0.0
0.784186144407,0.808452389105, 1.0
0.239297327209,0.448417866392, 0.0
0.505427256471,0.709628695417, 0.0
0.708845304095,0.599076724173, 0.0
0.775730924321,0.919687220845, 1.0
0.892158256923,0.845867266222, 1.0
0.961729604772,0.800754884726, 1.0
0.989487284187,0.776459026793, 1.0
0.997443833017,0.884055045766, 1.0
0.239297327209,0.448417866392, 0.0
0.505427256471,0.709628695417, 0.0
0.708845304095,0.780683278393, 1.0
0.878937343736,0.938312308791, 1.0
0.943942108185,0.703889984567, 1.0
0.987307049938,0.811525097131, 1.0
0.996598441927,0.779568575801, 1.0
0.999178957673,0.884670170288, 1.0
0.239297327209,0.448417866392, 0.0
0.505427256471,0.709628695417, 0.0
0.708845304095,0.780683278393, 1.0
0.878937343736,0.674908895992, 1.0
0.970281260502,0.804355836582, 1.0
0.991904139584,0.958698797534, 1.0
0.996397280973,0.77948061265, 1.0
0.999130223092,0.884652893238, 1.0
0.239297327209,0.448417866392, 1.0
0.681297263952,0.77197692717, 0.0
0.745858811593,0.615578464443, 1.0
0.924626015335,0.748096655768, 0.0
0.903206894623,0.850646811134, 0.0
0.239297327209,0.448417866392, 0.0
0.505427256471,0.709628695417, 1.0
0.745858811593,0.914296366963, 0.0
0.752784936456,0.796307708728, 1.0
0.901270452334,0.684865670759, 0.0
0.890002519732,0.770551870466, 0.0
0.864419928507,0.721769890923, 0.0
0.851508564236,0.832319072764, 0.0
0.239297327209,0.448417866392, 0.0
0.505427256471,0.709628695417, 1.0
0.745858811593,0.709855489593, 1.0
0.911490722777,0.944187035877, 1.0
0.959489175857,0.7108213372, 1.0
0.99099450588,0.881012305074, 1.0
0.997038163429,0.779760856104, 1.0
0.999285417352,0.884707911645, 1.0
0.239297327209,0.448417866392, 1.0
0.681297263952,0.77197692717, 1.0
0.863780911982,0.721490463399, 1.0
0.961921027629,0.871461743847, 1.0
