0.295713059952,0.419503831856, 1.0
0.787363255687,0.599321719107, 0.0
0.884127634704,0.634712666466, 0.0
0.923995202538,0.649293972199, 0.0
0.945578290667,0.657187847441, 1.0
0.295713059952,0.419503831856, 1.0
0.787363255687,0.599321719107, 1.0
0.944575331216,0.656821021492, 1.0
0.988808727391,0.672999100775, 1.0
0.99787500223,0.676315032308, 0.0
0.998167285032,0.676421932857, 1.0
0.999656339289,0.676966544845, 1.0
0.999935686094,0.677068714136, 0.0
0.295713059952,0.419503831856, 1.0
0.787363255687,0.599321719107, 0.0
0.884127634704,0.634712666466, 1.0
0.974383758596,0.6677232615, 1.0
0.295713059952,0.419503831856, 0.0
0.660118733143,0.552782855894, 1.0
0.884127634704,0.634712666466, 0.0
0.923995202538,0.649293972199, 1.0
0.984186750127,0.671308642409, 1.0
0.996978558341,0.675987163739, 1.0
0.999432537846,0.676884690911, 1.0
0.9998937715,0.677053384144, 1.0
0.295713059952,0.419503831856, 0.0
0.660118733143,0.552782855894, 1.0
0.884127634704,0.634712666466, 0.0
0.923995202538,0.649293972199, 1.0
0.295713059952,0.419503831856, 1.0
0.787363255687,0.599321719107, 1.0
0.944575331216,0.656821021492, 1.0
0.988808727391,0.672999100775, 0.0
0.295713059952,0.419503831856, 0.0
0.660118733143,0.552782855894, 0.0
0.848502080288,0.621682849774, 0.0
0.907559884541,0.643282860673, 1.0
0.295713059952,0.419503831856, 1.0
0.787363255687,0.599321719107, 1.0
0.944575331216,0.656821021492, 1.0
0.988808727391,0.672999100775, 1.0
0.99787500223,0.676315032308, 1.0
0.999601376927,0.676946442715, 1.0
0.999925394791,0.677064950159, 1.0
0.9999860431,0.677087131887, 1.0
0.295713059952,0.419503831856, 0.0
0.660118733143,0.552782855894, 0.0
0.848502080288,0.621682849774, 1.0
0.964524563259,0.664117324411, 0.0
0.971989728027,0.666847660264, 0.0
0.295713059952,0.419503831856, 0.0
0.660118733143,0.552782855894, 0.0
0.848502080288,0.621682849774, 1.0
0.964524563259,0.664117324411, 1.0
0.993035978979,0.674545190772, 1.0
0.998685164104,0.676611343786, 1.0
0.999753618989,0.677002124268, 1.0
0.999953897326,0.677075374777, 1.0
0.295713059952,0.419503831856, 1.0
0.787363255687,0.599321719107, 1.0
0.944575331216,0.656821021492, 0.0
0.958344231763,0.661856908039, 1.0
0.991751709662,0.674075477555, 1.0
0.998440003627,0.676521677924, 1.0
0.999707584144,0.67698528732, 1.0
0.999945279966,0.677072223033, 1.0
0.295713059952,0.419503831856, 1.0
0.787363255687,0.599321719107, 0.0
0.884127634704,0.634712666466, 1.0
0.974383758596,0.6677232615, 0.0
0.979255975583,0.66950524343, 0.0
0.295713059952,0.419503831856, 1.0
0.787363255687,0.599321719107, 0.0
0.884127634704,0.634712666466, 0.0
0.923995202538,0.649293972199, 1.0
0.984186750127,0.671308642409, 1.0
0.996978558341,0.675987163739, 0.0
0.997400592456,0.676141519993, 1.0
0.999512075334,0.676913781234, 1.0
0.295713059952,0.419503831856, 1.0
0.787363255687,0.599321719107, 1.0
0.944575331216,0.656821021492, 1.0
0.988808727391,0.672999100775, 1.0
