0.0559283003718,0.487902241159, 0.0
0.319341080097,0.573054004644, 1.0
0.529099523943,0.251566984646, 1.0
0.807848093196,0.672492595194, 1.0
0.943031991569,0.76222995349, 1.0
0.985195437701,0.93341858289, 0.0
0.940142243304,0.762275442693, 0.0
0.876832281332,0.792962769817, 1.0
0.0559283003718,0.487902241159, 0.0
0.319341080097,0.573054004644, 0.0
0.543394161022,0.723465844342, 1.0
0.747646944429,0.640303657117, 1.0
0.921287853665,0.383552419569, 0.0
0.924143535388,0.749641808714, 1.0
0.983035707675,0.791053625435, 0.0
0.963419994122,0.85431455176, 0.0
0.0559283003718,0.487902241159, 0.0
0.319341080097,0.573054004644, 1.0
0.529099523943,0.541969316739, 0.0
0.612300104943,0.271159258827, 0.0
0.700493927143,0.596625177458, 1.0
0.926767882063,0.905230207852, 1.0
0.971030091501,0.784137585288, 0.0
0.939175715251,0.839048387798, 1.0
0.0559283003718,0.487902241159, 0.0
0.319341080097,0.573054004644, 1.0
0.529099523943,0.531375462212, 1.0
0.765086453661,0.832565310884, 1.0
0.888784872176,0.732108199881, 1.0
0.969437537147,0.400261268683, 1.0
0.995559744858,0.798045530382, 0.0
0.990344333503,0.87079687949, 1.0
0.0559283003718,0.487902241159, 0.0
0.319341080097,0.573054004644, 0.0
0.543394161022,0.723465844342, 1.0
0.747646944429,0.32206673663, 0.0
0.786333262296,0.664893737818, 1.0
0.947414409063,0.75413165554, 1.0
0.986951027224,0.793377508265, 1.0
0.996439159753,0.874635666386, 1.0
0.0559283003718,0.487902241159, 1.0
0.305939076101,0.556561774058, 1.0
0.521123567562,0.241962188497, 1.0
0.803510375384,0.836749335986, 1.0
0.919529970045,0.746558046518, 1.0
0.98161106173,0.77323685283, 1.0
0.995533515932,0.797989290438, 1.0
0.998797673224,0.875829798078, 1.0
0.0559283003718,0.487902241159, 0.0
0.319341080097,0.573054004644, 1.0
0.529099523943,0.251566984646, 1.0
0.807848093196,0.683059228073, 0.0
0.747327460112,0.625044133382, 0.0
0.701833097665,0.760864486151, 1.0
0.895615011728,0.733670046851, 1.0
0.981700472235,0.86603780472, 1.0
0.0559283003718,0.487902241159, 0.0
0.319341080097,0.573054004644, 1.0
0.529099523943,0.737542884434, 1.0
0.721972538407,0.639166866854, 1.0
0.903421646479,0.730625210845, 1.0
0.973014840209,0.40152141073, 1.0
0.996018807021,0.798290484446, 0.0
0.991335497869,0.87137886984, 1.0
0.0559283003718,0.487902241159, 0.0
0.319341080097,0.573054004644, 0.0
0.543394161022,0.524021705297, 1.0
0.798896682365,0.340683968394, 1.0
0.961385528497,0.773012853937, 1.0
0.989676806046,0.93545124152, 1.0
0.995675853534,0.798034512319, 1.0
0.998875603782,0.875867055186, 1.0
0.0559283003718,0.487902241159, 1.0
0.305939076101,0.556561774058, 0.0
0.529099523943,0.547872486686, 1.0
0.761628794879,0.747610985617, 1.0
0.0559283003718,0.487902241159, 0.0
0.319341080097,0.573054004644, 0.0
0.543394161022,0.524021705297, 0.0
0.618930609378,0.732123665345, 1.0
0.829121189055,0.692363596937, 1.0
0.958374187631,0.396290754925, 1.0
0.994323472439,0.797384714877, 1.0
0.99841682993,0.875641698485, 1.0
0.0559283003718,0.487902241159, 0.0
0.319341080097,0.573054004644, 0.0
0.543394161022,0.534196062039, 1.0
0.796376205809,0.846676263137, 1.0
0.906606079335,0.731402955721, 1.0
0.975413592874,0.402331529962, 1.0
0.996443023655,0.798519774708, 1.0
0.998999560414,0.875936400045, 1.0
0.0559283003718,0.487902241159, 0.0
0.319341080097,0.573054004644, 1.0
0.529099523943,0.531375462212, 1.0
0.765086453661,0.329062335847, 0.0
0.79972312695,0.837716184828, 1.0
0.919618139565,0.747992872024, 1.0
0.980667786095,0.789852648649, 0.0
0.959014290417,0.851868212888, 0.0
