0.03738630025,0.196955198784, 1.0
0.334406495692,0.599393115398, 0.0
0.383195606498,0.555606324108, 0.0
0.392141991387,0.434086450784, 0.0
0.407438284727,0.637762994461, 1.0
0.03738630025,0.196955198784, 1.0
0.334406495692,0.599393115398, 1.0
0.559946485959,0.807164371684, 1.0
0.728348941774,0.79806275645, 1.0
0.885550123048,0.856215133052, 0.0
0.622565023928,0.764706251891, 1.0
0.81105464983,0.714102489025, 1.0
0.962210987759,0.929232802398, 0.0
0.03738630025,0.196955198784, 1.0
0.334406495692,0.599393115398, 0.0
0.383195606498,0.428106370683, 1.0
0.737322776008,0.811079685765, 1.0
0.03738630025,0.196955198784, 0.0
0.213957975587,0.536111149956, 1.0
0.383195606498,0.740209201771, 0.0
0.38413921728,0.644909632942, 1.0
0.608949270908,0.733468910771, 1.0
0.815421757603,0.814250337843, 1.0
0.93925809531,0.799798206661, 1.0
0.989517516484,0.943579270131, 1.0
0.03738630025,0.196955198784, 0.0
0.213957975587,0.536111149956, 1.0
0.383195606498,0.428106370683, 0.0
0.405392023777,0.636687917619, 1.0
0.03738630025,0.196955198784, 1.0
0.334406495692,0.599393115398, 1.0
0.559946485959,0.54625291036, 1.0
0.872212838702,0.881949035412, 0.0
0.03738630025,0.196955198784, 0.0
0.213957975587,0.536111149956, 0.0
0.373267292922,0.421469934715, 0.0
0.403173709554,0.635522446396, 1.0
0.03738630025,0.196955198784, 1.0
0.334406495692,0.599393115398, 1.0
0.559946485959,0.706958968944, 1.0
0.781502309422,0.844564005944, 1.0
0.904140988402,0.937549020769, 1.0
0.951323456952,0.895573878547, 1.0
0.98583390099,0.830931122608, 1.0
0.997671308076,0.94786315803, 1.0
0.03738630025,0.196955198784, 0.0
0.213957975587,0.536111149956, 0.0
0.373267292922,0.639447054046, 1.0
0.597115162841,0.571097768679, 0.0
0.471262617169,0.671295404793, 0.0
0.03738630025,0.196955198784, 0.0
0.213957975587,0.536111149956, 0.0
0.373267292922,0.549665223908, 1.0
0.641004841875,0.750810605175, 1.0
0.835854663388,0.911681412597, 1.0
0.913607269828,0.910939906378, 1.0
0.965629494262,0.817425782502, 1.0
0.99423125839,0.946055804106, 1.0
0.03738630025,0.196955198784, 1.0
0.334406495692,0.599393115398, 1.0
0.559946485959,0.661374003315, 0.0
0.424303642443,0.755781376234, 1.0
0.611602233002,0.734904132685, 1.0
0.817162784883,0.862481547884, 1.0
0.921950724983,0.788229348156, 1.0
0.986276662898,0.941876571048, 1.0
0.03738630025,0.196955198784, 1.0
0.334406495692,0.599393115398, 0.0
0.383195606498,0.555606324108, 1.0
0.652471113128,0.608099643844, 0.0
0.496861374018,0.6847446331, 0.0
0.03738630025,0.196955198784, 1.0
0.334406495692,0.599393115398, 0.0
0.383195606498,0.611338780474, 0.0
0.388859262165,0.647281211029, 1.0
0.61399734513,0.693718023051, 1.0
0.842430634197,0.914172462397, 0.0
0.502209490562,0.507659460425, 1.0
0.838683033756,0.864332945517, 1.0
0.03738630025,0.196955198784, 1.0
0.334406495692,0.599393115398, 1.0
0.559946485959,0.54625291036, 1.0
0.872212838702,0.881949035412, 1.0
