0.0740587552203,0.364150582234, 0.0
0.217417734005,0.496851819479, 1.0
0.390805435496,0.536850099244, 1.0
0.652479941584,0.724966258836, 1.0
0.0740587552203,0.364150582234, 1.0
0.345742665521,0.564135921151, 1.0
0.581378890627,0.769316420283, 1.0
0.755981831609,0.74287562237, 1.0
0.908402734666,0.892853767144, 0.0
0.689585414537,0.926940379877, 1.0
0.782863689444,0.750611680068, 1.0
0.922405901422,0.866495465289, 0.0
0.0740587552203,0.364150582234, 0.0
0.217417734005,0.496851819479, 1.0
0.390805435496,0.536850099244, 0.0
0.403621281216,0.59448318584, 0.0
0.0740587552203,0.364150582234, 0.0
0.217417734005,0.496851819479, 1.0
0.390805435496,0.66866087956, 1.0
0.5973855915,0.910400438157, 1.0
0.711796479682,0.822576426673, 1.0
0.846216092604,0.791581634328, 1.0
0.946867887724,0.840031546461, 0.0
0.829482926991,0.817773531169, 1.0
0.0740587552203,0.364150582234, 1.0
0.345742665521,0.564135921151, 0.0
0.388193031983,0.667529339098, 1.0
0.594698048879,0.909918313605, 1.0
0.709675142375,0.710707152203, 1.0
0.888474333586,0.848704261092, 1.0
0.0740587552203,0.364150582234, 1.0
0.345742665521,0.564135921151, 1.0
0.581378890627,0.640756298442, 1.0
0.814861327545,0.810107046004, 0.0
0.0740587552203,0.364150582234, 0.0
0.217417734005,0.496851819479, 1.0
0.390805435496,0.545763286989, 1.0
0.648244943834,0.796623215684, 0.0
0.455866785264,0.696841652331, 0.0
0.405347089712,0.875950202537, 1.0
0.552579443057,0.625054000691, 1.0
0.795168155347,0.799781403241, 1.0
0.0740587552203,0.364150582234, 1.0
0.345742665521,0.564135921151, 0.0
0.388193031983,0.544353182276, 0.0
0.402136825997,0.875374305827, 1.0
0.549779459566,0.737519132036, 1.0
0.739970658607,0.83408221328, 1.0
0.863740021708,0.79470781237, 1.0
0.954791130596,0.883475883877, 1.0
0.0740587552203,0.421684975513, 1.0
0.331908451083,0.504737747656, 0.0
0.390805435496,0.587763504355, 1.0
0.0740587552203,0.364150582234, 0.0
0.217417734005,0.496851819479, 1.0
0.390805435496,0.66866087956, 1.0
0.5973855915,0.657269664254, 0.0
0.46641076576,0.886904558086, 1.0
0.604942762362,0.778939447118, 1.0
0.773499619055,0.745506116114, 0.0
0.574985695799,0.684334008728, 0.0
0.0740587552203,0.364150582234, 0.0
0.217417734005,0.496851819479, 1.0
0.390805435496,0.545763286989, 1.0
0.648244943834,0.919524216228, 1.0
0.751403669711,0.824850951487, 1.0
0.876216806466,0.889722489704, 1.0
0.940315731697,0.836459120129, 1.0
0.981454096134,0.8974559707, 1.0
