RMSE: 0.454019404245


Errors: (prediction - observation)

[ 0.36415058 -0.50314818 -0.4631499  -0.27503374  0.          0.          0.
  0.          0.          0.          0.          0.          0.          0.
  0.          0.          0.          0.          0.          0.          0.        ]
[-0.63584942 -0.43586408 -0.23068358 -0.25712438  0.89285377 -0.07305962
 -0.24938832  0.86649547  0.          0.          0.          0.          0.
  0.          0.          0.          0.          0.          0.          0.
  0.        ]
[ 0.36415058 -0.50314818  0.5368501   0.59448319  0.          0.          0.
  0.          0.          0.          0.          0.          0.          0.
  0.          0.          0.          0.          0.          0.          0.        ]
[ 0.36415058 -0.50314818 -0.33133912 -0.08959956 -0.17742357 -0.20841837
  0.84003155 -0.18222647  0.          0.          0.          0.          0.
  0.          0.          0.          0.          0.          0.          0.
  0.        ]
[-0.63584942  0.56413592 -0.33247066 -0.09008169 -0.28929285 -0.15129574
  0.          0.          0.          0.          0.          0.          0.
  0.          0.          0.          0.          0.          0.          0.
  0.        ]
[-0.63584942 -0.43586408 -0.3592437   0.81010705  0.          0.          0.
  0.          0.          0.          0.          0.          0.          0.
  0.          0.          0.          0.          0.          0.          0.        ]
[ 0.36415058 -0.50314818 -0.45423671  0.79662322  0.69684165 -0.1240498
 -0.374946   -0.2002186   0.          0.          0.          0.          0.
  0.          0.          0.          0.          0.          0.          0.
  0.        ]
[-0.63584942  0.56413592  0.54435318 -0.12462569 -0.26248087 -0.16591779
 -0.20529219 -0.11652412  0.          0.          0.          0.          0.
  0.          0.          0.          0.          0.          0.          0.
  0.        ]
[-0.57831502  0.50473775 -0.4122365   0.          0.          0.          0.
  0.          0.          0.          0.          0.          0.          0.
  0.          0.          0.          0.          0.          0.          0.        ]
[ 0.36415058 -0.50314818 -0.33133912  0.65726966 -0.11309544 -0.22106055
  0.74550612  0.68433401  0.          0.          0.          0.          0.
  0.          0.          0.          0.          0.          0.          0.
  0.        ]
[ 0.36415058 -0.50314818 -0.45423671 -0.08047578 -0.17514905 -0.11027751
 -0.16354088 -0.10254403  0.          0.          0.          0.          0.
  0.          0.          0.          0.          0.          0.          0.
  0.        ]
