RMSE: 0.520085452715


Errors: (prediction - observation)

[ 0.33149964 -0.3562956  -0.45681253 -0.15089141 -0.06511735  0.98344541
  0.82116384 -0.13731358  0.          0.          0.          0.          0.
  0.          0.          0.          0.          0.          0.          0.
  0.        ]
[ 0.33149964  0.6437044   0.56156789  0.52699212 -0.30446831  0.          0.
  0.          0.          0.          0.          0.          0.          0.
  0.          0.          0.          0.          0.          0.          0.        ]
[-0.66850036 -0.19539538 -0.25053379  0.94215736  0.          0.          0.
  0.          0.          0.          0.          0.          0.          0.
  0.          0.          0.          0.          0.          0.          0.        ]
[ 0.33149964 -0.3562956   0.62229896 -0.20035511  0.          0.          0.
  0.          0.          0.          0.          0.          0.          0.
  0.          0.          0.          0.          0.          0.          0.        ]
[-0.66850036  0.80460462  0.62343285  0.79977083  0.          0.          0.
  0.          0.          0.          0.          0.          0.          0.
  0.          0.          0.          0.          0.          0.          0.        ]
[ 0.33149964 -0.3562956  -0.45681253  0.88857461  0.73322203 -0.10529727
 -0.25048954 -0.05789907  0.          0.          0.          0.          0.
  0.          0.          0.          0.          0.          0.          0.
  0.        ]
[-0.66850036  0.80460462  0.54439735 -0.11826762 -0.21772432 -0.08718816
 -0.11480667 -0.03294266  0.          0.          0.          0.          0.
  0.          0.          0.          0.          0.          0.          0.
  0.        ]
[-0.66850036  0.80460462  0.54439735 -0.11826762 -0.21772432  0.91281184
 -0.2749462  -0.0640499   0.          0.          0.          0.          0.
  0.          0.          0.          0.          0.          0.          0.
  0.        ]
