RMSE: 0.4616906512


Errors: (prediction - observation)

[ 0.48790224 -0.426946   -0.74843302 -0.3275074  -0.23777005  0.93341858
  0.76227544 -0.20703723  0.          0.          0.          0.          0.
  0.          0.          0.          0.          0.          0.          0.
  0.        ]
[ 0.48790224  0.573054   -0.27653416 -0.35969634  0.38355242 -0.25035819
  0.79105363  0.85431455  0.          0.          0.          0.          0.
  0.          0.          0.          0.          0.          0.          0.
  0.        ]
[ 0.48790224 -0.426946    0.54196932  0.27115926 -0.40337482 -0.09476979
  0.78413759 -0.16095161  0.          0.          0.          0.          0.
  0.          0.          0.          0.          0.          0.          0.
  0.        ]
[ 0.48790224 -0.426946   -0.46862454 -0.16743469 -0.2678918  -0.59973873
  0.79804553 -0.12920312  0.          0.          0.          0.          0.
  0.          0.          0.          0.          0.          0.          0.
  0.        ]
[ 0.48790224  0.573054   -0.27653416  0.32206674 -0.33510626 -0.24586834
 -0.20662249 -0.12536433  0.          0.          0.          0.          0.
  0.          0.          0.          0.          0.          0.          0.
  0.        ]
[-0.51209776 -0.44343823 -0.75803781 -0.16325066 -0.25344195 -0.22676315
 -0.20201071 -0.1241702   0.          0.          0.          0.          0.
  0.          0.          0.          0.          0.          0.          0.
  0.        ]
[ 0.48790224 -0.426946   -0.74843302  0.68305923  0.62504413 -0.23913551
 -0.26632995 -0.1339622   0.          0.          0.          0.          0.
  0.          0.          0.          0.          0.          0.          0.
  0.        ]
[ 0.48790224 -0.426946   -0.26245712 -0.36083313 -0.26937479 -0.59847859
  0.79829048 -0.12862113  0.          0.          0.          0.          0.
  0.          0.          0.          0.          0.          0.          0.
  0.        ]
[ 0.48790224  0.573054   -0.47597829 -0.65931603 -0.22698715 -0.06454876
 -0.20196549 -0.12413294  0.          0.          0.          0.          0.
  0.          0.          0.          0.          0.          0.          0.
  0.        ]
[-0.51209776  0.55656177 -0.45212751 -0.25238901  0.          0.          0.
  0.          0.          0.          0.          0.          0.          0.
  0.          0.          0.          0.          0.          0.          0.        ]
[ 0.48790224  0.573054    0.52402171 -0.26787633 -0.3076364  -0.60370925
 -0.20261529 -0.1243583   0.          0.          0.          0.          0.
  0.          0.          0.          0.          0.          0.          0.
  0.        ]
[ 0.48790224  0.573054   -0.46580394 -0.15332374 -0.26859704 -0.59766847
 -0.20148023 -0.1240636   0.          0.          0.          0.          0.
  0.          0.          0.          0.          0.          0.          0.
  0.        ]
[ 0.48790224 -0.426946   -0.46862454  0.32906234 -0.16228382 -0.25200713
  0.78985265  0.85186821  0.          0.          0.          0.          0.
  0.          0.          0.          0.          0.          0.          0.
  0.        ]
