RMSE: 0.509020385288


Errors: (prediction - observation)

[ 0.48091875 -0.39123659  0.62160165  0.72053459  0.          0.          0.
  0.          0.          0.          0.          0.          0.          0.
  0.          0.          0.          0.          0.          0.          0.        ]
[-0.51908125  0.69636061 -0.30067911 -0.33933365  0.84141209 -0.14553081
 -0.29154842 -0.20777085  0.          0.          0.          0.          0.
  0.          0.          0.          0.          0.          0.          0.
  0.        ]
[-0.51908125  0.69636061  0.62160165  0.72053459  0.          0.          0.
  0.          0.          0.          0.          0.          0.          0.
  0.          0.          0.          0.          0.          0.          0.        ]
[ 0.48091875 -0.39123659 -0.21265509 -0.18314118 -0.32060324 -0.21514658
  0.71115474 -0.20777808  0.          0.          0.          0.          0.
  0.          0.          0.          0.          0.          0.          0.
  0.        ]
[ 0.48091875  0.60876341 -0.43110482 -0.24911761 -0.16172696 -0.13876582
 -0.28918247 -0.20731863  0.          0.          0.          0.          0.
  0.          0.          0.          0.          0.          0.          0.
  0.        ]
[-0.51908125  0.69636061 -0.399868    0.68665577  0.76589346  0.          0.
  0.          0.          0.          0.          0.          0.          0.
  0.          0.          0.          0.          0.          0.          0.        ]
[-0.42644191  0.60154313 -0.29423344  0.          0.          0.          0.
  0.          0.          0.          0.          0.          0.          0.
  0.          0.          0.          0.          0.          0.          0.        ]
[ 0.48091875 -0.39123659 -0.399868    0.7625502  -0.16327288 -0.16172396
  0.7088638   0.78941256  0.          0.          0.          0.          0.
  0.          0.          0.          0.          0.          0.          0.
  0.        ]
[ 0.48091875 -0.39123659 -0.37839835  0.76781022  0.          0.          0.
  0.          0.          0.          0.          0.          0.          0.
  0.          0.          0.          0.          0.          0.          0.        ]
[ 0.48091875  0.60876341 -0.43110482  0.75088239  0.80873046 -0.18135432
  0.69466534 -0.2262537   0.          0.          0.          0.          0.
  0.          0.          0.          0.          0.          0.          0.
  0.        ]
