RMSE: 0.466042085034


Errors: (prediction - observation)

[ 0.44841787  0.60861399  0.78129506 -0.0840829   0.67591209  0.72574925
 -0.16526449  0.          0.          0.          0.          0.          0.
  0.          0.          0.          0.          0.          0.          0.
  0.        ]
[-0.55158213  0.77197693 -0.33007421 -0.14433817  0.          0.          0.
  0.          0.          0.          0.          0.          0.          0.
  0.          0.          0.          0.          0.          0.          0.        ]
[ 0.44841787  0.7096287  -0.09238325 -0.33513151  0.80158215 -0.13597793
  0.77258951  0.8744615   0.          0.          0.          0.          0.
  0.          0.          0.          0.          0.          0.          0.
  0.        ]
[ 0.44841787  0.7096287  -0.09238325  0.66486849  0.83269212  0.74205277
  0.70089647 -0.17877955  0.          0.          0.          0.          0.
  0.          0.          0.          0.          0.          0.          0.
  0.        ]
[ 0.44841787 -0.2903713   0.66992579 -0.19154761  0.          0.          0.
  0.          0.          0.          0.          0.          0.          0.
  0.          0.          0.          0.          0.          0.          0.        ]
[ 0.44841787  0.7096287   0.65374061 -0.19694609  0.          0.          0.
  0.          0.          0.          0.          0.          0.          0.
  0.          0.          0.          0.          0.          0.          0.        ]
[-0.55158213 -0.22802307 -0.24048959 -0.04730884 -0.12241037 -0.27386918
 -0.21952069 -0.11515137  0.          0.          0.          0.          0.
  0.          0.          0.          0.          0.          0.          0.
  0.        ]
[-0.55158213 -0.22802307 -0.24048959 -0.04730884 -0.12241037 -0.27386918
 -0.21952069 -0.11515137  0.          0.          0.          0.          0.
  0.          0.          0.          0.          0.          0.          0.
  0.        ]
[ 0.44841787  0.7096287  -0.34625939  0.84958076  0.          0.          0.
  0.          0.          0.          0.          0.          0.          0.
  0.          0.          0.          0.          0.          0.          0.        ]
[ 0.44841787 -0.2903713  -0.29014451  0.85274167  0.67025409 -0.06441211
 -0.24666383 -0.12081971  0.          0.          0.          0.          0.
  0.          0.          0.          0.          0.          0.          0.
  0.        ]
[ 0.44841787 -0.2903713  -0.08570363 -0.15972972 -0.29091925 -0.18730675
  0.77989674 -0.11656338  0.          0.          0.          0.          0.
  0.          0.          0.          0.          0.          0.          0.
  0.        ]
[ 0.44841787 -0.2903713   0.66992579 -0.19154761  0.          0.          0.
  0.          0.          0.          0.          0.          0.          0.
  0.          0.          0.          0.          0.          0.          0.        ]
[ 0.44841787  0.7096287   0.59907672 -0.08031278 -0.15413273 -0.19924512
 -0.22354097 -0.11594495  0.          0.          0.          0.          0.
  0.          0.          0.          0.          0.          0.          0.
  0.        ]
[ 0.44841787  0.7096287  -0.21931672 -0.06168769 -0.29611002 -0.1884749
 -0.22043142 -0.11532983  0.          0.          0.          0.          0.
  0.          0.          0.          0.          0.          0.          0.
  0.        ]
[ 0.44841787  0.7096287  -0.21931672 -0.3250911  -0.19564416 -0.0413012
 -0.22051939 -0.11534711  0.          0.          0.          0.          0.
  0.          0.          0.          0.          0.          0.          0.
  0.        ]
[-0.55158213  0.77197693 -0.38442154  0.74809666  0.85064681  0.          0.
  0.          0.          0.          0.          0.          0.          0.
  0.          0.          0.          0.          0.          0.          0.        ]
[ 0.44841787 -0.2903713   0.91429637 -0.20369229  0.68486567  0.77055187
  0.72176989  0.83231907  0.          0.          0.          0.          0.
  0.          0.          0.          0.          0.          0.          0.
  0.        ]
[ 0.44841787 -0.2903713  -0.29014451 -0.05581296 -0.28917866 -0.11898769
 -0.22023914 -0.11529209  0.          0.          0.          0.          0.
  0.          0.          0.          0.          0.          0.          0.
  0.        ]
[-0.55158213 -0.22802307 -0.27850954 -0.12853826  0.          0.          0.
  0.          0.          0.          0.          0.          0.          0.
  0.          0.          0.          0.          0.          0.          0.        ]
