0.462309580471,0.701502242206, 1.0
0.636208418572,0.572648085993, 1.0
0.835937642479,0.49906868832, 0.0
0.758576159915,0.700538545621, 0.0
0.567076295317,0.084813832586, 0.0
0.592800220513,0.714331419118, 0.0
0.392896006825,0.582417391736, 0.0
0.304601726536,0.484623356224, 0.0
0.278291336397,0.501576426664, 0.0
0.265627055232,0.709441620303, 1.0
0.39781478518,0.216904688911, 1.0
0.7554267669,0.677391656462, 0.0
0.574210560817,0.506989745131, 0.0
0.450488981145,0.704730043208, 0.0
0.311425516827,0.37686222277, 0.0
0.29754761918,0.635444515222, 0.0
0.2610806805,0.171482860637, 0.0
0.305347612696,0.929335540902, 1.0
0.396769600197,0.856474109529, 1.0
0.501990141858,0.958385562623, 1.0
0.571732874435,0.605872784722, 0.0
0.412372667197,0.957751483236, 1.0
0.490075643369,0.551411795859, 1.0
0.714416424938,0.968142391153, 1.0
0.759520345851,0.777195661346, 0.0
0.529959001902,0.284369755863, 0.0
0.491926954406,0.648819452985, 0.0
0.34406660329,0.654023485186, 0.0
0.275081862533,0.308243576153, 1.0
0.549460862027,0.813222766033, 1.0
0.667644852363,0.817993131284, 1.0
0.775964104974,0.0562832900461, 0.0
0.792383808199,0.756734936121, 0.0
0.585228759781,0.839176198322, 1.0
0.691808099522,0.884470599828, 0.0
0.412875363889,0.52818464413, 0.0
0.325156649744,0.576956162202, 0.0
0.276083852872,0.17853157601, 0.0
0.314598916888,0.714996361414, 1.0
0.453482591718,0.773366035554, 1.0
0.586391912559,0.867961869725, 1.0
0.681790198968,0.918325877842, 1.0
0.749721262066,0.965826086625, 1.0
0.79169103842,0.863684753211, 1.0
0.864302094623,0.968261262853, 1.0
0.890440205583,0.963390313391, 1.0
0.913941387851,0.958286411879, 1.0
0.93453895916,0.914837552185, 1.0
0.95830883482,0.806530136094, 0.0
0.88549011139,0.955728795144, 1.0
0.911988572594,0.986826448491, 1.0
0.92573551434,0.989925661612, 1.0
0.936800347838,0.926326063488, 1.0
0.95815818108,0.933469376038, 0.0
0.834963598555,0.698040573486, 0.0
0.680728222671,0.838820847841, 1.0
0.77957437469,0.961045344445, 1.0
0.819763849821,0.829311299455, 1.0
0.895798381617,0.691760849273, 0.0
0.789015775617,0.479618622084, 1.0
0.939158326373,0.780346236365, 1.0
0.974676913629,0.130846248122, 0.0
0.974757051875,0.862545406404, 1.0
0.987435768765,0.833311449827, 1.0
0.99443526159,0.793057981987, 1.0
0.997835013637,0.815899124165, 1.0
0.999107314022,0.925414808356, 1.0
0.999461004038,0.412010458686, 1.0
0.999898210068,0.787420283827, 1.0
0.999961393001,0.701728379557, 1.0
0.462309580471,0.701502242206, 1.0
0.636208418572,0.572648085993, 1.0
0.835937642479,0.49906868832, 0.0
0.758576159915,0.700538545621, 0.0
0.567076295317,0.084813832586, 0.0
0.592800220513,0.714331419118, 1.0
0.748411259606,0.73244379904, 0.0
0.538204877098,0.5890707289, 0.0
0.391533594357,0.551044739873, 0.0
0.309282600149,0.722295991091, 1.0
0.445431575589,0.232346173052, 1.0
0.793564657354,0.694556277748, 1.0
0.909667376703,0.660427853284, 1.0
0.970174730828,0.840911548543, 0.0
0.908626086467,0.95430899148, 1.0
0.93119993731,0.98037774612, 1.0
0.943698088397,0.797105758003, 1.0
0.97567562886,0.402191402021, 1.0
0.995320384378,0.889520955444, 1.0
0.997533188695,0.790475941062, 0.0
0.99315744754,0.92019917111, 1.0
0.995918904499,0.976424282969, 1.0
0.996842668675,0.941867226322, 1.0
0.997942976873,0.951744852448, 0.0
0.989916644646,0.926491150172, 1.0
0.993794288947,0.953674975815, 1.0
0.995710492781,0.93174407823, 1.0
0.997324087978,0.823389821086, 0.0
0.991858299362,0.647310659221, 1.0
0.997727028723,0.842560871114, 0.0
0.992664721219,0.971187331462, 1.0
0.994463556061,0.991046146736, 1.0
0.995350793436,0.992826809195, 1.0
0.99605655089,0.941191699587, 1.0
0.997435801447,0.943139055863, 1.0
0.998321079077,0.772237739349, 1.0
0.999386417322,0.971021538213, 1.0
0.999540189808,0.985668987954, 1.0
0.999626486262,0.963827893722, 1.0
0.999730440379,0.897561274991, 0.0
0.998943983926,0.972983511412, 1.0
0.999200003618,0.855201527691, 1.0
0.99962846502,0.925128894052, 1.0
0.999776132934,0.935067620727, 1.0
0.99985916825,0.920072392544, 1.0
0.999916966377,0.626596845734, 0.0
0.999840060821,0.893698195162, 1.0
0.999915059073,0.73953475012, 1.0
0.99997145946,0.567064035022, 0.0
0.99995054965,0.807213158222, 0.0
0.999855893614,0.13368983868, 0.0
0.999855816963,0.872284695622, 0.0
0.999484696507,0.838396062447, 0.0
0.998353693513,0.794809969999, 1.0
0.999361092317,0.816565770517, 0.0
0.99808892053,0.925114942496, 1.0
0.9988456844,0.411810918811, 1.0
0.999781886988,0.787367930601, 1.0
0.999917267638,0.701708196595, 1.0
0.462309580471,0.701502242206, 1.0
0.636208418572,0.572648085993, 1.0
0.835937642479,0.49906868832, 0.0
0.758576159915,0.10644088845, 0.0
0.766736715285,0.781825489934, 0.0
0.536883871971,0.643179853921, 1.0
0.723571653604,0.671950915837, 1.0
0.870021004516,0.760065343123, 0.0
0.711561289974,0.840746910643, 1.0
0.805766077723,0.349197801487, 0.0
0.762030741586,0.680363890193, 1.0
0.893363502888,0.652970453597, 0.0
0.798146791978,0.718026655483, 1.0
0.907613287172,0.91013049495, 1.0
0.940075289342,0.901702641747, 1.0
0.963853397045,0.840820897753, 0.0
0.890495751391,0.951432965492, 1.0
0.917266445157,0.979260505028, 1.0
0.932208398144,0.96855159578, 1.0
0.947071009349,0.767837416603, 0.0
0.869145112433,0.892016913103, 1.0
0.915931093513,0.978884143583, 1.0
0.931173779692,0.95163817298, 1.0
0.949609088597,0.879964347738, 0.0
0.834671511161,0.920197243911, 1.0
0.88100164327,0.574368302009, 0.0
0.802063004161,0.893272843211, 1.0
0.863059925227,0.922103811319, 0.0
0.603528750204,0.751995663314, 1.0
0.743492753897,0.621875465539, 1.0
0.894926226545,0.523520653767, 0.0
0.836520862425,0.7349859489, 0.0
0.665269473349,0.0959032887127, 0.0
0.680819586764,0.7484863292, 1.0
0.813183569131,0.759777526116, 1.0
0.908087959306,0.754450844885, 1.0
0.962159220751,0.800314647767, 1.0
0.98405298632,0.920982063086, 1.0
0.990318942357,0.409045811148, 0.0
0.986782966927,0.781517540416, 1.0
0.994944211673,0.699433518417, 1.0
0.462309580471,0.701502242206, 1.0
0.636208418572,0.572648085993, 0.0
0.484160881127,0.353250080365, 0.0
0.426319702403,0.553698903981, 0.0
0.327402567972,0.0577462568399, 0.0
0.387686246675,0.63473928353, 1.0
0.565352345366,0.655193467265, 1.0
0.746140877111,0.682041944546, 0.0
0.559909632683,0.624597482028, 1.0
0.753137567462,0.852989041347, 1.0
0.836488948166,0.359160814799, 0.0
0.796190254068,0.69573797324, 0.0
0.621916734088,0.52881057162, 1.0
0.8385114051,0.97260156716, 1.0
0.866824695544,0.940179205102, 1.0
0.901149124755,0.95637979323, 1.0
0.924638753702,0.907857574473, 1.0
0.952540823108,0.798105395042, 0.0
0.873318515471,0.746035294714, 0.0
0.724484063771,0.35195856337, 0.0
0.667760968851,0.859766652652, 1.0
0.759896735743,0.899433325256, 1.0
0.825601685728,0.611265133769, 0.0
0.704021298262,0.837778922068, 1.0
0.800363709633,0.827566318092, 1.0
0.881994638367,0.981993396826, 1.0
0.901279284153,0.753013201036, 1.0
0.959003512382,0.988215962641, 1.0
0.965663920047,0.76630641257, 0.0
0.913603950082,0.981966160489, 0.0
0.668932724276,0.741886674037, 1.0
0.805555770905,0.937958885161, 1.0
0.850697488349,0.973922749553, 1.0
0.876903319085,0.894658859913, 1.0
0.921036882352,0.974807571149, 1.0
0.936464820091,0.393626499412, 0.0
0.915844598932,0.860782010714, 1.0
0.953957371573,0.0668596542482, 0.0
0.956785715342,0.945888767438, 1.0
0.969851321294,0.913151168068, 1.0
0.981861461812,0.845694012294, 0.0
0.942496347433,0.969822874431, 1.0
0.955169982421,0.922998232281, 1.0
0.971380707066,0.911321835628, 1.0
0.982942949459,0.412572834684, 0.0
0.976637171771,0.811402409565, 0.0
0.933305391375,0.914496619979, 1.0
0.957505256643,0.806182885369, 0.0
0.883516362587,0.956774837095, 1.0
0.91006392725,0.381008520711, 0.0
0.883315127735,0.970168313427, 1.0
0.906000490963,0.608937498479, 1.0
0.971872410991,0.96818831254, 1.0
0.978695823698,0.990239416382, 1.0
0.982093435471,0.992274321975, 1.0
0.98480212759,0.938368296253, 1.0
0.990084086342,0.941329151634, 1.0
0.993493401925,0.770045002529, 1.0
0.997614428705,0.889509277045, 0.0
0.990978369829,0.839740179211, 1.0
0.995950863378,0.892307598655, 1.0
0.99784578681,0.73858526527, 1.0
0.999275123088,0.566775389461, 0.0
0.998744997912,0.806680368622, 0.0
0.996354102133,0.133294363518, 0.0
0.996354043201,0.870925872297, 1.0
0.99820502116,0.837856043156, 1.0
0.999209870283,0.795192779109, 1.0
0.999693528889,0.816710990832, 1.0
0.999873775088,0.92564049274, 1.0
0.999923807498,0.412160539618, 0.0
0.999895355755,0.787418999194, 1.0
0.99996031034,0.701727884348, 1.0
0.462309580471,0.701502242206, 1.0
0.636208418572,0.572648085993, 0.0
0.484160881127,0.353250080365, 1.0
0.78600597688,0.712661062436, 1.0
0.901208847092,0.122549124871, 0.0
0.902571774684,0.83453473379, 1.0
0.949657134035,0.817368975356, 1.0
0.977210001807,0.785356317332, 1.0
0.99103505201,0.812928655034, 0.0
0.973771751926,0.917954754658, 0.0
0.896908337685,0.378754009491, 0.0
0.86695377613,0.727586327793, 1.0
0.944799283592,0.67649720431, 0.0
0.887011175369,0.976537303915, 1.0
0.907245931454,0.947377219651, 1.0
0.931744544295,0.925626294786, 1.0
0.954647515058,0.942230517261, 1.0
0.968751048054,0.886684830248, 1.0
0.982922258757,0.924835405975, 1.0
0.989449200856,0.981463086113, 1.0
0.991575678568,0.953208203902, 1.0
0.994173724288,0.970244614093, 1.0
0.995629921034,0.44616968957, 1.0
0.999130617196,0.417886865044, 1.0
0.999834441553,0.935083397685, 1.0
0.999895851401,0.92008366415, 1.0
0.99993859541,0.968793949843, 1.0
0.999954546331,0.985890755612, 1.0
0.999963038386,0.626617080922, 1.0
0.99999021412,0.791578220648, 1.0
0.999996247076,0.929368372953, 1.0
0.999997698375,0.976928298242, 1.0
0.99999822039,0.922267888466, 1.0
0.999998941279,0.855526572383, 1.0
0.999999508519,0.893755206259, 1.0
0.999999739002,0.739573605475, 0.0
0.999999361929,0.567075601162, 1.0
0.999999848058,0.80723494549, 1.0
0.99999993914,0.133706106475, 0.0
0.999999939106,0.872340620574, 1.0
0.999999970076,0.838613506401, 1.0
0.999999986841,0.795546051736, 1.0
0.999999994899,0.816844866268, 1.0
0.999999997899,0.925677659034, 1.0
0.999999998732,0.41218524741, 0.0
0.999999998258,0.787466095374, 1.0
0.999999999339,0.701746038115, 0.0
0.462309580471,0.701502242206, 1.0
0.636208418572,0.572648085993, 1.0
0.835937642479,0.734728196776, 0.0
0.664431426686,0.427975880636, 1.0
0.889459371312,0.121222196679, 0.0
0.891170020113,0.830110413112, 1.0
0.943424795165,0.814738946398, 0.0
0.844898455436,0.726197896908, 1.0
0.933301814787,0.787708689335, 0.0
0.830596125073,0.875796705805, 0.0
0.576834207865,0.274958277836, 0.0
0.540086482427,0.580474014016, 1.0
0.751898158191,0.33672626708, 0.0
0.703390486446,0.670543628145, 1.0
0.856137209637,0.673562334453, 1.0
0.946243748218,0.544792808146, 0.0
0.9119756638,0.768332948615, 0.0
0.791081927073,0.11011193043, 1.0
0.964118963347,0.858417417615, 0.0
0.885773805895,0.790410395851, 1.0
0.946281918077,0.771527920413, 0.0
0.86622182046,0.758405722146, 1.0
0.940067559513,0.908030558609, 0.0
0.792452005962,0.344880227241, 1.0
0.951961256703,0.765845423751, 1.0
0.981197799229,0.693145902785, 0.0
0.959163847203,0.879154268958, 1.0
0.462309580471,0.701502242206, 1.0
0.636208418572,0.572648085993, 0.0
0.484160881127,0.353250080365, 0.0
0.426319702403,0.553698903981, 0.0
0.327402567972,0.0577462568399, 0.0
0.387686246675,0.63473928353, 0.0
0.294333327358,0.540824226382, 0.0
0.268001355529,0.468258797007, 1.0
0.469791138194,0.585230464877, 1.0
0.67876164432,0.831089058296, 1.0
0.780796362242,0.341100458884, 0.0
0.735115766329,0.668250337196, 0.0
0.552566201239,0.4970896047, 0.0
0.434753605792,0.625558697612, 1.0
0.623163833406,0.875698288891, 1.0
0.713008726322,0.923278091664, 1.0
0.775651907656,0.96790530571, 1.0
0.813727575086,0.544821002974, 1.0
0.94215190555,0.427588457621, 1.0
0.987923255909,0.975436263193, 1.0
0.990646157599,0.932597261426, 0.0
0.958993849219,0.907515734452, 1.0
0.975444396547,0.98371362407, 1.0
0.980008148179,0.96033435673, 1.0
0.985512837031,0.892569667164, 0.0
0.946206620935,0.767449631563, 1.0
0.978634268417,0.923270595578, 1.0
0.98679878826,0.939361440238, 1.0
0.99137338846,0.950301161502, 0.0
0.959093993186,0.879129292403, 1.0
0.977867922421,0.729418429218, 0.0
0.948175986837,0.545593760274, 0.0
0.914971695693,0.769657034993, 0.0
0.796909350974,0.110770051116, 0.0
0.802698518985,0.795780057254, 1.0
0.892370876699,0.793194340629, 1.0
0.949586577077,0.773005481607, 0.0
0.873540153225,0.761602634534, 1.0
0.943617379478,0.909075802739, 1.0
0.965263774561,0.40092075751, 0.0
0.953301342835,0.766448552836, 1.0
0.981738611435,0.693393270547, 0.0
0.462309580471,0.701502242206, 1.0
0.636208418572,0.572648085993, 1.0
0.835937642479,0.49906868832, 1.0
0.954809759488,0.787263335424, 0.0
0.88209229917,0.120390195669, 0.0
0.884040758045,0.827343984368, 1.0
0.939489317132,0.813078186063, 1.0
0.972443093288,0.78322496307, 0.0
0.927220076105,0.785051965958, 0.0
0.81768192341,0.871994120431, 0.0
0.559070474967,0.269197738382, 0.0
0.524942031059,0.573657990129, 1.0
0.740113647807,0.58287389653, 1.0
0.900944073487,0.977667952965, 1.0
0.918789992434,0.949432929156, 1.0
0.940386007302,0.624305709831, 1.0
0.982660483059,0.40444647747, 1.0
0.99668520799,0.934231288217, 1.0
0.997912599851,0.919474271829, 1.0
0.998768375847,0.890767770882, 1.0
0.999351788691,0.417959470442, 1.0
0.999876583946,0.973114469755, 1.0
0.99990651905,0.922240157074, 1.0
0.999944384666,0.968794868196, 1.0
0.99995883177,0.985891099236, 1.0
0.999966523194,0.44767646595, 1.0
0.999993365454,0.929367550393, 1.0
0.999995931105,0.069595266568, 0.0
0.999996168367,0.932928548875, 1.0
0.999997613151,0.824545133139, 1.0
0.999998994509,0.80231394715, 0.0
0.999997109859,0.971112558681, 1.0
0.999997834399,0.954980135481, 1.0
0.999998505406,0.92523823855, 1.0
0.999999099558,0.821542258862, 1.0
0.99999962405,0.414320635781, 0.0
0.999999482159,0.942654800344, 1.0
0.999999662942,0.952196816691, 1.0
0.999999770505,0.81878346959, 1.0
0.999999904958,0.929696276861, 1.0
0.999999941629,0.982489518408, 1.0
0.999999953449,0.89037501981, 1.0
0.99999997559,0.989324495436, 1.0
0.99999997975,0.797091375826, 1.0
0.999999992116,0.990500752136, 1.0
0.999999993414,0.781821171212, 1.0
0.99999999754,0.987962113451, 1.0
0.999999997975,0.870929141013, 1.0
0.99999999901,0.6907699315, 1.0
0.999999999702,0.84351088962, 1.0
0.999999999867,0.976928582637, 1.0
0.999999999897,0.981872072165, 1.0
0.999999999918,0.853116695431, 0.0
0.999999999726,0.972245349489, 1.0
0.999999999793,0.991329409865, 1.0
0.999999999827,0.993020560252, 1.0
0.999999999853,0.942180994787, 1.0
0.999999999904,0.94377033082, 1.0
0.999999999938,0.773000307241, 0.0
0.999999999834,0.897655913662, 1.0
0.999999999911,0.893755381958, 1.0
0.999999999952,0.739573725212, 1.0
0.999999999984,0.567075865648, 1.0
0.999999999996,0.807235012639, 1.0
0.999999999998,0.133706113348, 0.0
0.999999999998,0.872340644203, 1.0
0.999999999999,0.838613519029, 1.0
1.0,0.795546057619, 1.0
1.0,0.816844868496, 1.0
1.0,0.925677659652, 1.0
1.0,0.412185247821, 1.0
1.0,0.787466096157, 1.0
1.0,0.701746038417, 1.0
0.462309580471,0.701502242206, 1.0
0.636208418572,0.572648085993, 0.0
0.484160881127,0.353250080365, 0.0
0.426319702403,0.553698903981, 1.0
0.643834532311,0.0934825315584, 0.0
0.661399136357,0.74095044516, 0.0
0.440185533572,0.6023734351, 0.0
0.3250133866,0.493749706877, 1.0
0.542058880409,0.616799627937, 1.0
0.739294406796,0.848912924088, 1.0
0.826372004947,0.355880026301, 0.0
0.784811278499,0.690616667265, 0.0
0.607981724737,0.522436691673, 1.0
0.830144003702,0.613335888153, 0.0
0.710030319786,0.922805625239, 1.0
0.773191648016,0.967708032612, 1.0
0.811641387313,0.865306919549, 1.0
0.879536880184,0.371152796825, 0.0
0.846453998712,0.966471058137, 0.0
0.54693282565,0.0426742458947, 0.0
0.58685683068,0.687441305353, 1.0
0.753495998122,0.811111699837, 0.0
0.505606542275,0.801356805531, 0.0
0.32037638955,0.711288192793, 1.0
0.461157929944,0.941979485171, 0.0
0.285286830988,0.836621807227, 1.0
0.393816819791,0.902022718145, 1.0
0.486850707129,0.782890964982, 0.0
0.314996560177,0.876941672268, 1.0
0.415934850732,0.24475143455, 0.0
0.404830700072,0.674379156921, 0.0
0.296063444137,0.945592336799, 1.0
0.385336257752,0.522647858067, 1.0
0.608346588368,0.968673376023, 1.0
0.664477462557,0.630215277623, 0.0
0.489048113772,0.952501654883, 1.0
0.561725359148,0.700099690022, 1.0
0.724665279759,0.897053108459, 1.0
0.795997358627,0.940707482809, 1.0
0.841534295293,0.720491156228, 0.0
0.680806890555,0.722495953207, 0.0
0.466396630412,0.895280039541, 1.0
0.558239678697,0.968727462302, 1.0
0.619348600507,0.977157291416, 1.0
0.671270605915,0.859712471769, 1.0
0.763070846342,0.885441210195, 0.0
0.480677577731,0.537123432954, 1.0
0.710680152902,0.84734617176, 1.0
0.802552650148,0.96328079355, 1.0
0.838976944507,0.832986182594, 1.0
0.908550441235,0.919839740359, 1.0
0.938802899869,0.938748605451, 1.0
0.957656708202,0.608035808483, 0.0
0.922775102042,0.866143342492, 0.0
0.769326685655,0.633729356044, 0.0
0.613520007021,0.406872063783, 0.0
0.527771034999,0.598534984621, 1.0
0.732806923463,0.103530637221, 0.0
0.742781223398,0.772529834828, 0.0
0.511629812874,0.632522714103, 0.0
0.360279024708,0.509517487565, 1.0
0.582350471648,0.634400451966, 1.0
0.769973710154,0.85794644186, 1.0
0.848645362838,0.363102976435, 0.0
0.810036559246,0.701969743843, 0.0
0.639576861303,0.536888322261, 1.0
0.462309580471,0.701502242206, 1.0
0.636208418572,0.572648085993, 0.0
0.484160881127,0.353250080365, 0.0
0.426319702403,0.553698903981, 0.0
0.327402567972,0.0577462568399, 0.0
0.387686246675,0.63473928353, 0.0
0.294333327358,0.540824226382, 1.0
0.481808683924,0.563855169128, 1.0
0.700598578883,0.686055501154, 0.0
0.503468887019,0.77947412363, 0.0
0.323246712222,0.192723266642, 0.0
0.34624014958,0.493230098544, 1.0
0.570939756576,0.505493677706, 1.0
0.80668126754,0.882820634368, 1.0
0.870191655112,0.880229546172, 1.0
0.919528855174,0.861170849382, 0.0
0.763992849994,0.744868556861, 1.0
0.878565679543,0.596675824809, 1.0
0.962809380265,0.877764771531, 1.0
0.980098118387,0.812904574859, 1.0
0.991590749037,0.971950949291, 1.0
0.993621834064,0.891474845862, 1.0
0.996603119292,0.738015067715, 1.0
0.998855976636,0.566601644749, 1.0
0.999727319906,0.807114502575, 0.0
0.999205824846,0.1336164231, 0.0
0.999205478489,0.872032339203, 1.0
0.999609401603,0.838448687637, 1.0
0.999828200233,0.79546924344, 0.0
0.999515577816,0.816633255369, 0.0
0.998550410058,0.92525082804, 0.0
0.993674475758,0.41013396546, 0.0
0.991346108344,0.78357126162, 1.0
0.996699515757,0.700236395345, 1.0
0.462309580471,0.701502242206, 1.0
0.636208418572,0.572648085993, 1.0
0.835937642479,0.49906868832, 0.0
0.758576159915,0.700538545621, 0.0
0.567076295317,0.084813832586, 1.0
0.898565939515,0.832980315191, 1.0
0.947476070806,0.816448572989, 1.0
0.976192254386,0.784901267629, 0.0
0.936571836055,0.789137152871, 0.0
0.83768924668,0.877885274745, 0.0
0.587096996269,0.278286361964, 0.0
0.548957564949,0.584466599082, 1.0
0.758650081569,0.591352470205, 0.0
0.618335395386,0.954734372963, 0.0
0.345751218445,0.847389007458, 1.0
0.45320980479,0.257702823283, 1.0
0.791841451002,0.863729199139, 0.0
0.527069958035,0.659583466553, 0.0
0.363121019086,0.577318833952, 0.0
0.291712439106,0.737173814492, 1.0
0.421696963748,0.57464372304, 1.0
0.629535684992,0.915897257374, 0.0
0.360692931128,0.820477216073, 1.0
0.475290830401,0.811748459025, 1.0
0.594919115496,0.863178893231, 0.0
0.353406120093,0.917017231682, 1.0
0.444690226826,0.382736901648, 0.0
0.384486486464,0.753671095482, 1.0
0.519994006231,0.471944538941, 0.0
0.415790036775,0.221431114549, 0.0
0.41219631083,0.222865226088, 0.0
0.4087128087,0.677399960345, 0.0
0.297266818086,0.187481497341, 0.0
0.328015349747,0.503780706095, 0.0
0.286223511181,0.706415358134, 1.0
0.422724021362,0.567261857117, 1.0
0.633865681759,0.66262824659, 1.0
0.804385131158,0.828978184682, 1.0
0.884596606326,0.80857557952, 0.0
0.714871496563,0.523514590983, 1.0
0.898439786678,0.958870426678, 1.0
0.921780161931,0.861987882424, 1.0
0.957451328181,0.772494272586, 0.0
0.892401734367,0.899070228712, 1.0
0.931362982909,0.975812149247, 1.0
0.944837679009,0.0663177618957, 0.0
0.948260166252,0.964782554932, 1.0
0.960655180665,0.989316396255, 1.0
0.966895066401,0.991640945046, 1.0
0.97188250889,0.935127144437, 1.0
0.981582723546,0.939236217908, 1.0
0.987884557751,0.767497458699, 1.0
0.99554133614,0.989047501817, 1.0
0.996300034873,0.795439373518, 1.0
0.998556098061,0.990420281959, 1.0
0.998793719282,0.781276116109, 0.0
0.996730160049,0.987735184184, 1.0
0.997308290257,0.86987997478, 1.0
0.99868192455,0.968594603387, 1.0
0.999024090938,0.985816148114, 1.0
0.999206351007,0.93491345097, 0.0
0.996380917608,0.919003632894, 1.0
0.997863405087,0.976664564293, 1.0
0.998347487089,0.893164520066, 1.0
0.999121786549,0.739170757301, 1.0
0.999704752087,0.566953479402, 1.0
0.99992967645,0.80720393338, 1.0
0.999971830663,0.133702932042, 0.0
0.999971815198,0.872329707413, 1.0
0.999986149275,0.838607674064, 1.0
0.999993909239,0.795543334351, 1.0
0.999997638726,0.816843837006, 1.0
0.999999027651,0.925677373344, 1.0
0.999999413092,0.412185057495, 0.0
0.999999193892,0.787465733354, 1.0
0.999999694278,0.70174589858, 0.0
0.462309580471,0.701502242206, 0.0
0.260494445815,0.400251861681, 1.0
0.484160881127,0.353250080365, 0.0
0.426319702403,0.553698903981, 0.0
0.327402567972,0.0577462568399, 0.0
0.387686246675,0.63473928353, 0.0
0.294333327358,0.540824226382, 0.0
0.268001355529,0.468258797007, 0.0
0.264766149783,0.495668136069, 1.0
0.455264235848,0.765280268965, 0.0
0.30413715527,0.186526294564, 0.0
0.333364185831,0.487435046988, 1.0
0.556102940266,0.498707310824, 0.0
0.437279205724,0.777405408918, 0.0
0.295343511751,0.520042529253, 0.0
0.270458915652,0.70966409187, 1.0
0.403451794487,0.594175618895, 1.0
0.600043759614,0.745224908787, 0.0
0.388572473402,0.920544497104, 0.0
0.26674237324,0.175488931014, 0.0
0.308543927734,0.654895058913, 0.0
0.263088914371,0.19164426948, 0.0
0.302613340808,0.890752732994, 0.0
0.248336000592,0.468382620838, 0.0
0.257123062407,0.734122946378, 0.0
0.244478035009,0.687966958301, 0.0
0.243285213167,0.753866801431, 0.0
0.240585345225,0.785312758607, 0.0
0.239006851003,0.45018312631, 0.0
0.255049801755,0.850631791268, 1.0
0.36043647531,0.934611732343, 0.0
0.25905864131,0.174938652091, 0.0
0.303199332664,0.373112065468, 1.0
0.563496872727,0.628597214821, 1.0
0.754915442671,0.903417419453, 0.0
0.463476915993,0.776218915683, 0.0
0.305951683438,0.321801843909, 0.0
0.304491379446,0.92926605792, 1.0
0.395974629675,0.856332545095, 1.0
0.501239161613,0.652608088408, 0.0
0.348714194935,0.655704083606, 0.0
0.276572509817,0.0266094293952, 0.0
0.352550299997,0.662257417442, 0.0
0.277277982124,0.407952981416, 0.0
0.275455382197,0.266737414748, 0.0
0.296196310689,0.496191301718, 1.0
0.500771173141,0.0773256571537, 0.0
0.534706312199,0.691788741305, 0.0
0.359555143893,0.568347644115, 0.0
0.291396039954,0.47871890132, 1.0
0.500596658731,0.5986874302, 1.0
0.705490576195,0.838959389585, 1.0
0.801194209867,0.347715206285, 0.0
0.757046959814,0.678120852478, 0.0
0.575994404203,0.50780567595, 0.0
0.462309580471,0.701502242206, 0.0
0.260494445815,0.400251861681, 1.0
0.484160881127,0.353250080365, 0.0
0.426319702403,0.553698903981, 0.0
0.327402567972,0.0577462568399, 0.0
0.387686246675,0.63473928353, 0.0
0.294333327358,0.540824226382, 0.0
0.268001355529,0.468258797007, 0.0
0.264766149783,0.495668136069, 1.0
0.455264235848,0.765280268965, 1.0
0.591167107637,0.279606244291, 0.0
0.552500786936,0.586061287798, 0.0
0.403590180859,0.428947901671, 0.0
0.342194306352,0.356950803814, 0.0
0.319613377011,0.874108474212, 1.0
0.421079606749,0.961709890542, 1.0
0.497033184508,0.972059917992, 1.0
0.563058910165,0.832565344417, 0.0
0.342772796917,0.781968863061, 1.0
0.466713198289,0.530780794868, 1.0
0.698637198494,0.867469773694, 1.0
0.784420171755,0.904822439504, 1.0
0.844475041917,0.951292543998, 1.0
0.879136303514,0.378495555789, 0.0
0.844624829865,0.778569767181, 1.0
0.924006088155,0.907676980076, 1.0
0.952131607608,0.880849969971, 0.0
0.841652595448,0.720544228469, 1.0
0.932422109433,0.789339581976, 0.0
0.8279449513,0.358280125086, 0.0
0.786127152603,0.728714760604, 0.0
0.590753136023,0.446888878368, 1.0
0.839708214768,0.972698687781, 1.0
0.867826609172,0.940357620945, 0.0
0.60032666329,0.624756833478, 0.0
0.429790803382,0.835014669948, 1.0
0.541382361021,0.920257345562, 0.0
0.316508307303,0.750191214551, 1.0
0.446358887275,0.749998747048, 1.0
0.587415514317,0.687668603626, 0.0
0.397373425599,0.873208673553, 0.0
0.272543584621,0.927564141679, 1.0
0.366084368249,0.667096572132, 0.0
0.281708146274,0.409985760678, 1.0
0.513962429496,0.365603427076, 0.0
0.448042208814,0.563299093789, 0.0
0.337884791499,0.0589300677751, 0.0
0.396381081705,0.638113214988, 1.0
0.574211742117,0.658932107042, 0.0
0.396587090055,0.525751352662, 1.0
0.620777017802,0.651186556861, 0.0
0.437994559017,0.760195214368, 0.0
0.297861716303,0.184491254183, 0.0
0.329182347927,0.485552938065, 0.0
0.289329853032,0.376685173032, 0.0
0.462309580471,0.701502242206, 1.0
0.636208418572,0.572648085993, 1.0
0.835937642479,0.49906868832, 0.0
0.758576159915,0.700538545621, 0.0
0.567076295317,0.084813832586, 0.0
0.592800220513,0.714331419118, 1.0
0.748411259606,0.73244379904, 1.0
0.870901954549,0.737824440284, 1.0
0.945482523348,0.793029663298, 0.0
0.857570867688,0.883739416041, 0.0
0.617983966508,0.28830259063, 0.0
0.576209099881,0.596731626618, 0.0
0.419280181589,0.436124515515, 1.0
0.687297814166,0.889191393044, 1.0
0.765974172565,0.948010084923, 1.0
0.812791352013,0.875930730698, 1.0
0.877210840032,0.981696202664, 1.0
0.897242094721,0.751210621138, 1.0
0.957210352785,0.988116027422, 1.0
0.964157986254,0.765625956215, 0.0
0.910107913203,0.981723532807, 1.0
0.92548910505,0.841886495594, 1.0
0.96213675966,0.840122490484, 1.0
0.982058106898,0.984250323992, 1.0
0.985401675825,0.961294809561, 1.0
0.989433220004,0.887392119715, 1.0
0.994414725616,0.789076924935, 0.0
0.984623227848,0.920694945237, 1.0
0.990684339772,0.970901687329, 1.0
0.992966487341,0.990969551652, 1.0
0.994093120216,0.992774396914, 1.0
0.994989495767,0.940924006884, 1.0
0.99674090941,0.942967981765, 1.0
0.997865657876,0.772030886486, 1.0
0.999219741793,0.970996696113, 1.0
0.999415268619,0.409855796619, 1.0
0.999889883851,0.935098399083, 1.0
0.999930729993,0.920094381271, 1.0
0.999959159888,0.890360215214, 1.0
0.999978584274,0.932923689001, 1.0
0.999986659368,0.824540399674, 0.0
0.999959109237,0.897641557528, 0.0
0.999839666027,0.626562894814, 0.0
0.99969119678,0.852990326491, 0.0
0.998966131233,0.929402030187, 1.0
0.999364811302,0.982427729545, 1.0
0.999493394027,0.942528539522, 1.0
0.999670204346,0.952124416966, 0.0
0.998368892373,0.968544946904, 0.0
0.991296220382,0.985196497674, 1.0
0.992916701937,0.891222723339, 1.0
0.996226374242,0.737842198382, 1.0
0.998728757516,0.566548909842, 1.0
0.999696965125,0.807101087381, 1.0
0.999878596567,0.13369240264, 0.0
0.999878531586,0.872293509772, 1.0
0.99994030455,0.838588327722, 1.0
0.99997374865,0.795534320259, 1.0
0.999989822711,0.816840422688, 1.0
0.999995809075,0.925676425635, 1.0
0.999997470364,0.412184427494, 0.0
0.99999652559,0.787464532439, 0.0
0.999990412119,0.701741652916, 0.0
