0.133797877356,0.588702282607, 1.0
0.276538044101,0.431769651738, 0.0
0.204648639901,0.195175079061, 0.0
0.254398801545,0.348323196029, 0.0
0.274625653389,0.25435629877, 0.0
0.315066433441,0.576359544262, 1.0
0.543312062927,0.648328979806, 1.0
0.783170290767,0.761313783811, 0.0
0.534650407153,0.580690680713, 1.0
0.801500937672,0.891255684329, 0.0
0.48152697713,0.314482926922, 0.0
0.470433254569,0.494861471554, 1.0
0.785791571605,0.64735385002, 0.0
0.621429349645,0.871193464047, 1.0
0.744734548091,0.832560392072, 1.0
0.869332433184,0.866537599267, 0.0
0.601076187337,0.895071589348, 1.0
0.716075987998,0.758000804352, 1.0
0.879192622398,0.792772906466, 1.0
0.961618687754,0.939630513584, 1.0
0.980228071886,0.948272772687, 1.0
0.9902985374,0.793729407666, 0.0
0.96942052482,0.927023490136, 1.0
0.985852402593,0.84033389313, 1.0
0.996485411461,0.975368710238, 1.0
0.997898581399,0.914007664536, 1.0
0.999255254496,0.837419004836, 1.0
0.999825839165,0.971678320972, 1.0
0.999901043689,0.964950387977, 1.0
0.999947557255,0.979637824039, 1.0
0.999967447672,0.959742902474, 1.0
0.999983603953,0.95035765778, 1.0
0.999992416539,0.960907977396, 1.0
0.999996138078,0.942401417643, 0.0
0.9999727378,0.967473902539, 1.0
0.999985183396,0.930129900038, 1.0
0.999994172828,0.935750259608, 0.0
0.999960977391,0.928929986064, 1.0
0.999984786451,0.859706434633, 0.0
0.999935808436,0.659053414877, 1.0
0.999990432342,0.912044390247, 0.0
0.99994584156,0.910451288046, 1.0
0.999981404567,0.819424716857, 1.0
0.999995979879,0.961352605775, 1.0
0.999997826411,0.876554063393, 1.0
0.999999387875,0.63068740744, 1.0
0.999999925142,0.810904568454, 1.0
0.99999998436,0.662821193588, 0.0
0.999999966291,0.925834164478, 1.0
0.999999987152,0.900977547146, 1.0
0.999999995844,0.884982523854, 1.0
0.999999998775,0.846486010321, 1.0
0.999999999669,0.962079617174, 0.0
0.999999997214,0.572327612245, 1.0
0.9999999997,0.814746922776, 1.0
0.133797877356,0.588702282607, 1.0
0.276538044101,0.431769651738, 0.0
0.204648639901,0.195175079061, 0.0
0.254398801545,0.348323196029, 0.0
0.274625653389,0.25435629877, 0.0
0.315066433441,0.576359544262, 1.0
0.543312062927,0.648328979806, 0.0
0.378520816849,0.528948009872, 1.0
0.653532277875,0.648637102577, 0.0
0.472362666949,0.772664410366, 0.0
0.352992257654,0.250236229591, 0.0
0.398128937865,0.450575627226, 0.0
0.377625037128,0.4379568249, 0.0
0.37312773716,0.642817318588, 1.0
0.58579397181,0.663256318771, 0.0
0.421604075518,0.647916902913, 1.0
0.643040385584,0.649996502087, 1.0
0.868735131616,0.866239279946, 1.0
0.943939566506,0.578513392255, 0.0
0.902537758661,0.779621925025, 1.0
0.975120166449,0.82729904535, 0.0
0.913237150976,0.962763523669, 1.0
0.943600759573,0.878693428481, 1.0
0.980068037298,0.848925980418, 0.0
0.92640050296,0.873514178628, 1.0
0.973077981305,0.86087156776, 0.0
0.892833499933,0.84662356605, 0.0
0.668015554174,0.861252900479, 0.0
0.414800582243,0.77231871341, 1.0
0.58288515906,0.637382925108, 1.0
0.823341083403,0.536004416176, 1.0
0.973513508508,0.794937801055, 1.0
0.994329022631,0.659671975733, 0.0
0.98791610958,0.919883465123, 0.0
0.931572650714,0.863818949451, 0.0
0.75270531876,0.745362643277, 0.0
0.522343799531,0.576492705845, 0.0
0.423741354679,0.758346818905, 1.0
0.598897431088,0.373161821263, 0.0
0.551013305456,0.544243382618, 1.0
0.133797877356,0.588702282607, 0.0
0.0691388219729,0.299186536671, 0.0
0.146666040043,0.162359147166, 0.0
0.221603598192,0.326641425314, 1.0
0.53231398024,0.399986391138, 0.0
0.448132558111,0.645598328067, 1.0
0.68075254145,0.724823204645, 1.0
0.868003643125,0.809808490758, 1.0
0.957266551337,0.822185404947, 1.0
0.988187739688,0.957881596016, 1.0
0.993894738628,0.569294309787, 0.0
0.989320593798,0.80830650341, 1.0
0.997719019586,0.96845136135, 1.0
0.998738013505,0.929262054731, 1.0
0.999504604551,0.775945150933, 1.0
0.999908929502,0.964953033785, 1.0
0.999951741711,0.979638794978, 1.0
0.999970045359,0.959743851652, 1.0
0.999984913303,0.950358194726, 1.0
0.999993022499,0.960908195325, 1.0
0.999996446754,0.942401553952, 1.0
0.999998463096,0.876314188815, 0.0
0.999992944803,0.784900888729, 0.0
0.999978785914,0.981540933373, 1.0
0.999986533974,0.908587730725, 1.0
0.99999543222,0.837861173551, 0.0
0.999982577617,0.659078597605, 0.0
0.999963409307,0.842103620429, 0.0
0.999857792385,0.814235930306, 0.0
0.999508748254,0.910221132552, 0.0
0.997256950706,0.89191803544, 0.0
0.986391851594,0.929436337939, 0.0
0.918684190383,0.952562007395, 0.0
0.624648737438,0.780447096022, 1.0
0.790985722494,0.80262492929, 0.0
0.531951566503,0.703888168067, 1.0
0.738686038978,0.471575279134, 0.0
0.652672840051,0.610389934413, 1.0
0.890653738172,0.913747112378, 1.0
0.943826445246,0.76569992167, 1.0
0.988146774378,0.934788167864, 1.0
0.994571605728,0.845503766009, 1.0
0.998661517613,0.975934964781, 1.0
0.999200271096,0.914681133664, 0.0
0.995408428668,0.966005493694, 1.0
0.997499887835,0.928934789262, 1.0
0.999015184947,0.97144024772, 1.0
0.99944026938,0.928677875341, 1.0
0.999781707837,0.859587282992, 1.0
0.999943550801,0.953466676853, 1.0
0.999971432205,0.961344677207, 1.0
0.999984553878,0.87654645316, 1.0
0.999995650028,0.63068540409, 0.0
0.999991317985,0.810899379843, 1.0
0.999998186015,0.662820194926, 0.0
0.999996090413,0.92583225581, 1.0
0.999998509869,0.90097674493, 1.0
0.99999951797,0.884982254052, 0.0
0.99999768092,0.846484700167, 1.0
0.999999372625,0.962079395488, 1.0
0.999999676888,0.572327453188, 0.0
0.999999431452,0.814746580421, 0.0
0.133797877356,0.588702282607, 1.0
0.276538044101,0.431769651738, 0.0
0.204648639901,0.195175079061, 0.0
0.254398801545,0.348323196029, 0.0
0.274625653389,0.25435629877, 0.0
0.315066433441,0.576359544262, 0.0
0.29866801157,0.510304067112, 0.0
0.307807055229,0.486414231391, 1.0
0.572686704027,0.601566223423, 1.0
0.827950158565,0.900498540063, 1.0
0.904294608905,0.524739965715, 0.0
0.850771501416,0.72463104246, 0.0
0.673627833112,0.771580378614, 1.0
0.839134650081,0.924297233965, 1.0
0.902853138839,0.960461335073, 1.0
0.936664886075,0.874988622403, 1.0
0.977524381755,0.824432202186, 1.0
0.994647308806,0.951553965439, 1.0
0.997285527095,0.966609064892, 0.0
0.976673288917,0.918917019007, 1.0
0.990690218654,0.97216598265, 1.0
0.994519716102,0.941640392421, 1.0
0.997590446803,0.817985622177, 0.0
0.991580519575,0.654554419408, 1.0
0.998734647372,0.909813509548, 1.0
0.999565176614,0.9287383482, 1.0
0.999830437131,0.859615873168, 0.0
0.999285106449,0.961122999143, 1.0
0.999613362534,0.876333617845, 0.0
0.998226814632,0.629737371401, 0.0
0.996472039908,0.808777866559, 0.0
0.988133588885,0.656231512247, 0.0
0.975024222475,0.913534881241, 1.0
0.990322699397,0.895722432754, 1.0
0.996846992385,0.883202377079, 0.0
0.985113556867,0.838071530162, 1.0
0.995923051091,0.960638243225, 1.0
0.997896407738,0.571283084294, 0.0
0.996309592315,0.81252354426, 0.0
0.133797877356,0.588702282607, 0.0
0.0691388219729,0.299186536671, 0.0
0.146666040043,0.162359147166, 0.0
0.221603598192,0.326641425314, 0.0
0.258773806314,0.244918693321, 0.0
0.304239423556,0.569803942345, 0.0
0.292484172043,0.506104193981, 0.0
0.303276307885,0.483249512479, 0.0
0.314928131429,0.451019898398, 1.0
0.59899062586,0.817590455595, 1.0
0.749012216395,0.447434525873, 0.0
0.670847652638,0.615728116488, 1.0
0.901621751773,0.727773607954, 0.0
0.775186447428,0.68388334094, 1.0
0.939380212641,0.82990209863, 1.0
0.983085526281,0.827753160382, 0.0
0.939956090705,0.948136197931, 0.0
0.691170878157,0.781474525004, 1.0
0.849056251943,0.933561104192, 1.0
0.906598435264,0.903303379741, 1.0
0.956782560561,0.900170712301, 1.0
0.983509355791,0.847217364611, 0.0
0.936607694034,0.953107962308, 1.0
0.963116940976,0.89105710946, 1.0
0.986997329305,0.948794220114, 1.0
0.993380167555,0.980113230633, 1.0
0.995790421008,0.906363422192, 1.0
0.99856779429,0.658316806101, 0.0
0.997000259177,0.92749647946, 1.0
0.998828299064,0.859027889338, 1.0
0.999696765113,0.929480790288, 0.0
0.998065863459,0.960729198827, 1.0
0.998953426003,0.875955221743, 1.0
0.999705018078,0.630529635869, 0.0
0.999411555721,0.810549884381, 0.0
0.997998029763,0.661709463098, 1.0
0.999735082879,0.925703723161, 0.0
0.998355602465,0.900084588123, 0.0
0.991413535274,0.880134716193, 0.0
0.960722928696,0.824284869365, 1.0
0.989020854884,0.958198025936, 1.0
0.994317331253,0.569505909971, 0.0
0.990081160743,0.808771069781, 0.0
0.133797877356,0.588702282607, 0.0
0.0691388219729,0.299186536671, 0.0
0.146666040043,0.162359147166, 0.0
0.221603598192,0.326641425314, 1.0
0.53231398024,0.399986391138, 0.0
0.448132558111,0.645598328067, 1.0
0.68075254145,0.724823204645, 1.0
0.868003643125,0.809808490758, 0.0
0.637662124168,0.639831969597, 0.0
0.464823897185,0.770307417037, 0.0
0.353753354065,0.250710794785, 0.0
0.399633588255,0.451665224943, 1.0
0.724415025153,0.871553117938, 0.0
0.444607924774,0.557075831935, 0.0
0.381571713884,0.298852227553, 1.0
0.78950242445,0.683872004812, 1.0
0.945753712325,0.632685789309, 1.0
0.992429476962,0.922103645528, 1.0
0.997102062211,0.899403354251, 1.0
0.999060998611,0.884452285574, 1.0
0.999723078037,0.846329463914, 1.0
0.999925088808,0.962053130336, 1.0
0.999961419062,0.572308456221, 1.0
0.999995840633,0.814744417011, 1.0
0.133797877356,0.588702282607, 1.0
0.276538044101,0.431769651738, 1.0
0.595971335731,0.409957897834, 1.0
0.927842518365,0.766497694903, 0.0
0.794501055944,0.547529441385, 0.0
0.671348079038,0.759640451245, 0.0
0.409550850716,0.574058105925, 0.0
0.340413860008,0.506881911431, 1.0
0.610314574491,0.623857966332, 1.0
0.848995736711,0.908190775854, 1.0
0.916785443182,0.530964570097, 0.0
0.868412446686,0.735328449291, 0.0
0.699522765198,0.892469161561, 1.0
0.803469831906,0.858171161143, 1.0
0.903197788185,0.9389970252, 1.0
0.944370394546,0.903053935015, 1.0
0.977382471952,0.892083597228, 0.0
0.894484111117,0.723768578091, 0.0
0.76459397922,0.786478239322, 1.0
0.902995468895,0.839680322956, 1.0
0.967614465725,0.957289148107, 1.0
0.98213055127,0.912906207767, 0.0
0.905248843762,0.80116125541, 0.0
0.73317428733,0.893357057937, 1.0
0.831740013245,0.913346076855, 1.0
0.901808512729,0.882917580037, 1.0
0.958816710419,0.841275922462, 0.0
0.853446195266,0.726019086332, 0.0
0.680209237951,0.912356638362, 1.0
0.777769558876,0.790794449388, 1.0
0.910342547162,0.788707208532, 1.0
0.976842759021,0.912920768155, 1.0
0.990436495573,0.961761447921, 1.0
0.994911081006,0.978465133061, 1.0
0.996836548686,0.958596794116, 1.0
0.998404283092,0.949709306998, 1.0
0.999261333626,0.960644845608, 1.0
0.999623703207,0.942236886354, 1.0
0.999837199395,0.876221686281, 1.0
0.999954204603,0.776215393582, 0.0
0.999862587321,0.607656877241, 1.0
0.999984036525,0.928941150587, 1.0
0.999993776491,0.85971170933, 0.0
0.999973739516,0.81942010349, 0.0
0.999907354828,0.912000897058, 0.0
0.999475893442,0.859726002605, 1.0
0.999849284978,0.85273807168, 1.0
0.999958066748,0.955879167676, 1.0
0.999979624101,0.799568806276, 1.0
0.999995924139,0.939700353251, 1.0
0.99999814537,0.848721190495, 1.0
0.999999544832,0.976283115249, 1.0
0.999999728161,0.915094747311, 1.0
0.999999903799,0.953487013115, 1.0
0.999999951316,0.935752941857, 1.0
0.999999980023,0.961353897767, 1.0
0.999999989199,0.876555303498, 1.0
0.999999996958,0.630687733886, 1.0
0.999999999628,0.810904613355, 1.0
0.999999999922,0.66282120223, 0.0
0.999999999832,0.925834180995, 1.0
0.999999999936,0.900977554088, 1.0
0.999999999979,0.884982526189, 1.0
0.999999999994,0.84648601101, 1.0
0.999999999998,0.962079617291, 1.0
0.999999999999,0.572327613628, 1.0
1.0,0.814746922957, 0.0
0.133797877356,0.588702282607, 1.0
0.276538044101,0.431769651738, 0.0
0.204648639901,0.195175079061, 1.0
0.621446996564,0.577271251411, 0.0
0.432226458232,0.343860157177, 0.0
0.393485851505,0.618135139742, 0.0
0.320839146213,0.524104814339, 0.0
0.318627578681,0.49374803615, 1.0
0.584356342935,0.608744147758, 0.0
0.433490414994,0.758224352307, 1.0
0.60933302316,0.377958186557, 0.0
0.553281890346,0.544709940785, 1.0
0.842502011108,0.910087338404, 1.0
0.909185663137,0.824400103952, 1.0
0.972496725412,0.615941468162, 1.0
0.996545390449,0.808821346524, 0.0
0.988363984204,0.656358256315, 0.0
0.975479014474,0.913752740793, 1.0
0.990506528683,0.895820953367, 0.0
0.952860688257,0.858362713334, 1.0
0.985576457838,0.838332028574, 0.0
0.948362518478,0.943819599815, 1.0
0.972772926941,0.558807805508, 0.0
0.953876390571,0.786957456277, 1.0
0.133797877356,0.588702282607, 1.0
0.276538044101,0.431769651738, 0.0
0.204648639901,0.195175079061, 0.0
0.254398801545,0.348323196029, 1.0
0.583321467474,0.428922960194, 0.0
0.484365633661,0.664736007972, 1.0
0.711582903671,0.742076972897, 1.0
0.883928291769,0.818933938321, 0.0
0.664201162476,0.655132327068, 1.0
0.877040129155,0.918299189142, 1.0
0.933103097015,0.539084038077, 0.0
0.89211437473,0.749661665037, 0.0
0.737756707762,0.661414228048, 1.0
0.92601827261,0.798014770361, 1.0
0.981204470712,0.946694940331, 1.0
0.990411482256,0.917064084667, 0.0
0.94602541121,0.825152199571, 1.0
0.985583640986,0.896497352077, 0.0
0.92933025749,0.894725343374, 1.0
0.971149487307,0.842786604405, 1.0
0.992357300501,0.979891794133, 1.0
0.995138625152,0.906017851179, 1.0
0.998345313275,0.928828963873, 0.0
0.98956355918,0.653468430058, 1.0
0.998428215047,0.909652160593, 1.0
0.999459749724,0.837541166859, 1.0
0.99987368329,0.967442034883, 1.0
0.999931346062,0.930104011031, 0.0
0.999559583937,0.967530812172, 1.0
0.999760136012,0.974636032332, 1.0
0.999859237173,0.943967691525, 1.0
0.999938292339,0.859983285783, 1.0
0.999982261548,0.865270802675, 1.0
0.999995286066,0.971728084774, 1.0
0.999997321758,0.961353039183, 1.0
0.999998551936,0.876554479397, 0.0
0.999993344403,0.630684168358, 0.0
0.99998671629,0.810896605826, 0.0
0.999954705266,0.662796049094, 0.0
0.999902387214,0.925786111877, 0.0
0.999393271195,0.900648079059, 0.0
0.996809827784,0.883181395659, 0.0
0.984941428912,0.837974242035, 1.0
0.995875313928,0.960621367035, 1.0
0.997871730293,0.571270830893, 0.0
0.996266431998,0.812497541511, 0.0
0.133797877356,0.588702282607, 1.0
0.276538044101,0.431769651738, 0.0
0.204648639901,0.195175079061, 0.0
0.254398801545,0.348323196029, 0.0
0.274625653389,0.25435629877, 1.0
0.685833301325,0.766982392548, 1.0
0.853241286789,0.820185137998, 1.0
0.947805815231,0.855295157995, 0.0
0.805085719223,0.735463471099, 1.0
0.938369107277,0.940144199721, 1.0
0.967422973804,0.556139575982, 0.0
0.945023716699,0.781583261542, 0.0
0.843274928468,0.852901114388, 1.0
0.932223879066,0.819916265533, 1.0
0.981455257213,0.96964576198, 1.0
0.989049966432,0.939254013228, 1.0
0.995172062763,0.907936896982, 1.0
0.998337273534,0.903356409764, 1.0
0.999450660742,0.9647986069, 1.0
0.999708830858,0.979582229711, 1.0
0.999819253263,0.95968864904, 1.0
0.999908957196,0.950327011814, 1.0
0.999957890413,0.960895550265, 1.0
0.999978555344,0.942393649928, 0.0
0.999848636648,0.911970155611, 1.0
0.999947493859,0.953468099492, 1.0
0.999973427988,0.819419915949, 1.0
0.999994255434,0.967670136166, 1.0
0.999996871888,0.971728550497, 1.0
0.999998222751,0.837862840563, 0.0
0.999993221209,0.776238840415, 1.0
0.999998753525,0.659087307505, 0.0
0.999997382074,0.967481830988, 1.0
0.99999857721,0.93013634076, 1.0
0.999999440441,0.93575270472, 1.0
0.999999770393,0.784904842287, 1.0
0.999999951008,0.842125392065, 1.0
0.999999988332,0.860017614055, 1.0
0.999999996646,0.9691619086, 1.0
0.999999998145,0.929870309167, 1.0
0.999999999272,0.929627039928, 1.0
0.999999999715,0.852822689584, 1.0
0.999999999921,0.923615206646, 1.0
0.999999999968,0.955895331093, 1.0
0.999999999984,0.799581096023, 1.0
0.999999999997,0.939702042939, 1.0
0.999999999999,0.848722290114, 1.0
1.0,0.976283233682, 1.0
1.0,0.915094887952, 1.0
1.0,0.981545523163, 1.0
1.0,0.908594868816, 1.0
1.0,0.96135390422, 1.0
1.0,0.876555309691, 1.0
1.0,0.630687735516, 1.0
1.0,0.81090461358, 0.0
1.0,0.662821202273, 0.0
1.0,0.900977554123, 1.0
1.0,0.925834181078, 1.0
1.0,0.8849825262, 1.0
1.0,0.846486011014, 1.0
1.0,0.962079617291, 1.0
1.0,0.572327613628, 1.0
1.0,0.814746922957, 1.0
0.133797877356,0.588702282607, 1.0
0.276538044101,0.431769651738, 1.0
0.595971335731,0.409957897834, 0.0
0.479808232091,0.489079910908, 0.0
0.355236470073,0.300209921295, 0.0
0.3532924252,0.596866973972, 1.0
0.586288663967,0.672484425167, 1.0
0.812051061245,0.777886037458, 1.0
0.936095810684,0.810133023024, 0.0
0.808052433058,0.893559385167, 0.0
0.486398146444,0.316884447629, 0.0
0.473045342336,0.496395565033, 1.0
0.787928176797,0.909133821049, 1.0
0.869297922385,0.906133385895, 1.0
0.929718019281,0.873431618107, 1.0
0.974636954245,0.94610914877, 1.0
0.987524898658,0.792054991804, 1.0
0.997477318197,0.938655777338, 1.0
0.998850934483,0.848040939985, 0.0
0.995421520654,0.975091640658, 1.0
0.997261560918,0.913677985357, 1.0
0.999029144547,0.929158772196, 1.0
0.999619399476,0.974597709132, 1.0
0.999776637433,0.94393169121, 1.0
0.999902079368,0.911998134543, 1.0
0.999966033813,0.659069689587, 0.0
0.99992866578,0.865239562649, 1.0
0.999981042514,0.964977342456, 1.0
0.999989953665,0.979647695617, 1.0
0.999993764103,0.959752535971, 1.0
0.999996859125,0.950363099363, 1.0
0.9999985473,0.960910183984, 1.0
0.999999260206,0.942402796912, 1.0
0.999999680006,0.852822510085, 1.0
0.999999910979,0.776242860601, 1.0
0.999999983631,0.96748266795, 1.0
0.999999991104,0.930137020663, 1.0
0.999999996501,0.935752962831, 1.0
0.999999998564,0.921881832366, 1.0
0.999999999468,0.856922559731, 0.0
0.999999997785,0.819435907561, 0.0
0.999999992184,0.837863897585, 0.0
0.999999970188,0.784904958013, 0.0
0.999999910359,0.969161881767, 1.0
0.999999950431,0.929870286187, 1.0
0.999999980544,0.928948870188, 1.0
0.999999992415,0.859715356378, 0.0
0.999999967993,0.981545516238, 0.0
0.999999668411,0.908594693049, 1.0
0.999999887522,0.961353867891, 1.0
0.999999939186,0.876555274821, 1.0
0.999999982874,0.630687726337, 1.0
0.999999997906,0.810904612317, 1.0
0.999999999562,0.66282120203, 0.0
0.999999999057,0.925834180613, 1.0
0.999999999641,0.900977553928, 1.0
0.999999999884,0.884982526135, 1.0
0.999999999966,0.846486010994, 1.0
0.999999999991,0.962079617288, 1.0
0.999999999995,0.572327613626, 0.0
0.999999999992,0.814746922952, 0.0
