0.0220301788139,0.40246615101, 1.0
0.0999592614928,0.281801406675, 1.0
0.21649422597,0.184912626643, 0.0
0.210645152613,0.386588356252, 0.0
0.172548598372,0.304957675328, 0.0
0.160101979768,0.308191260854, 0.0
0.156215234788,0.164184951385, 0.0
0.171828056975,0.369418744348, 0.0
0.156085390621,0.458726744306, 0.0
0.143405914556,0.359947495612, 1.0
0.28916260693,0.232122802405, 1.0
0.608598971611,0.325936942218, 0.0
0.517090578403,0.315521458225, 0.0
0.428475652706,0.422318582437, 0.0
0.298162366535,0.213577195819, 0.0
0.262853942447,0.412756262846, 0.0
0.195739689675,0.379995358767, 0.0
0.166116276654,0.462936529154, 1.0
0.300209598603,0.363499398588, 1.0
0.566915707688,0.544174261716, 1.0
0.775160700395,0.63628537016, 0.0
0.595378679346,0.556764028389, 1.0
0.795082118886,0.645097029519, 1.0
0.911438578019,0.696563920925, 1.0
0.964738206009,0.720139459285, 0.0
0.916426655459,0.437352412966, 0.0
0.875282460508,0.627211544623, 0.0
0.758318232202,0.631804319243, 0.0
0.572700209454,0.488455884143, 1.0
0.809193522949,0.596905027471, 1.0
0.931381110837,0.652936798669, 1.0
0.977577750327,0.459485503584, 0.0
0.965085742669,0.66140782187, 0.0
0.926186553478,0.650554721616, 1.0
0.975786290326,0.67329975779, 0.0
0.946065266243,0.659670536934, 0.0
0.88494811958,0.684846638035, 0.0
0.75941660235,0.371603188094, 0.0
0.681789866073,0.679355582889, 1.0
0.824379198319,0.603868748603, 1.0
0.937621881449,0.655798639525, 1.0
0.979711700696,0.675099839938, 1.0
0.993601744244,0.681469420969, 1.0
0.99800223017,0.491486632952, 1.0
0.999516306487,0.467425967326, 1.0
0.999897006929,0.684356250348, 1.0
0.999967985804,0.812889292981, 1.0
0.999985412606,0.492212277761, 1.0
0.999996473675,0.492216324997, 0.0
0.999994284864,0.735733959112, 1.0
0.999997853064,0.735735537401, 1.0
0.999999193489,0.735736130299, 1.0
0.999999697029,0.735736353025, 1.0
0.999999886187,0.735736436694, 0.0
0.999999713352,0.735736360245, 0.0
0.999999278052,0.735736167703, 1.0
0.999999728796,0.735736367076, 1.0
0.99999989812,0.812902686013, 1.0
0.999999953579,0.676727730266, 0.0
0.999999896922,0.454330723914, 1.0
0.999999976392,0.735736476593, 1.0
0.999999991131,0.68440347599, 0.0
0.999999979508,0.676727741644, 1.0
0.999999993213,0.454330757025, 1.0
0.999999998446,0.735736486348, 1.0
0.999999999416,0.812902728525, 1.0
0.999999999734,0.738653435394, 1.0
0.999999999899,0.49221761524, 1.0
0.999999999976,0.467601035848, 1.0
0.999999999995,0.492217615275, 1.0
0.0220301788139,0.40246615101, 1.0
0.0999592614928,0.281801406675, 1.0
0.21649422597,0.184912626643, 0.0
0.210645152613,0.386588356252, 0.0
0.172548598372,0.304957675328, 0.0
0.160101979768,0.308191260854, 1.0
0.340602172943,0.227588676312, 0.0
0.297406170716,0.424964566135, 0.0
0.212997776073,0.482611862447, 0.0
0.163505046788,0.368833455593, 1.0
0.324765193095,0.24514975917, 1.0
0.65056563739,0.3411264007, 1.0
0.895665437831,0.454041685468, 1.0
0.972515666229,0.723579592334, 0.0
0.934001555917,0.654138460653, 1.0
0.978476198572,0.674533273616, 1.0
0.993206049702,0.673746652294, 1.0
0.997739301684,0.734736532967, 1.0
0.999149526941,0.738277435718, 1.0
0.999678206128,0.68425591449, 0.0
0.999256817743,0.812590828366, 1.0
0.999661234041,0.684248131571, 1.0
0.999894680884,0.684355183689, 1.0
0.999967262725,0.684388467668, 0.0
0.999924359624,0.68436879352, 1.0
0.999976488528,0.68439269836, 1.0
0.999992692146,0.492214941339, 1.0
0.999998233426,0.492216968888, 0.0
0.999997136898,0.676726494343, 1.0
0.999999051752,0.676727334556, 0.0
0.999997894419,0.735735555693, 1.0
0.999999209024,0.735736137171, 1.0
0.999999702865,0.735736355607, 1.0
0.999999888379,0.735736437664, 1.0
0.999999958069,0.735736468489, 1.0
0.999999984248,0.735736480068, 1.0
0.999999994083,0.812902726287, 1.0
0.999999997304,0.812902727639, 1.0
0.999999998772,0.684403479493, 1.0
0.999999999618,0.684403479881, 0.0
0.999999999118,0.676727750248, 1.0
0.999999999708,0.684403479922, 1.0
0.999999999909,0.492217615243, 1.0
0.999999999978,0.684403480046, 1.0
0.999999999993,0.684403480053, 1.0
0.999999999998,0.684403480055, 0.0
0.999999999995,0.812902728768, 1.0
0.999999999998,0.676727750634, 1.0
0.999999999999,0.454330759358, 0.0
0.999999999999,0.735736487035, 0.0
0.999999999997,0.684403480055, 0.0
0.999999999993,0.676727750633, 0.0
0.999999999985,0.454330759353, 0.0
0.999999999977,0.735736487026, 1.0
0.999999999992,0.812902728767, 0.0
0.999999999974,0.7386534355, 1.0
0.99999999999,0.492217615273, 1.0
0.999999999998,0.467601035856, 1.0
0.999999999999,0.492217615276, 1.0
0.0220301788139,0.40246615101, 1.0
0.0999592614928,0.281801406675, 1.0
0.21649422597,0.184912626643, 0.0
0.210645152613,0.322427677376, 0.0
0.177539292128,0.315842530095, 0.0
0.164232104483,0.166941650998, 1.0
0.417237472072,0.477968452811, 1.0
0.651435080584,0.666616218131, 0.0
0.418147446919,0.48141255358, 1.0
0.650892047428,0.364479304826, 0.0
0.553453131433,0.305977399703, 1.0
0.849862279367,0.437282347754, 0.0
0.781738285718,0.639194773489, 1.0
0.904738260104,0.640719141032, 1.0
0.968238990607,0.669838779647, 1.0
0.989900001857,0.67977190663, 0.0
0.977020516657,0.67386573907, 1.0
0.992738930832,0.681073759147, 1.0
0.997731429546,0.683363177822, 1.0
0.999293753306,0.684079615302, 0.0
0.998369891023,0.683655958194, 1.0
0.999492748562,0.812689844344, 1.0
0.999768808672,0.684297462254, 1.0
0.999928130315,0.684370522652, 0.0
0.999833953132,0.68432733566, 1.0
0.99994838395,0.684379810396, 0.0
0.999880743166,0.684348792246, 1.0
0.999962929973,0.684386480791, 0.0
0.999914349253,0.812866782672, 1.0
0.999960971754,0.676710625541, 1.0
0.999987073673,0.454326314481, 0.0
0.999980151246,0.735727707517, 0.0
0.999950010969,0.684380556501, 0.0
0.999884502039,0.67667707161, 1.0
0.999961744552,0.45431760475, 1.0
0.999991238014,0.735732611426, 1.0
0.999996708485,0.81290134738, 1.0
0.999998500232,0.738652772454, 1.0
0.999999432838,0.492217407753, 0.0
0.999999080795,0.467600703159, 1.0
0.999999804351,0.492217543689, 1.0
0.0220301788139,0.40246615101, 1.0
0.0999592614928,0.281801406675, 0.0
0.129910147857,0.15513962251, 0.0
0.155508900841,0.362200440844, 0.0
0.149435244168,0.294358544952, 0.0
0.149954723656,0.303738774887, 1.0
0.32139970212,0.220985669666, 1.0
0.658226529,0.584562944558, 0.0
0.464454755151,0.588143893917, 1.0
0.65459535892,0.585947747405, 1.0
0.832650793586,0.430984679375, 0.0
0.759556865843,0.380574798823, 0.0
0.675800506163,0.373593289229, 1.0
0.89468461081,0.768703728977, 1.0
0.949073898164,0.66105021042, 1.0
0.983576434456,0.806010049783, 1.0
0.99244869545,0.680940665411, 1.0
0.997640261823,0.453519334255, 0.0
0.996382232893,0.453086745478, 0.0
0.994458177503,0.465595222882, 0.0
0.991265974649,0.68039830311, 1.0
0.997268358019,0.68315082632, 1.0
0.999149310166,0.467293136297, 0.0
0.998654759024,0.491725392718, 1.0
0.999674462548,0.68425419779, 1.0
0.999898794453,0.735691721709, 1.0
0.999961979026,0.735719669565, 1.0
0.999985716829,0.735730169291, 1.0
0.999994634386,0.735734113712, 0.0
0.999986486367,0.735730509674, 0.0
0.999965965571,0.735721432897, 1.0
0.999987214469,0.684397616974, 1.0
0.999996026022,0.684401657702, 1.0
0.999998764822,0.735735940691, 1.0
0.999999535997,0.735736281798, 1.0
0.999999825694,0.454330699421, 0.0
0.999999732346,0.73865331718, 1.0
0.999999898782,0.467600999222, 0.0
0.999999839841,0.684403406612, 1.0
0.99999995022,0.812902707879, 1.0
0.999999977318,0.735736477003, 0.0
0.999999942873,0.68440345386, 1.0
0.999999982244,0.684403471914, 1.0
0.999999994481,0.684403477526, 1.0
0.999999998285,0.454330758768, 0.0
0.999999997366,0.67672774948, 0.0
0.999999994151,0.492217613137, 1.0
0.999999998586,0.492217614759, 0.0
0.999999997709,0.67672774963, 1.0
0.999999999241,0.7357364867, 0.0
0.999999998089,0.467601035165, 1.0
0.999999999593,0.676727750457, 1.0
0.999999999865,0.735736486976, 1.0
0.999999999949,0.735736487013, 1.0
0.999999999981,0.735736487027, 1.0
0.999999999993,0.735736487033, 1.0
0.999999999997,0.735736487035, 1.0
0.999999999999,0.735736487035, 1.0
1.0,0.738653435512, 0.0
0.999999999999,0.676727750635, 1.0
1.0,0.81290272877, 1.0
1.0,0.676727750635, 1.0
1.0,0.454330759358, 0.0
1.0,0.735736487036, 0.0
1.0,0.684403480056, 0.0
1.0,0.676727750635, 1.0
1.0,0.454330759358, 1.0
1.0,0.735736487036, 1.0
1.0,0.812902728771, 1.0
1.0,0.738653435512, 1.0
1.0,0.492217615277, 0.0
1.0,0.467601035857, 1.0
1.0,0.492217615277, 1.0
0.0220301788139,0.40246615101, 1.0
0.0999592614928,0.281801406675, 0.0
0.129910147857,0.15513962251, 1.0
0.337699810576,0.442787284379, 1.0
0.569027142049,0.48677151934, 0.0
0.401837283893,0.414261614983, 1.0
0.663225758222,0.338526778872, 1.0
0.894253338486,0.688962530651, 1.0
0.957400457638,0.795024456863, 0.0
0.881849445936,0.686418290083, 0.0
0.752875964919,0.401795135695, 0.0
0.663161593624,0.345685394147, 1.0
0.900865765307,0.45594448098, 0.0
0.85065766922,0.750226402945, 1.0
0.925886344585,0.65041705431, 1.0
0.975682329347,0.673252084226, 1.0
0.992308646804,0.680876443064, 1.0
0.997596256693,0.683301191376, 1.0
0.999251599495,0.735405453866, 1.0
0.999718724158,0.735612072858, 1.0
0.99989431794,0.684355017253, 1.0
0.9999671499,0.812888942167, 1.0
0.999985031716,0.46759561822, 1.0
0.999996814024,0.454329663821, 1.0
0.999999270308,0.68440314544, 1.0
0.9999997732,0.684403376052, 1.0
0.999999929507,0.68440344773, 1.0
0.99999997809,0.684403470009, 1.0
0.99999999319,0.684403476933, 1.0
0.999999997883,0.684403479086, 1.0
0.999999999342,0.684403479755, 1.0
0.999999999796,0.684403479963, 1.0
0.999999999936,0.812902728744, 1.0
0.999999999971,0.684403480043, 1.0
0.999999999991,0.812902728767, 1.0
0.999999999996,0.676727750634, 0.0
0.999999999991,0.454330759355, 1.0
0.999999999998,0.735736487035, 1.0
0.999999999999,0.684403480056, 0.0
0.999999999998,0.676727750635, 1.0
0.999999999999,0.454330759358, 1.0
1.0,0.735736487036, 1.0
1.0,0.812902728771, 1.0
1.0,0.738653435512, 1.0
1.0,0.492217615277, 0.0
1.0,0.467601035857, 1.0
1.0,0.492217615277, 0.0
0.0220301788139,0.40246615101, 1.0
0.0999592614928,0.281801406675, 1.0
0.21649422597,0.389175523527, 0.0
0.175111627124,0.170682709165, 1.0
0.439734171074,0.427481420464, 0.0
0.305578526239,0.372024505474, 1.0
0.559402636875,0.302825916909, 0.0
0.477465702194,0.504608656563, 1.0
0.705484880028,0.689299959727, 0.0
0.471178632947,0.504857993479, 0.0
0.312317166696,0.240595036629, 0.0
0.26966900112,0.203264277627, 1.0
0.611244791048,0.320652481609, 0.0
0.526258865175,0.291429021853, 1.0
0.824813947448,0.59985835541, 1.0
0.934023034891,0.431643765425, 0.0
0.902972224031,0.692819075778, 0.0
0.791563979019,0.588820617353, 1.0
0.9239374424,0.64335247494, 0.0
0.847786464784,0.40199025621, 1.0
0.960280442049,0.718167697207, 0.0
0.906557913794,0.773686743522, 1.0
0.95512524713,0.718814008936, 0.0
0.894709446929,0.453691889189, 1.0
0.972241012549,0.457553919185, 1.0
0.993953696416,0.490005277807, 0.0
0.990245807845,0.808809067432, 1.0
0.0220301788139,0.40246615101, 1.0
0.0999592614928,0.281801406675, 0.0
0.129910147857,0.15513962251, 0.0
0.155508900841,0.362200440844, 0.0
0.149435244168,0.294358544952, 0.0
0.149954723656,0.303738774887, 0.0
0.151633342163,0.162609411043, 0.0
0.168959188416,0.368149783882, 1.0
0.335202028437,0.533898818385, 1.0
0.523445798591,0.527965654888, 1.0
0.741510481645,0.397636514787, 0.0
0.650227631073,0.341004062344, 0.0
0.558099619612,0.330526632408, 0.0
0.464748113352,0.438952106765, 1.0
0.731351289539,0.561208781335, 1.0
0.896773751282,0.637066842597, 1.0
0.965373129748,0.668524576931, 1.0
0.988965644399,0.679343436732, 1.0
0.996543218242,0.466349884686, 1.0
0.999262142579,0.684065119517, 1.0
0.999770541987,0.684298257103, 0.0
0.999469991757,0.68416043327, 1.0
0.999835203052,0.812833566416, 1.0
0.999924904159,0.684369043228, 1.0
0.999976657796,0.684392775982, 0.0
0.999946066412,0.684378747639, 1.0
0.999983235957,0.684395792541, 1.0
0.999994789412,0.684401090628, 1.0
0.999998380462,0.684402737382, 0.0
0.999996257834,0.81290115825, 1.0
0.999998294894,0.676727002457, 0.0
0.999996213824,0.454329457435, 0.0
0.999994186181,0.735733915462, 0.0
0.999985357547,0.684396765442, 0.0
0.999966167264,0.676712905264, 1.0
0.999988794488,0.454326906205, 1.0
0.999997433558,0.735735351845, 0.0
0.999993536223,0.812900016038, 1.0
0.999997054796,0.738652133418, 1.0
0.999998886222,0.492217207746, 0.0
0.99999819489,0.467600382513, 1.0
0.999999615789,0.492217474694, 0.0
0.0220301788139,0.40246615101, 1.0
0.0999592614928,0.281801406675, 1.0
0.21649422597,0.184912626643, 1.0
0.515605514409,0.521478691868, 0.0
0.344350939031,0.383741368579, 0.0
0.246801742959,0.34623400607, 1.0
0.481957070435,0.276195302829, 1.0
0.796750009997,0.645834772583, 0.0
0.623922085927,0.655069502551, 0.0
0.393918942909,0.470700970883, 0.0
0.26421033549,0.222992786969, 0.0
0.236978945881,0.191432405172, 1.0
0.564593287226,0.332902660005, 1.0
0.839647904045,0.745605799893, 1.0
0.91989609498,0.647670095301, 1.0
0.973598090275,0.665142930932, 1.0
0.991093949222,0.731797154817, 1.0
0.996635258549,0.682860504813, 1.0
0.998951676874,0.683922748727, 1.0
0.999673921687,0.738509274122, 1.0
0.999876662722,0.454288348313, 1.0
0.999971749032,0.676715354473, 1.0
0.999990643224,0.812898801898, 1.0
0.999995736601,0.684401524982, 1.0
0.999998674865,0.684402872387, 1.0
0.999999588127,0.467600886783, 1.0
0.999999912335,0.684403439856, 1.0
0.999999972752,0.467601025995, 0.0
0.999999956885,0.492217599501, 1.0
0.999999989578,0.492217611463, 1.0
0.999999997481,0.454330758492, 0.0
0.999999996131,0.812902727147, 1.0
0.999999998237,0.684403479248, 1.0
0.999999999452,0.492217615076, 1.0
0.999999999868,0.676727750577, 1.0
0.999999999956,0.454330759343, 0.0
0.999999999933,0.684403480026, 1.0
0.999999999979,0.684403480047, 1.0
0.999999999993,0.454330759356, 1.0
0.999999999999,0.735736487035, 1.0
0.999999999999,0.735736487036, 1.0
1.0,0.738653435512, 1.0
1.0,0.735736487036, 1.0
1.0,0.735736487036, 1.0
1.0,0.735736487036, 1.0
1.0,0.735736487036, 1.0
1.0,0.735736487036, 1.0
1.0,0.735736487036, 1.0
1.0,0.467601035857, 1.0
1.0,0.676727750635, 1.0
1.0,0.684403480056, 1.0
1.0,0.467601035857, 1.0
1.0,0.735736487036, 0.0
1.0,0.735736487036, 1.0
1.0,0.735736487036, 1.0
1.0,0.735736487036, 1.0
1.0,0.735736487036, 1.0
1.0,0.735736487036, 1.0
1.0,0.735736487036, 0.0
1.0,0.684403480056, 1.0
1.0,0.812902728771, 1.0
1.0,0.676727750635, 1.0
1.0,0.454330759358, 1.0
1.0,0.735736487036, 1.0
1.0,0.684403480056, 0.0
1.0,0.676727750635, 1.0
1.0,0.454330759358, 1.0
1.0,0.735736487036, 1.0
1.0,0.812902728771, 1.0
1.0,0.738653435512, 1.0
1.0,0.492217615277, 1.0
1.0,0.467601035857, 1.0
1.0,0.492217615277, 1.0
0.0220301788139,0.40246615101, 1.0
0.0999592614928,0.281801406675, 0.0
0.129910147857,0.15513962251, 0.0
0.155508900841,0.362200440844, 1.0
0.311862716443,0.36884318877, 0.0
0.228697499732,0.338290096109, 0.0
0.188853355287,0.175407972034, 0.0
0.192593676621,0.378603811505, 1.0
0.374210488271,0.550269976687, 1.0
0.566006508557,0.546782027712, 1.0
0.773386213071,0.409299818492, 0.0
0.686987396398,0.354308929882, 0.0
0.595983422167,0.344388284359, 1.0
0.856619547455,0.415705766345, 0.0
0.794401240417,0.590121705166, 1.0
0.925150174915,0.650079467725, 1.0
0.975427198623,0.80258996013, 1.0
0.988650648782,0.730716432017, 0.0
0.971980747112,0.457459718443, 0.0
0.956543253544,0.451872256031, 0.0
0.933328419304,0.653829779245, 1.0
0.978245741925,0.674427592717, 0.0
0.951365693186,0.662101162784, 0.0
0.895465770171,0.636467039462, 1.0
0.964899126643,0.798171515164, 0.0
0.901042807426,0.639024510976, 1.0
0.966913603447,0.66923099459, 1.0
0.989468370404,0.679573972657, 0.0
0.976054169232,0.666220626909, 1.0
0.991936333668,0.464682464112, 0.0
0.987314493871,0.733045088917, 0.0
0.968553437506,0.721827015838, 1.0
0.987944944437,0.73040428425, 1.0
0.995436327377,0.733717879345, 1.0
0.998280618793,0.734975968827, 0.0
0.995682780602,0.733826890752, 1.0
0.998373727548,0.735017152774, 1.0
0.999388445475,0.684123038452, 1.0
0.999809836603,0.812822920568, 1.0
0.999913343791,0.68436374197, 0.0
0.999799795089,0.735647932223, 0.0
0.99949594603,0.73551353344, 1.0
0.999810587933,0.735652706123, 1.0
0.99992883753,0.735705010389, 1.0
0.999973266144,0.735724662093, 1.0
0.999989957083,0.735732044844, 0.0
0.999974706501,0.735725299193, 1.0
0.99999049818,0.735732284182, 1.0
0.999996430558,0.735734908197, 1.0
0.999998659113,0.738652842697, 1.0
0.999999492922,0.684403247525, 1.0
0.999999842392,0.684403407782, 1.0
0.999999951013,0.684403457592, 0.0
0.999999886809,0.812902681266, 0.0
0.999999654214,0.676727598909, 0.0
0.999999232184,0.454330495335, 0.0
0.999998820986,0.735735965533, 1.0
0.999999557096,0.684403276953, 0.0
0.999998976606,0.676727301583, 0.0
0.999997727559,0.454329977951, 0.0
0.999996510576,0.735734943591, 1.0
0.999998689172,0.812902178639, 1.0
0.999999402726,0.738653171453, 1.0
0.999999774131,0.492217532631, 0.0
0.999999633932,0.467600903362, 0.0
0.999999420762,0.492217403334, 1.0
0.0220301788139,0.40246615101, 1.0
0.0999592614928,0.281801406675, 0.0
0.129910147857,0.15513962251, 0.0
0.155508900841,0.362200440844, 0.0
0.149435244168,0.294358544952, 0.0
0.149954723656,0.303738774887, 0.0
0.151633342163,0.162609411043, 1.0
0.389641926214,0.465762366681, 1.0
0.624396417592,0.655268571132, 0.0
0.39432245201,0.470879364939, 0.0
0.264444975261,0.223078641467, 0.0
0.237134654158,0.191488762387, 1.0
0.564831417632,0.332989791724, 1.0
0.839781474377,0.610931796683, 1.0
0.943796230202,0.658630021195, 1.0
0.981803517935,0.730608649819, 0.0
0.955324389862,0.657124665329, 1.0
0.984734175872,0.670029302607, 1.0
0.994890333853,0.736394418139, 1.0
0.998061403981,0.675877119541, 1.0
0.999357087765,0.676445648984, 1.0
0.999786976076,0.81281332641, 1.0
0.999902925183,0.676685155449, 1.0
0.999967847107,0.454319703189, 1.0
0.999992635772,0.735733229684, 0.0
0.999981452802,0.684394974836, 0.0
0.999957145249,0.67670894652, 1.0
0.99998580628,0.454325878672, 1.0
0.999996749149,0.735735049116, 0.0
0.999991812498,0.812899292621, 0.0
0.999974988696,0.738642377848, 0.0
0.999936588912,0.492194413212, 0.0
0.99989723396,0.467563840609, 1.0
0.999978124832,0.492209611171, 1.0
0.0220301788139,0.40246615101, 1.0
0.0999592614928,0.281801406675, 1.0
0.21649422597,0.184912626643, 0.0
0.210645152613,0.386588356252, 0.0
0.172548598372,0.304957675328, 1.0
0.37488075075,0.40243343363, 1.0
0.636585495775,0.329366195758, 1.0
0.88243833545,0.683736508109, 0.0
0.755075316895,0.71011218599, 0.0
0.527419170724,0.529722309124, 0.0
0.35187761488,0.255070171826, 0.0
0.297756805119,0.2134304065, 1.0
0.646595173571,0.362907082243, 0.0
0.549126633208,0.623679178452, 0.0
0.335791017209,0.379816030586, 1.0
0.608658030637,0.325958318103, 1.0
0.877221369906,0.447293016303, 0.0
0.818096474948,0.655276759747, 0.0
0.653771649518,0.52480718662, 0.0
0.487092821045,0.304545303674, 1.0
0.791696395196,0.415999498953, 1.0
0.939739618066,0.787612515924, 0.0
0.83901377176,0.61057974998, 1.0
0.943492097288,0.658490554444, 1.0
0.981700928534,0.676012043551, 0.0
0.958878127696,0.4527173428, 1.0
0.990941275705,0.68024940536, 0.0
0.97935697061,0.674937170756, 1.0
0.993488206998,0.465244150752, 0.0
0.989744432149,0.731200235238, 0.0
0.974632748494,0.445607916771, 0.0
0.961697524492,0.721719656451, 0.0
0.909137642077,0.423086615898, 0.0
0.868472140981,0.409103281334, 0.0
0.814367540593,0.734996080007, 1.0
0.905836852705,0.421951598724, 1.0
0.976668378844,0.666490134217, 1.0
0.992146542416,0.680802106577, 1.0
0.99754531035,0.683277828825, 0.0
0.994349481302,0.67424837543, 1.0
0.998121266126,0.675903386284, 1.0
0.999376966038,0.738377988055, 1.0
0.999764296443,0.684295393073, 0.0
0.999455570875,0.735495674666, 1.0
0.99979541059,0.735645992868, 1.0
0.999923134629,0.467573215125, 0.0
0.999878380829,0.735682692337, 1.0
0.999954309426,0.735716277141, 1.0
0.99998283554,0.735728894837, 1.0
0.999993551989,0.735733634946, 1.0
0.999997577753,0.735735415625, 1.0
0.999999090066,0.735736084553, 1.0
0.999999658177,0.73573633584, 1.0
0.999999871592,0.735736430238, 1.0
0.999999951763,0.735736465699, 1.0
0.999999981879,0.735736479021, 0.0
0.999999954362,0.735736466849, 1.0
0.999999982856,0.735736479452, 1.0
0.99999999356,0.684403477103, 1.0
0.999999997998,0.684403479138, 1.0
0.999999999378,0.684403479771, 0.0
0.999999998562,0.684403479397, 1.0
0.999999999553,0.684403479851, 1.0
0.999999999861,0.812902728712, 1.0
0.999999999937,0.676727750608, 1.0
0.999999999979,0.454330759351, 1.0
0.999999999995,0.735736487034, 1.0
0.999999999998,0.684403480056, 0.0
0.999999999996,0.676727750634, 1.0
0.999999999999,0.454330759358, 1.0
1.0,0.735736487036, 1.0
1.0,0.81290272877, 1.0
1.0,0.738653435512, 1.0
1.0,0.492217615277, 0.0
1.0,0.467601035857, 1.0
1.0,0.492217615277, 0.0
0.0220301788139,0.40246615101, 0.0
0.064543045514,0.266261224886, 1.0
0.129910147857,0.15513962251, 0.0
0.155508900841,0.362200440844, 0.0
0.149435244168,0.294358544952, 0.0
0.149954723656,0.303738774887, 0.0
0.151633342163,0.162609411043, 0.0
0.168959188416,0.368149783882, 0.0
0.154905029159,0.458231367548, 1.0
0.28268312836,0.421522877764, 0.0
0.205194426849,0.201398914919, 0.0
0.198919569398,0.177657155025, 1.0
0.501038865434,0.309648149756, 0.0
0.414726462297,0.278066512997, 0.0
0.344793991098,0.252478279756, 0.0
0.292644219977,0.233396721733, 1.0
0.612938422599,0.506890089838, 1.0
0.825246666084,0.66139382481, 0.0
0.662765525421,0.345542040812, 0.0
0.570839229544,0.306758530482, 0.0
0.48800361473,0.449616421814, 0.0
0.339005653933,0.228360057566, 0.0
0.291896905977,0.35968743291, 0.0
0.218001711005,0.185430993982, 0.0
0.211642252748,0.322884919291, 0.0
0.178008097699,0.307461247274, 0.0
0.162545396389,0.300370489883, 0.0
0.155671608427,0.297218365178, 0.0
0.152661662987,0.295838089349, 0.0
0.151352355804,0.295237678114, 1.0
0.334477945388,0.379213892995, 0.0
0.241205256047,0.19340981939, 0.0
0.227158130764,0.187877849176, 1.0
0.549236544835,0.299330180662, 1.0
0.838135974443,0.610177216963, 0.0
0.700716845626,0.547160691985, 0.0
0.526884278338,0.467445994236, 0.0
0.368023487603,0.547673402309, 1.0
0.559441884282,0.482375991289, 1.0
0.800571060843,0.592951010273, 0.0
0.647600477465,0.582855263811, 0.0
0.452818197268,0.269553487391, 0.0
0.379302957622,0.552407195697, 0.0
0.234835482868,0.340983364464, 0.0
0.191923420883,0.176463651989, 0.0
0.19457725764,0.379481190807, 1.0
0.377374211097,0.398884906941, 0.0
0.266152744396,0.354724977559, 0.0
0.207998438938,0.181991245392, 0.0
0.205050341415,0.384113654439, 1.0
0.393808729381,0.558495010668, 1.0
0.586360825125,0.555780806384, 1.0
0.787803816966,0.414575207806, 0.0
0.704120662863,0.360510162094, 0.0
0.614206526671,0.351056103191, 0.0
0.0220301788139,0.40246615101, 0.0
0.064543045514,0.266261224886, 1.0
0.129910147857,0.15513962251, 0.0
0.155508900841,0.362200440844, 0.0
0.149435244168,0.294358544952, 0.0
0.149954723656,0.303738774887, 0.0
0.151633342163,0.162609411043, 0.0
0.168959188416,0.368149783882, 0.0
0.154905029159,0.458231367548, 1.0
0.28268312836,0.421522877764, 1.0
0.501541301295,0.309831990621, 0.0
0.415153120707,0.255920950566, 0.0
0.349258975779,0.25411201395, 0.0
0.29586249985,0.367761237585, 0.0
0.22391398176,0.392457436437, 1.0
0.4223115924,0.48021284218, 1.0
0.656242592467,0.583685408005, 1.0
0.83456988784,0.662563294235, 0.0
0.678003412565,0.593310673102, 1.0
0.847750944567,0.668393550847, 1.0
0.936650920404,0.655353384258, 1.0
0.979380996456,0.674948188329, 1.0
0.993495898704,0.673873834323, 1.0
0.997836183173,0.45358670423, 0.0
0.996682170088,0.675271929381, 1.0
0.998898634273,0.683898424891, 1.0
0.999657409981,0.684246377965, 0.0
0.999208814454,0.684040664747, 1.0
0.999753948733,0.454246151593, 0.0
0.999622239996,0.454200861918, 0.0
0.999420080005,0.676473289172, 0.0
0.998713364034,0.683813465201, 1.0
0.999599727164,0.812734741365, 1.0
0.999817577292,0.684319826163, 0.0
0.999578604595,0.454185857346, 0.0
0.999353111799,0.684106835427, 1.0
0.999798844509,0.684311235839, 0.0
0.999535345398,0.684190402601, 1.0
0.999855530361,0.684337230367, 1.0
0.999955091971,0.684382886505, 0.0
0.999896240707,0.68435589898, 0.0
0.999760287553,0.684293554709, 1.0
0.999925480931,0.81287145444, 0.0
0.999772393964,0.676627880023, 1.0
0.999924606089,0.454304834231, 0.0
0.999884235282,0.735685281884, 0.0
0.999708496565,0.684269804828, 0.0
0.999326741999,0.676432333651, 1.0
0.999776916583,0.454254049371, 0.0
0.999657497041,0.735584990825, 1.0
0.999871308418,0.812848719197, 0.0
0.999606983774,0.738479680425, 0.0
0.999004245152,0.491853269403, 0.0
0.998387397893,0.46701736898, 0.0
0.997451307355,0.491285050751, 0.0
0.0220301788139,0.40246615101, 1.0
0.0999592614928,0.281801406675, 1.0
0.21649422597,0.184912626643, 0.0
0.210645152613,0.386588356252, 0.0
0.172548598372,0.304957675328, 0.0
0.160101979768,0.308191260854, 1.0
0.340602172943,0.227588676312, 1.0
0.678795812946,0.593661168336, 1.0
0.848222230109,0.749204292373, 0.0
0.659431590788,0.588085877666, 0.0
0.464216971937,0.296175049449, 0.0
0.384091299859,0.244678402954, 0.0
0.325332943615,0.245357498614, 1.0
0.651194018589,0.524450924474, 1.0
0.855810391678,0.618282204709, 1.0
0.950061703546,0.661503190024, 1.0
0.983906732596,0.728618098834, 1.0
0.993891719514,0.733034667035, 1.0
0.997696404247,0.734717558535, 1.0
0.999133365194,0.735353156366, 0.0
0.997820661774,0.734772520234, 1.0
0.99918017718,0.735373862285, 1.0
0.999691867029,0.684262178993, 1.0
0.999904206476,0.812862525929, 1.0
0.999956349779,0.6843834633, 1.0
0.99998643241,0.73864743719, 1.0
0.999994869155,0.684401127196, 0.0
0.999988144536,0.492213277372, 1.0
0.999997134092,0.735735219385, 1.0
0.999998923401,0.735736010834, 1.0
0.999999595568,0.735736308147, 1.0
0.999999848073,0.735736419835, 1.0
0.999999942928,0.735736461791, 1.0
0.99999997856,0.735736477553, 1.0
0.999999991946,0.81290272539, 1.0
0.99999999633,0.735736485413, 1.0
0.999999998621,0.684403479424, 1.0
0.999999999572,0.68440347986, 1.0
0.999999999867,0.738653435453, 1.0
0.99999999995,0.492217615258, 1.0
0.999999999988,0.492217615272, 0.0
0.99999999998,0.684403480047, 0.0
0.999999999954,0.684403480035, 0.0
0.999999999895,0.735736486989, 0.0
0.999999999735,0.735736486918, 1.0
0.9999999999,0.735736486992, 1.0
0.999999999963,0.684403480039, 1.0
0.999999999988,0.684403480051, 0.0
0.999999999973,0.684403480044, 0.0
0.999999999938,0.684403480028, 1.0
0.999999999981,0.812902728762, 1.0
0.999999999991,0.676727750632, 1.0
0.999999999997,0.454330759357, 1.0
0.999999999999,0.735736487035, 1.0
1.0,0.684403480056, 0.0
0.999999999999,0.676727750635, 1.0
1.0,0.454330759358, 1.0
1.0,0.735736487036, 1.0
1.0,0.812902728771, 1.0
1.0,0.738653435512, 1.0
1.0,0.492217615277, 0.0
1.0,0.467601035857, 0.0
1.0,0.492217615277, 0.0
