0.147069972352,0.569542721499, 1.0
0.353911821104,0.463608911087, 1.0
0.602710452232,0.437326515329, 0.0
0.582650553523,0.555157929483, 0.0
0.537638408287,0.114409113547, 0.0
0.595407283738,0.711132735618, 0.0
0.507257931797,0.656319328109, 0.0
0.446753632266,0.575813114421, 0.0
0.412984859271,0.5172148912, 0.0
0.39341736724,0.716515839485, 1.0
0.572647347924,0.218143767147, 1.0
0.819364517296,0.662932550415, 0.0
0.750517071777,0.498248574102, 0.0
0.711592451411,0.739565966214, 0.0
0.614718697107,0.544280716929, 0.0
0.57347898547,0.929615810093, 1.0
0.665517643809,0.860813509274, 1.0
0.757281789677,0.960324620854, 1.0
0.809478004584,0.556821229871, 0.0
0.762601750229,0.962939454663, 1.0
0.813203973191,0.719667029832, 1.0
0.894464329145,0.941315241507, 1.0
0.92173629876,0.806433047899, 0.0
0.86053170491,0.776679377782, 0.0
0.776716989085,0.622844969151, 0.0
0.712142052174,0.553838695275, 1.0
0.852254599009,0.813581906486, 1.0
0.908117303407,0.941019365611, 1.0
0.932192514211,0.883335521626, 0.0
0.863224384007,0.846199008365, 1.0
0.911452951401,0.739140842308, 0.0
0.856858765306,0.640690009835, 0.0
0.801543439676,0.559782805088, 0.0
0.753266900368,0.3845553829, 0.0
0.737922305557,0.657660690353, 1.0
0.853073143335,0.890334638666, 1.0
0.897850115872,0.903886101872, 1.0
0.928974753497,0.851780277908, 1.0
0.955573638777,0.935416319141, 1.0
0.968119100602,0.686413747362, 1.0
0.985081405101,0.892828525604, 1.0
0.990313600015,0.805840216583, 1.0
0.994659089625,0.790740021294, 1.0
0.997140118128,0.645591784788, 0.0
0.995613852073,0.982697315688, 1.0
0.996549844369,0.978932985691, 1.0
0.997311249491,0.940955697459, 1.0
0.998082068216,0.939623686929, 1.0
0.998636422142,0.86303931143, 0.0
0.997041386766,0.714745598191, 0.0
0.994998795894,0.934737849803, 1.0
0.996477490173,0.968629980588, 1.0
0.997321727269,0.934574589652, 1.0
0.998116334388,0.708134642294, 0.0
0.996843896084,0.557535057821, 1.0
0.998787172659,0.687825205841, 1.0
0.999448160927,0.168579114605, 0.0
0.999484121429,0.823172262021, 1.0
0.999709130036,0.804474854922, 1.0
0.999841291795,0.760180086802, 1.0
0.999919533396,0.724648392375, 1.0
0.999961394553,0.891876382201, 1.0
0.999975221448,0.303182124441, 1.0
0.999992736106,0.717839483694, 1.0
0.147069972352,0.569542721499, 0.0
0.102243070832,0.236969559762, 0.0
0.171854210003,0.209868343605, 0.0
0.225806721228,0.332584547018, 0.0
0.245646221559,0.0660697275668, 0.0
0.325616247413,0.536657422167, 1.0
0.584626584049,0.676795399072, 1.0
0.744195967212,0.684512233204, 0.0
0.658899489235,0.619520897216, 0.0
0.591401268458,0.806473419113, 0.0
0.487535813592,0.200291932549, 0.0
0.534803014781,0.56761274239, 1.0
0.722208408065,0.841796455843, 1.0
0.807390632393,0.950438418265, 1.0
0.851981603595,0.892038302209, 1.0
0.896813392421,0.652971362374, 0.0
0.850877355892,0.889958823034, 1.0
0.896284690545,0.853249234704, 1.0
0.933537524109,0.745527809168, 1.0
0.964989022087,0.804318184134, 0.0
0.934408834099,0.622434985916, 1.0
0.970883357064,0.915401716698, 1.0
0.980065533703,0.863088626363, 1.0
0.987730128703,0.939423520817, 1.0
0.991240741274,0.570930899949, 1.0
0.996559312533,0.848002268678, 0.0
0.99276407166,0.950090881364, 1.0
0.994722131261,0.934224632129, 1.0
0.996286309712,0.707577510988, 1.0
0.998256915258,0.55795568832, 1.0
0.999330782567,0.687992177762, 0.0
0.998909903717,0.168517165094, 0.0
0.998981032111,0.823042385229, 1.0
0.999425360685,0.804398218752, 1.0
0.999686421542,0.760135032826, 0.0
0.999430297364,0.724500970698, 0.0
0.999020841887,0.891693133401, 0.0
0.997751656982,0.302748615423, 0.0
0.997638792344,0.717126775365, 1.0
0.147069972352,0.569542721499, 1.0
0.353911821104,0.463608911087, 1.0
0.602710452232,0.437326515329, 0.0
0.582650553523,0.555157929483, 0.0
0.537638408287,0.114409113547, 0.0
0.595407283738,0.711132735618, 1.0
0.738277083832,0.733145327762, 0.0
0.642338607844,0.654678184235, 0.0
0.57128694145,0.59302127757, 0.0
0.526116694218,0.793958433655, 1.0
0.656239248348,0.236019870337, 1.0
0.862733941195,0.676264602705, 1.0
0.92989991892,0.599227775249, 0.0
0.902520421186,0.845922572825, 1.0
0.938512356683,0.933289944812, 1.0
0.955753379987,0.918869297412, 1.0
0.969265198382,0.654846748847, 1.0
0.986247316008,0.68713656241, 1.0
0.993671186996,0.682757259548, 0.0
0.989810574266,0.732869630072, 1.0
0.995002050509,0.894716081724, 1.0
0.996763251307,0.874684113138, 1.0
0.997987672358,0.764167750702, 0.0
0.996326820136,0.91402354947, 1.0
0.997526852326,0.919602768596, 1.0
0.998316199789,0.791752464932, 1.0
0.999099784449,0.646196743167, 0.0
0.998616481935,0.847090287114, 1.0
0.99918481952,0.896038627286, 0.0
0.998111109323,0.982801346086, 1.0
0.998514385081,0.979031560283, 1.0
0.998842383198,0.941145624042, 1.0
0.99917445503,0.939761823216, 1.0
0.99941317342,0.863214377071, 1.0
0.999643821453,0.715534657165, 1.0
0.999831391268,0.808388740765, 1.0
0.99990738901,0.965705707555, 1.0
0.999930136951,0.916212278454, 1.0
0.999952839541,0.573551113824, 0.0
0.9999339578,0.85796327173, 1.0
0.999960328663,0.813571011489, 1.0
0.999978015369,0.696170912059, 1.0
0.999989887916,0.848820540954, 1.0
0.999994029185,0.950865706274, 1.0
0.999995649223,0.642675430429, 0.0
0.999993341193,0.934934242224, 1.0
0.999995318964,0.708706678915, 1.0
0.999997807137,0.55847392065, 0.0
0.999996985004,0.688196804461, 0.0
0.999995084912,0.168642061599, 0.0
0.99999540478,0.823304254173, 0.0
0.99999071274,0.804550900555, 0.0
0.999981834445,0.760220972674, 1.0
0.99999079049,0.724669864302, 0.0
0.999984159627,0.891880817542, 1.0
0.999989833063,0.30318497314, 1.0
0.999997019571,0.717840780607, 1.0
0.147069972352,0.569542721499, 1.0
0.353911821104,0.463608911087, 0.0
0.348996031773,0.328071557342, 0.0
0.369932220289,0.444247491843, 0.0
0.35567131462,0.0862387532571, 0.0
0.429847004613,0.615778279466, 1.0
0.645715944502,0.702000491165, 0.0
0.549268092312,0.616601796925, 1.0
0.725753320689,0.641111119669, 0.0
0.652182765018,0.821699332086, 0.0
0.53773166419,0.211696994318, 0.0
0.577099031088,0.585435107614, 0.0
0.528126278514,0.616714608996, 0.0
0.481446536034,0.666182891906, 1.0
0.65042090279,0.593132701031, 0.0
0.593265856785,0.786140288502, 1.0
0.714876383433,0.682045856695, 1.0
0.832704497639,0.769297988327, 1.0
0.90073840598,0.423499481866, 0.0
0.885975531173,0.607486965264, 1.0
0.947849515376,0.88630430475, 0.0
0.891522703817,0.843490167867, 1.0
0.93133090396,0.932395232936, 1.0
0.950527473587,0.918088120881, 0.0
0.89103425812,0.657922754043, 1.0
0.947113813487,0.833407242856, 0.0
0.898797378326,0.823162412534, 0.0
0.820976111816,0.816728441663, 0.0
0.715185638257,0.896593252708, 1.0
0.789256454519,0.644549477796, 1.0
0.889044840312,0.525445208885, 1.0
0.954147364615,0.674113913181, 1.0
0.978617868119,0.166181698611, 0.0
0.980081169267,0.818163224663, 0.0
0.961120128307,0.794053316162, 0.0
0.928620663865,0.739460985171, 0.0
0.882636169081,0.689307352161, 0.0
0.825435095656,0.857873251753, 1.0
0.882502316862,0.280279454308, 0.0
0.881262693918,0.681891347893, 1.0
0.147069972352,0.569542721499, 1.0
0.353911821104,0.463608911087, 0.0
0.348996031773,0.328071557342, 0.0
0.369932220289,0.444247491843, 0.0
0.35567131462,0.0862387532571, 0.0
0.429847004613,0.615778279466, 1.0
0.645715944502,0.702000491165, 1.0
0.781812467479,0.696206546385, 0.0
0.698398316013,0.632749648023, 0.0
0.627452351659,0.816641984633, 0.0
0.519746725444,0.208102053894, 0.0
0.562903080893,0.580878838402, 1.0
0.738551374308,0.944708350698, 1.0
0.79786363238,0.883107222659, 1.0
0.857440341491,0.916302215247, 1.0
0.897145547826,0.961460621911, 1.0
0.921089267072,0.907548999186, 1.0
0.945405054815,0.674604997561, 1.0
0.974304912292,0.72823993479, 1.0
0.987298687688,0.805032930334, 1.0
0.992988161236,0.924435568219, 0.0
0.982981156766,0.756282089654, 0.0
0.969778814594,0.838864683815, 0.0
0.939807158263,0.832992969594, 0.0
0.886029839268,0.66127294368, 1.0
0.944170233548,0.667536648281, 0.0
0.91506895776,0.848702390721, 1.0
0.946639815938,0.934303024894, 1.0
0.961652433972,0.981282555593, 1.0
0.969782727611,0.977589894347, 1.0
0.976411883138,0.938363275112, 1.0
0.983117550091,0.937731369177, 1.0
0.987967700189,0.86063477512, 1.0
0.992670237384,0.713420264394, 1.0
0.99651768722,0.974665125474, 1.0
0.99731396507,0.614474918449, 1.0
0.998892250008,0.976289338879, 1.0
0.99914262743,0.772834960146, 0.0
0.998411073612,0.952175874246, 1.0
0.998838013139,0.826167633602, 1.0
0.999340978828,0.700804609512, 1.0
0.999694638237,0.848750117016, 1.0
0.999819676855,0.950847021168, 1.0
0.999868600094,0.664292579926, 0.0
0.9997928955,0.896153930806, 1.0
0.999865898534,0.89564150399, 1.0
0.999913263103,0.573539210982, 0.0
0.999878540181,0.857950502616, 1.0
0.999927038155,0.642654256711, 0.0
0.999888340903,0.792187700458, 1.0
0.999940343274,0.646456227702, 0.0
0.999908233176,0.620743032773, 0.0
0.999863580028,0.81354541344, 0.0
0.999729024473,0.816051112226, 1.0
0.999849151479,0.914606013994, 0.0
0.999636284291,0.875296957451, 1.0
0.999774066131,0.764684397739, 1.0
0.999884612871,0.449682905227, 0.0
0.999859774798,0.93491626152, 1.0
0.999901421598,0.708678092873, 0.0
0.999834455545,0.558425293807, 0.0
0.99977242124,0.688127828818, 1.0
0.999896506623,0.168630715951, 0.0
0.999903243439,0.823280461938, 1.0
0.999945454076,0.804538677774, 1.0
0.999970240827,0.760217599924, 1.0
0.999984912717,0.72466809315, 1.0
0.999992761817,0.891882493515, 1.0
0.999995354277,0.303186049563, 1.0
0.999998638116,0.717841270658, 1.0
0.147069972352,0.569542721499, 0.0
0.102243070832,0.236969559762, 0.0
0.171854210003,0.209868343605, 0.0
0.225806721228,0.332584547018, 1.0
0.54438201175,0.113926501415, 0.0
0.596409782014,0.701855215407, 1.0
0.749323665019,0.735203480498, 1.0
0.849616963494,0.716353985096, 1.0
0.91818350828,0.700011290618, 1.0
0.959063260657,0.883907522918, 1.0
0.973436870975,0.298008158536, 0.0
0.972332401666,0.709464654455, 1.0
0.986672699037,0.933623393341, 1.0
0.990599505994,0.968205962939, 1.0
0.992848703422,0.662125868971, 1.0
0.996842925911,0.982748516268, 1.0
0.997516794679,0.978981504271, 1.0
0.998064923055,0.941049185468, 1.0
0.998619843465,0.939691690565, 1.0
0.999018846729,0.863125502991, 1.0
0.999404407405,0.715462066754, 1.0
0.999718021986,0.846073657012, 0.0
0.999406346324,0.620588796072, 0.0
0.999117915058,0.86730564924, 1.0
0.999460282191,0.940885281487, 1.0
0.999615433269,0.642558093887, 0.0
0.999411660877,0.684522347156, 0.0
0.99904631802,0.896012364597, 0.0
0.99779086072,0.760584984271, 0.0
0.99599132289,0.91396807052, 0.0
0.990421676729,0.698078678618, 0.0
0.98428100414,0.811988940412, 0.0
0.969466216313,0.963312080144, 0.0
0.923907114112,0.903812088834, 1.0
0.947773426869,0.675331807084, 0.0
0.919558133158,0.792297953077, 1.0
0.953955555095,0.437553827978, 0.0
0.945506565786,0.55717608253, 1.0
0.977947061126,0.97356080125, 1.0
0.982966261401,0.610072922842, 1.0
0.992913263447,0.975953009205, 1.0
0.994512729868,0.771511560621, 1.0
0.997152809299,0.952044429406, 1.0
0.997917490416,0.825932025493, 0.0
0.995783107817,0.847817125743, 1.0
0.997506490437,0.950599120063, 1.0
0.998182424268,0.919706136802, 1.0
0.99876270408,0.875110614771, 1.0
0.999231214007,0.764527398232, 1.0
0.999607273614,0.895592296601, 1.0
0.999745967378,0.934900940769, 1.0
0.999821411349,0.708653734614, 1.0
0.999916331345,0.558449666766, 0.0
0.999884970544,0.688162398779, 1.0
0.999947692576,0.168636607084, 0.0
0.999951097063,0.823292815759, 1.0
0.99997243177,0.804545963505, 1.0
0.999984959487,0.760221881794, 0.0
0.999972662666,0.724664401838, 1.0
0.999986884725,0.891881348476, 1.0
0.999991582138,0.303185314142, 0.0
0.999991152824,0.71783900432, 0.0
0.147069972352,0.569542721499, 1.0
0.353911821104,0.463608911087, 0.0
0.348996031773,0.328071557342, 0.0
0.369932220289,0.444247491843, 0.0
0.35567131462,0.0862387532571, 0.0
0.429847004613,0.615778279466, 0.0
0.347704060944,0.542717548573, 0.0
0.301091141545,0.460751219977, 1.0
0.574092071279,0.585738815115, 1.0
0.753714332108,0.842784607746, 1.0
0.83195087171,0.270396698426, 0.0
0.832865999715,0.667142925345, 0.0
0.766154262921,0.751472420569, 1.0
0.857469838049,0.897494310586, 1.0
0.900062592552,0.845377137648, 1.0
0.936913915088,0.933090588867, 1.0
0.954591479811,0.628663430012, 1.0
0.980087072713,0.891878272851, 1.0
0.987054076507,0.845735047647, 0.0
0.973259233765,0.948000571887, 1.0
0.980442947988,0.964175193838, 1.0
0.985218199799,0.91381259986, 1.0
0.989989745656,0.570554655786, 0.0
0.986100838894,0.680429520088, 1.0
0.993663313757,0.91358310312, 1.0
0.995731011332,0.874463926874, 1.0
0.997345101749,0.763981911383, 0.0
0.995158554156,0.934283383364, 1.0
0.99659365279,0.707671078278, 0.0
0.994303637322,0.556778868288, 0.0
0.992204437489,0.685803292843, 0.0
0.987409257703,0.167193523946, 0.0
0.988253568103,0.82027299903, 1.0
0.993348432401,0.802757053115, 1.0
0.99636122478,0.759167685422, 0.0
0.993421454102,0.722690323705, 1.0
0.996833393157,0.891266950616, 1.0
0.997965849904,0.302790374753, 0.0
0.997863581758,0.717194835312, 0.0
0.147069972352,0.569542721499, 1.0
0.353911821104,0.463608911087, 0.0
0.348996031773,0.328071557342, 0.0
0.369932220289,0.444247491843, 1.0
0.633782449502,0.125857415615, 0.0
0.675202883108,0.734558669058, 0.0
0.570586188074,0.678000632697, 0.0
0.491092575055,0.594549709175, 1.0
0.682055556269,0.627502034424, 0.0
0.612702247269,0.813000123707, 1.0
0.725807357742,0.24964266259, 0.0
0.736210802026,0.637677748689, 1.0
0.85553369967,0.954328020766, 0.0
0.721146788081,0.870483764771, 0.0
0.592417434302,0.965188434151, 1.0
0.672916760148,0.962366928768, 1.0
0.740042275728,0.908877897818, 1.0
0.806719643536,0.915390590968, 0.0
0.670235376467,0.788835514389, 1.0
0.776636168173,0.647903618877, 1.0
0.8805359118,0.967766997897, 1.0
0.907053029966,0.586781871031, 0.0
0.874151945485,0.969271831145, 1.0
0.901737077293,0.74499256771, 0.0
0.841537150461,0.935787324582, 1.0
0.881635514056,0.796169471237, 1.0
0.929764067102,0.860392558289, 1.0
0.955446872512,0.751864427282, 1.0
0.976771989002,0.566579339094, 1.0
0.990790342035,0.865462438008, 1.0
0.994350301942,0.940248498006, 1.0
0.995971083532,0.895429237864, 0.0
0.990730560738,0.918531153982, 1.0
0.993680092552,0.618829039887, 1.0
0.997369241257,0.44901863868, 0.0
0.996807639899,0.760299313786, 0.0
0.994215581946,0.699238177794, 1.0
0.997312436776,0.848181906383, 1.0
0.99841163724,0.950696123439, 1.0
0.998842350178,0.857711747706, 1.0
0.999304355141,0.691142790248, 1.0
0.999682132641,0.696080294518, 1.0
0.999853770064,0.664288002595, 1.0
0.999935699906,0.89565478478, 1.0
0.999958411417,0.80842275222, 1.0
0.999977157989,0.91462718158, 1.0
0.999984632861,0.846137853448, 0.0
0.999967630832,0.792209651283, 1.0
0.999982706528,0.646469305442, 0.0
0.999973397158,0.73590405044, 1.0
0.999987016729,0.925481824958, 0.0
0.999967948794,0.935402973249, 1.0
0.999977444845,0.968882454895, 1.0
0.999982856062,0.847417823702, 0.0
0.999963802611,0.816112848883, 1.0
0.999979851245,0.934932426207, 1.0
0.999985835711,0.708703791841, 1.0
0.999993364611,0.55847259819, 0.0
0.999990876949,0.688194928348, 0.0
0.999985127587,0.168640915582, 0.0
0.999986095486,0.8233018509, 1.0
0.999992161663,0.804551291858, 1.0
0.999995723641,0.76022501324, 0.0
0.999992227251,0.724670297242, 1.0
0.999996271007,0.891883177214, 1.0
0.999997606602,0.303186488679, 0.0
0.999997484533,0.717840921385, 1.0
0.147069972352,0.569542721499, 0.0
0.102243070832,0.236969559762, 1.0
0.348996031773,0.328071557342, 0.0
0.369932220289,0.444247491843, 0.0
0.35567131462,0.0862387532571, 0.0
0.429847004613,0.615778279466, 0.0
0.347704060944,0.542717548573, 1.0
0.593472017112,0.63233789379, 1.0
0.757628042589,0.650950930625, 1.0
0.86843496482,0.866187648824, 0.0
0.764637816642,0.257250744052, 1.0
0.915614976181,0.692287186525, 0.0
0.870585082414,0.871027415154, 1.0
0.913415921725,0.826664677562, 1.0
0.947443128465,0.67523033355, 1.0
0.975292173244,0.891508087079, 1.0
0.983899902861,0.811888725823, 1.0
0.990981272523,0.924135558999, 0.0
0.97821512117,0.852958900275, 1.0
0.98682028407,0.933160885658, 0.0
0.967849807527,0.698920323691, 1.0
0.98468145189,0.55391451602, 1.0
0.994066453298,0.686375218321, 0.0
0.990395376697,0.167537204637, 0.0
0.991034940498,0.820991034, 1.0
0.994928829946,0.803183863178, 1.0
0.9972275854,0.759419722145, 1.0
0.998592644669,0.724248560498, 1.0
0.999324339447,0.891752264129, 1.0
0.99956625997,0.303102392779, 1.0
0.999872807297,0.717803172605, 1.0
0.147069972352,0.569542721499, 1.0
0.353911821104,0.463608911087, 1.0
0.602710452232,0.437326515329, 0.0
0.582650553523,0.555157929483, 0.0
0.537638408287,0.114409113547, 0.0
0.595407283738,0.711132735618, 0.0
0.507257931797,0.656319328109, 0.0
0.446753632266,0.575813114421, 1.0
0.64803527013,0.616720623601, 0.0
0.583791918612,0.806189969679, 1.0
0.703416309201,0.245246001111, 0.0
0.716585489952,0.631632584747, 0.0
0.64689626492,0.760166340698, 0.0
0.552730698462,0.330808027725, 1.0
0.779244172744,0.905106827888, 1.0
0.838663696872,0.659577514929, 0.0
0.775146422588,0.491522540366, 0.0
0.738979590425,0.607991799042, 1.0
0.861743205233,0.152729998962, 0.0
0.873683574042,0.790693608968, 0.0
0.791538050125,0.748248953235, 0.0
0.69810883098,0.672388135174, 0.0
0.62049191218,0.610291456253, 1.0
0.774655273164,0.847977386008, 0.0
0.653012493294,0.235536206052, 0.0
0.673865112895,0.619091813052, 0.0
0.147069972352,0.569542721499, 1.0
0.353911821104,0.463608911087, 1.0
0.602710452232,0.437326515329, 0.0
0.582650553523,0.555157929483, 0.0
0.537638408287,0.114409113547, 0.0
0.595407283738,0.711132735618, 1.0
0.738277083832,0.733145327762, 1.0
0.84097588556,0.713909295897, 0.0
0.765747130057,0.65397345768, 1.0
0.872652755593,0.867062493113, 1.0
0.915409468341,0.286694834779, 0.0
0.913584751598,0.958916851916, 1.0
0.93424921515,0.905498614785, 1.0
0.954974814079,0.437822978807, 0.0
0.946681874668,0.833303175666, 0.0
0.898046633898,0.731604537185, 0.0
0.838749489987,0.770916803604, 1.0
0.904546798673,0.671833431058, 1.0
0.953426587352,0.980939882406, 1.0
0.963285275465,0.977263871344, 1.0
0.971328214962,0.937732680668, 1.0
0.979462258093,0.937269144117, 1.0
0.985353739874,0.860045635887, 1.0
0.991070432705,0.712935203136, 1.0
0.995754114938,0.913928845017, 1.0
0.997140889812,0.895651056823, 1.0
0.998147442309,0.807937839445, 1.0
0.998981762046,0.93527097169, 1.0
0.999283319883,0.968832383184, 1.0
0.999455224653,0.792067795459, 1.0
0.999708886193,0.646384775793, 1.0
0.999875068726,0.848793153898, 0.0
0.99973559031,0.950838009725, 1.0
0.999807324738,0.691297113954, 1.0
0.999911983065,0.696150688894, 1.0
0.999959514164,0.847412228363, 1.0
0.99997615644,0.925480201457, 1.0
0.9999835817,0.642671706331, 1.0
0.999992991178,0.620769080068, 0.0
0.999989579859,0.857976087951, 1.0
0.999993740769,0.974871833106, 1.0
0.999995173273,0.615297535573, 1.0
0.999998012646,0.976351540187, 1.0
0.999998461954,0.773079589965, 1.0
0.999999203922,0.952341778606, 1.0
0.999999417949,0.826464895564, 1.0
0.999999670034,0.735911895007, 1.0
0.999999838965,0.664333087172, 0.0
0.99999974615,0.919992685527, 1.0
0.99999982726,0.867500850227, 1.0
0.999999894335,0.940952525602, 1.0
0.999999924717,0.816122347459, 1.0
0.999999958095,0.895667010893, 1.0
0.999999972897,0.684703242021, 0.0
0.999999956036,0.875374531973, 1.0
0.999999972693,0.764749732693, 1.0
0.999999986056,0.573565293411, 1.0
0.999999994553,0.934935137899, 1.0
0.999999996171,0.70870810284, 1.0
0.999999998206,0.558474572892, 0.0
0.999999997534,0.688197729771, 1.0
0.999999998879,0.168642627161, 0.0
0.999999998952,0.823305440198, 1.0
0.999999999409,0.804553408559, 1.0
0.999999999678,0.760226257201, 1.0
0.999999999837,0.724672639358, 1.0
0.999999999922,0.891883903722, 1.0
0.99999999995,0.303186955289, 0.0
0.999999999947,0.717841682982, 1.0
0.147069972352,0.569542721499, 0.0
0.102243070832,0.236969559762, 0.0
0.171854210003,0.209868343605, 0.0
0.225806721228,0.332584547018, 1.0
0.54438201175,0.113926501415, 0.0
0.596409782014,0.701855215407, 0.0
0.487993869851,0.633645599033, 0.0
0.410518541594,0.541808983135, 0.0
0.367797568355,0.478129047129, 0.0
0.345330844918,0.668247027454, 1.0
0.550238702284,0.212299817321, 0.0
0.582647487771,0.581234479826, 1.0
0.761813106801,0.547022673196, 1.0
0.885638210482,0.539147410952, 1.0
0.951854222138,0.91828440738, 1.0
0.966533022517,0.685927779072, 1.0
0.984325982121,0.973940116984, 1.0
0.987899110893,0.611586359394, 1.0
0.994980727523,0.976069307905, 1.0
0.996114134319,0.77196930241, 0.0
0.992831770402,0.95159303095, 1.0
0.994753941046,0.825122313891, 0.0
0.989437000302,0.912884225544, 1.0
0.992877132093,0.873855168202, 1.0
0.995566505708,0.763467519544, 1.0
0.997731365307,0.965534604095, 1.0
0.998288238372,0.915944466771, 0.0
0.995874018517,0.641403474609, 0.0
0.993712492534,0.682769960235, 0.0
0.989876583625,0.810903023433, 0.0
0.980232627189,0.863125610877, 1.0
0.987833611638,0.939436416446, 1.0
0.991314761223,0.447419754235, 1.0
0.997037445638,0.895631441713, 1.0
0.998080364557,0.846961773222, 1.0
0.998868725645,0.895451776435, 1.0
0.999268102378,0.700782336898, 1.0
0.999660857332,0.848742059482, 1.0
0.999799726138,0.950844883076, 1.0
0.999854061781,0.919969714544, 1.0
0.999900688724,0.935393970457, 1.0
0.9999301116,0.968879040443, 1.0
0.99994687833,0.982877820298, 1.0
0.999958223698,0.97910400765, 1.0
0.999967450117,0.941285180838, 1.0
0.999976791507,0.939863281582, 0.0
0.999940864209,0.863333308998, 1.0
0.999964113134,0.715631769698, 1.0
0.999983014589,0.846137463789, 1.0
0.999990020452,0.66433005666, 0.0
0.999984268708,0.857974864176, 1.0
0.999990550419,0.76122409444, 1.0
0.999995201641,0.792217284056, 1.0
0.999997436471,0.646473852645, 1.0
0.999998900048,0.934934990556, 1.0
0.999999226752,0.708707868599, 1.0
0.999999637768,0.558474465596, 1.0
0.999999861086,0.688197687861, 1.0
0.999999936836,0.16864262002, 0.0
0.999999940946,0.823305425223, 1.0
0.99999996671,0.804553399728, 1.0
0.999999981838,0.760226252011, 1.0
0.999999990792,0.724672636633, 1.0
0.999999995583,0.891883902877, 1.0
0.999999997165,0.303186954746, 0.0
0.99999999702,0.717841682096, 1.0
0.147069972352,0.569542721499, 0.0
0.102243070832,0.236969559762, 1.0
0.348996031773,0.328071557342, 0.0
0.369932220289,0.444247491843, 0.0
0.35567131462,0.0862387532571, 0.0
0.429847004613,0.615778279466, 1.0
0.645715944502,0.702000491165, 1.0
0.781812467479,0.696206546385, 1.0
0.877595230154,0.687753827064, 0.0
0.81886270865,0.85648613779, 0.0
0.70111535591,0.244838874599, 0.0
0.714700896032,0.631201694138, 0.0
0.645541450874,0.60035721602, 0.0
0.588803514123,0.2228234856, 0.0
0.620463781824,0.609658278145, 0.0
0.565131129073,0.575310798083, 0.0
0.52798953834,0.573397354509, 0.0
0.500333529949,0.864198704023, 0.0
0.431204195249,0.383993169016, 0.0
0.459189401519,0.672666063894, 1.0
0.625546795535,0.817591647018, 0.0
0.522664401441,0.618352719176, 0.0
0.485918880597,0.108885990587, 0.0
0.555675141684,0.424008682799, 0.0
0.548474590996,0.545910520626, 0.0
0.516238715324,0.861425546939, 0.0
0.423354973371,0.185631303961, 0.0
0.482546516834,0.645122958443, 1.0
0.661497461533,0.621081249188, 0.0
0.595215571072,0.691977472108, 1.0
0.738916112819,0.68400985155, 1.0
0.849650510706,0.86256610261, 0.0
0.739691186186,0.638957595802, 0.0
0.147069972352,0.569542721499, 1.0
0.353911821104,0.463608911087, 0.0
0.348996031773,0.328071557342, 0.0
0.369932220289,0.444247491843, 0.0
0.35567131462,0.0862387532571, 1.0
0.724673089109,0.748615134196, 1.0
0.830691479968,0.758510919725, 1.0
0.901161132071,0.731449682772, 0.0
0.843142032014,0.677355990884, 1.0
0.918328263197,0.875967287154, 1.0
0.94642116226,0.292741052473, 0.0
0.944697618752,0.701097294009, 0.0
0.91219319647,0.85664332933, 1.0
0.94400426301,0.748554978081, 1.0
0.970648565781,0.963405041224, 1.0
0.977793716841,0.912601582597, 1.0
0.984937558493,0.912140182549, 1.0
0.989832962902,0.844984770128, 1.0
0.993991308485,0.982629723987, 1.0
0.995273151359,0.978868925173, 1.0
0.996316012697,0.940832245194, 1.0
0.997371728846,0.939533861932, 1.0
0.998131179829,0.862925438982, 1.0
0.99886524384,0.7152985922, 0.0
0.998077286226,0.690766294683, 1.0
0.999120853634,0.895499747682, 1.0
0.999431258069,0.573394245184, 1.0
0.999777763648,0.857927282075, 1.0
0.999866496519,0.919971675208, 1.0
0.999909150825,0.642648736591, 0.0
0.999860969168,0.664290224619, 1.0
0.999938865739,0.684684452721, 0.0
0.999900840962,0.848799301177, 1.0
0.999941448439,0.950860071266, 1.0
0.9999573347,0.816111148098, 1.0
0.999976250915,0.620763935555, 1.0
0.9999901516,0.896191334557, 1.0
0.999993623423,0.92548281259, 1.0
0.999995609204,0.935406675608, 1.0
0.999996910113,0.96888385905, 1.0
0.999997651414,0.813580886456, 1.0
0.999998698505,0.808433539661, 1.0
0.999999285182,0.735911780098, 1.0
0.999999651144,0.974872184573, 1.0
0.999999730984,0.615298933917, 1.0
0.999999889236,0.976351645749, 1.0
0.999999914278,0.773080005094, 1.0
0.999999955631,0.952341857133, 1.0
0.99999996756,0.826465036237, 1.0
0.99999998161,0.867500884391, 1.0
0.999999988751,0.940952537368, 1.0
0.999999991985,0.934935137553, 1.0
0.999999994366,0.708708102291, 1.0
0.999999997361,0.55847457264, 1.0
0.999999998988,0.688197730218, 0.0
0.99999999835,0.1686426271, 0.0
0.999999998457,0.804553408302, 1.0
0.999999999158,0.823305440251, 1.0
0.999999999526,0.760226257156, 1.0
0.999999999759,0.724672639335, 1.0
0.999999999885,0.891883903715, 1.0
0.999999999926,0.303186955285, 1.0
0.999999999978,0.717841682991, 1.0
0.147069972352,0.569542721499, 1.0
0.353911821104,0.463608911087, 1.0
0.602710452232,0.437326515329, 0.0
0.582650553523,0.555157929483, 0.0
0.537638408287,0.114409113547, 0.0
0.595407283738,0.711132735618, 1.0
0.738277083832,0.733145327762, 1.0
0.84097588556,0.713909295897, 1.0
0.913001229098,0.698453920291, 0.0
0.865893765101,0.865745085042, 0.0
0.761494352147,0.256679163324, 0.0
0.768144907437,0.647613588365, 1.0
0.875062470828,0.900290319817, 1.0
0.91270901356,0.879058128345, 1.0
0.942238333901,0.905079238112, 1.0
0.96064013096,0.972531617032, 1.0
0.969559160819,0.60595951065, 1.0
0.987230322451,0.975633332575, 1.0
0.990108475066,0.770252658283, 0.0
0.981918746113,0.950452999744, 1.0
0.986747923108,0.823073170862, 1.0
0.992449641716,0.811583810999, 1.0
0.995803342487,0.965383001254, 1.0
0.996832874365,0.915707080924, 1.0
0.99786062223,0.690699816727, 1.0
0.999021670988,0.684402432611, 0.0
0.998414888416,0.695692186175, 1.0
0.999270298628,0.982849635434, 1.0
0.999426123278,0.979077308493, 1.0
0.999552850791,0.94123375265, 1.0
0.99968115555,0.939825897339, 1.0
0.999773372897,0.863295559496, 1.0
0.999862462826,0.715600949295, 1.0
0.999934899638,0.808416456606, 1.0
0.999964244098,0.664322100716, 1.0
0.99998427843,0.84881920296, 1.0
0.999990716971,0.950865351309, 1.0
0.999993235697,0.816120588532, 1.0
0.999996234791,0.792217570075, 1.0
0.999997988433,0.646474023039, 0.0
0.999996905523,0.573564366923, 0.0
0.999995666416,0.642675435734, 0.0
0.999993367506,0.620769195718, 0.0
0.999990139348,0.935405943465, 1.0
0.999993060864,0.968883581379, 1.0
0.999994725643,0.875373416282, 1.0
0.99999672401,0.764748793134, 0.0
0.999994002223,0.867499560923, 0.0
0.9999868465,0.940950899638, 1.0
0.999990628494,0.93493387704, 1.0
0.999993411977,0.708706098353, 1.0
0.999996913793,0.558473654718, 1.0
0.99999881646,0.688197367, 1.0
0.999999461841,0.168642565351, 0.0
0.999999496864,0.823305310579, 1.0
0.99999971637,0.80455333212, 1.0
0.999999845261,0.760226212278, 1.0
0.999999921551,0.724672615768, 1.0
0.999999962364,0.891883896405, 1.0
0.999999975844,0.30318695059, 0.0
0.999999974612,0.717841675311, 0.0
0.147069972352,0.569542721499, 0.0
0.102243070832,0.236969559762, 1.0
0.348996031773,0.328071557342, 1.0
0.642987765276,0.574867850259, 0.0
0.584891451535,0.120053784665, 0.0
0.634380082276,0.722709516885, 0.0
0.536995511126,0.666747689474, 0.0
0.467203999294,0.584775284807, 1.0
0.663705723917,0.621719203902, 0.0
0.596945590563,0.809365135795, 0.0
0.496027604594,0.202842557205, 1.0
0.76551717989,0.646556291035, 0.0
0.693620425183,0.771641819019, 0.0
0.59024290058,0.844760670661, 0.0
0.490188703527,0.919242632473, 1.0
0.598013144265,0.848498186697, 0.0
0.494238310201,0.74866068937, 1.0
0.638419338112,0.894964043295, 1.0
0.727122964081,0.600680742402, 0.0
0.665404076373,0.768725202707, 1.0
0.777185125068,0.926954323325, 1.0
0.832547827827,0.523199586919, 0.0
0.794969496858,0.762198648237, 0.0
0.698447945427,0.811022935354, 1.0
0.794322749209,0.705262731285, 1.0
0.883983786986,0.665548810876, 0.0
0.831645936441,0.864269378687, 0.0
0.715663413739,0.738349158423, 0.0
0.621211069738,0.651167885897, 0.0
0.558299418177,0.560896425013, 0.0
0.527676207003,0.496908713939, 0.0
0.51700861812,0.84382052172, 1.0
0.634500856937,0.691030707575, 1.0
0.76877166521,0.575093223638, 1.0
0.885373779015,0.419442552385, 0.0
0.869435781246,0.651295841205, 1.0
0.935835182641,0.8834586699, 1.0
0.957799172029,0.929254064565, 1.0
0.970112377965,0.699609139302, 0.0
0.951642240427,0.544079334552, 0.0
0.936050969952,0.668555534398, 1.0
0.969875260458,0.165175487722, 0.0
0.971978018286,0.816071327223, 1.0
0.984032519186,0.800241151013, 1.0
0.991231425259,0.757675353206, 0.0
0.984265891142,0.719931474485, 1.0
0.99239093819,0.890401422751, 1.0
0.995106338741,0.302232880741, 0.0
0.994865305788,0.716287041213, 1.0
