0.0240477641643,0.3559403049, 1.0
0.0760123454417,0.376099496728, 1.0
0.159891476544,0.408909700954, 0.0
0.13534090735,0.399125620231, 0.0
0.135170126291,0.398963591489, 0.0
0.142867830343,0.401922641098, 0.0
0.151860495683,0.40540973496, 0.0
0.159956588105,0.408557305378, 0.0
0.166635957306,0.411156957606, 0.0
0.171950983807,0.413226715519, 1.0
0.315144810546,0.469619158085, 1.0
0.509959332745,0.546345842361, 0.0
0.363952687207,0.488827073829, 0.0
0.2718457537,0.45253698794, 0.0
0.224500785328,0.433878995118, 0.0
0.202962700706,0.425387801029, 1.0
0.36211429682,0.48808625605, 1.0
0.563178562314,0.567290150981, 1.0
0.746944130828,0.639676933679, 0.0
0.582800939529,0.575016735211, 1.0
0.761937225073,0.645581478259, 1.0
0.88031764824,0.692212208248, 1.0
0.944210243884,0.71737941677, 0.0
0.880912946085,0.692445647198, 0.0
0.767904753945,0.64792896663, 0.0
0.608331516658,0.585067823576, 1.0
0.780830727371,0.653021250611, 1.0
0.891230760273,0.696509928181, 1.0
0.949654853267,0.719523682394, 0.0
0.891688797583,0.696689766406, 1.0
0.949893046008,0.719617300002, 0.0
0.892184772132,0.696884790827, 0.0
0.786685568193,0.655325646479, 0.0
0.631990458881,0.594385787827, 0.0
0.465442233524,0.5287753862, 1.0
0.665460791675,0.60757321425, 1.0
0.820395679136,0.668606715612, 1.0
0.91311786872,0.705131477123, 1.0
0.960314663165,0.723722603739, 1.0
0.98237090541,0.73241054993, 1.0
0.992267343647,0.736308702717, 1.0
0.996627038331,0.738025945696, 1.0
0.99853223464,0.738776379129, 1.0
0.99936193281,0.739103185206, 0.0
0.998515300478,0.738769689436, 1.0
0.999354981888,0.739100440881, 1.0
0.999719848246,0.739244160167, 1.0
0.999878325918,0.739306583185, 1.0
0.999947153065,0.739333693401, 0.0
0.999876925428,0.739306030051, 0.0
0.999713590116,0.739241689267, 1.0
0.999875732823,0.739305559854, 1.0
0.999946068129,0.739333265419, 1.0
0.999976587937,0.739345287175, 0.0
0.999945491896,0.739333037999, 1.0
0.999976347222,0.739345192213, 1.0
0.999989733314,0.739350465025, 0.0
0.999976098018,0.739345093875, 1.0
0.999989628906,0.739350423841, 1.0
0.999995498554,0.739352735914, 1.0
0.999998045729,0.73935373924, 1.0
0.99999915141,0.739354174759, 1.0
0.99999963147,0.73935436385, 1.0
0.999999839936,0.739354445962, 1.0
0.0240477641643,0.3559403049, 1.0
0.0760123454417,0.376099496728, 0.0
0.0852073694305,0.379531257306, 0.0
0.103996233097,0.386790201008, 1.0
0.204998840415,0.426453661196, 0.0
0.17285788319,0.413733691836, 1.0
0.317610303272,0.470683024354, 1.0
0.512327942556,0.54732870718, 0.0
0.360882989094,0.487668457128, 1.0
0.561288536757,0.566580647425, 1.0
0.744921121455,0.638895504828, 0.0
0.578819765233,0.573468255655, 1.0
0.758615933191,0.644281817336, 1.0
0.878211213011,0.691385790559, 1.0
0.943086440094,0.716937931319, 0.0
0.87859107174,0.691532989768, 1.0
0.943327106153,0.717031866151, 1.0
0.974558333327,0.729333444395, 1.0
0.988785414153,0.734937278267, 0.0
0.974345712346,0.729249353324, 0.0
0.942677455673,0.716774657114, 1.0
0.974284569973,0.729225162329, 1.0
0.988672490751,0.734892648529, 1.0
0.995050460333,0.737404925967, 1.0
0.997844803802,0.738505601808, 1.0
0.999062915212,0.738985404277, 1.0
0.999592789583,0.739194115212, 1.0
0.999823084394,0.739284824975, 0.0
0.999588030358,0.739192235178, 0.0
0.999041680536,0.738977018432, 1.0
0.999584020991,0.739190654199, 1.0
0.999819427233,0.739283382103, 1.0
0.999921604252,0.739323629562, 1.0
0.9999659594,0.739341100803, 1.0
0.999985217113,0.739348686233, 1.0
0.999993579505,0.739351980076, 1.0
0.999997211213,0.739353410553, 1.0
0.99999878859,0.739354031856, 0.0
0.999997178143,0.739353397488, 0.0
0.999993431209,0.739351921507, 1.0
0.999997150147,0.739353386448, 1.0
0.999998763168,0.739354021826, 1.0
0.999999463075,0.739354297518, 1.0
0.999999766866,0.73935441718, 1.0
0.999999898757,0.73935446913, 0.0
0.99999976421,0.739354416131, 1.0
0.999999897662,0.739354468698, 0.0
0.999999761753,0.739354415161, 1.0
0.99999989663,0.739354468291, 1.0
0.999999955135,0.739354491336, 1.0
0.999999980523,0.739354501337, 1.0
0.999999991543,0.739354505677, 1.0
0.999999996327,0.739354507562, 1.0
0.999999998405,0.73935450838, 1.0
0.999999999307,0.739354508736, 1.0
0.999999999699,0.73935450889, 0.0
0.999999999299,0.739354508732, 0.0
0.999999998368,0.739354508366, 0.0
0.999999996203,0.739354507513, 0.0
0.999999991168,0.739354505529, 1.0
0.999999996171,0.7393545075, 1.0
0.999999998339,0.739354508354, 1.0
0.999999999279,0.739354508725, 1.0
0.999999999687,0.739354508885, 1.0
0.999999999864,0.739354508955, 0.0
0.999999999684,0.739354508884, 1.0
0.0240477641643,0.3559403049, 0.0
0.0371317748258,0.360810324328, 0.0
0.0700637129391,0.373572057465, 0.0
0.0981793365374,0.384499462855, 0.0
0.120172914469,0.393058091235, 0.0
0.136906598244,0.399573844892, 1.0
0.259568137958,0.447826159404, 1.0
0.440778607403,0.519152936302, 0.0
0.31183346711,0.468350260583, 0.0
0.239173946523,0.439712127471, 1.0
0.413635990078,0.508416245525, 1.0
0.615997441594,0.588113060552, 1.0
0.785896017343,0.655027322785, 0.0
0.629627607016,0.593472053591, 0.0
0.461588695823,0.527276633342, 0.0
0.332126561651,0.476274188932, 0.0
0.255884767366,0.446235160968, 0.0
0.218066924353,0.431332510371, 1.0
0.384060158397,0.496727838141, 1.0
0.586465998469,0.576461523526, 0.0
0.42506612957,0.512879738222, 0.0
0.309716007971,0.467436408293, 1.0
0.503767634182,0.543882791295, 1.0
0.698888307659,0.62074549055, 1.0
0.0240477641643,0.3559403049, 1.0
0.0760123454417,0.376099496728, 1.0
0.159891476544,0.408909700954, 0.0
0.13534090735,0.399125620231, 1.0
0.258850087371,0.447649823023, 1.0
0.439694448737,0.518785822768, 0.0
0.305564093609,0.465937965566, 1.0
0.498127875133,0.541736093407, 0.0
0.350716014536,0.483663488988, 0.0
0.2600390088,0.447930499988, 1.0
0.441513692212,0.519396343077, 0.0
0.316576678054,0.470174745296, 1.0
0.511689881197,0.547022906501, 1.0
0.705286156254,0.62327455708, 1.0
0.845885897633,0.678652872769, 0.0
0.712850634073,0.626248921117, 0.0
0.544369218314,0.559879755101, 1.0
0.732208098008,0.633871859323, 0.0
0.56594788346,0.568377415706, 0.0
0.408544604348,0.50636962935, 0.0
0.2998021689,0.463529247494, 0.0
0.240106302847,0.440009521578, 0.0
0.211517623603,0.428744309431, 1.0
0.374597673112,0.492995430803, 0.0
0.280073708298,0.455756020878, 1.0
0.467417921274,0.529562165129, 1.0
0.667131785555,0.608235501163, 0.0
0.497847544324,0.541548622522, 1.0
0.693870003462,0.618767750298, 0.0
0.524771227839,0.552154155705, 1.0
0.716453832823,0.627663617406, 1.0
0.853041443376,0.681467479799, 1.0
0.930339727864,0.711915667705, 0.0
0.854350596101,0.681982185316, 1.0
0.931036788461,0.712189886587, 1.0
0.968834641696,0.727078630507, 0.0
0.93095031921,0.71215536153, 0.0
0.855586424562,0.682467661689, 0.0
0.728137015105,0.632261311827, 0.0
0.562101353349,0.566853514698, 1.0
0.746308242594,0.639421016784, 1.0
0.871202183573,0.688620046451, 0.0
0.752314806994,0.641787132699, 1.0
0.874757364019,0.690020470571, 0.0
0.757991615502,0.644023339676, 1.0
0.878091363178,0.691333764778, 1.0
0.94312578675,0.716951718518, 1.0
0.974482811766,0.729303407231, 0.0
0.942966142345,0.716888461558, 1.0
0.974416607938,0.729277202442, 0.0
0.942837702668,0.716837647026, 0.0
0.0240477641643,0.3559403049, 1.0
0.0760123454417,0.376099496728, 0.0
0.0852073694305,0.379531257306, 0.0
0.103996233097,0.386790201008, 0.0
0.122365858159,0.393922591559, 0.0
0.13769144289,0.399883836063, 0.0
0.149792580674,0.404594775793, 0.0
0.159152875298,0.408240252249, 1.0
0.295205481132,0.461800143791, 1.0
0.485894244643,0.536886397263, 1.0
0.682888240513,0.614463671517, 0.0
0.511296848354,0.546872324321, 0.0
0.364950431659,0.489219749742, 1.0
0.566096859397,0.568448155289, 1.0
0.749058838893,0.640513640365, 1.0
0.872656818935,0.689196560692, 1.0
0.940318043255,0.715846996217, 1.0
0.973152107296,0.728779676548, 1.0
0.988153275118,0.734688330599, 0.0
0.972922642325,0.728688882407, 1.0
0.988059165645,0.734651124477, 1.0
0.994779296762,0.73729813757, 1.0
0.997725934792,0.738458787521, 0.0
0.994723202762,0.737275980602, 1.0
0.997702750335,0.738449634885, 1.0
0.999001359643,0.738961153865, 1.0
0.99956612157,0.739183609606, 0.0
0.998990304956,0.738956788807, 1.0
0.999561544038,0.739181803029, 0.0
0.998980033483,0.73895273646, 0.0
0.997630789933,0.738421237557, 0.0
0.994511061454,0.737192285362, 0.0
0.987351572508,0.734371922146, 1.0
0.99447802912,0.737179309575, 1.0
0.997597742505,0.738408240644, 0.0
0.994432577641,0.737161406626, 1.0
0.997577881057,0.738400417451, 1.0
0.998947685222,0.738940001389, 0.0
0.99755502448,0.738391405204, 0.0
0.0240477641643,0.3559403049, 1.0
0.0760123454417,0.376099496728, 0.0
0.0852073694305,0.379531257306, 0.0
0.103996233097,0.386790201008, 1.0
0.204998840415,0.426453661196, 0.0
0.17285788319,0.413733691836, 0.0
0.164219875103,0.410279712009, 0.0
0.164875767987,0.41049717836, 1.0
0.304387071676,0.465418022921, 0.0
0.235284690876,0.438180558566, 1.0
0.40830865836,0.506318185587, 0.0
0.295891675245,0.462027130794, 1.0
0.486914149635,0.537264212477, 0.0
0.348111841919,0.482582735495, 0.0
0.263478599954,0.449236880774, 1.0
0.446085434931,0.521169360069, 1.0
0.647443482045,0.600485186265, 1.0
0.808096891143,0.663765978468, 0.0
0.659483538648,0.605224291282, 1.0
0.816303583697,0.666997116208, 1.0
0.910858131487,0.704242217865, 1.0
0.959208941203,0.723287361942, 0.0
0.910925430407,0.704267837438, 1.0
0.959259945195,0.723307142381, 0.0
0.911063144872,0.704321558733, 1.0
0.959337272171,0.723337418454, 1.0
0.981930461079,0.732236996594, 1.0
0.992073524159,0.736232337425, 1.0
0.996542575811,0.737992669777, 1.0
0.998495562336,0.738761932068, 1.0
0.999346028201,0.739096919853, 1.0
0.999715835156,0.739242581359, 0.0
0.999338400038,0.739093906455, 1.0
0.999712706326,0.739241346065, 1.0
0.999875244331,0.739305369066, 0.0
0.999709552555,0.739240100998, 0.0
0.999324386081,0.739088375998, 1.0
0.999706839796,0.739239031844, 1.0
0.999872769534,0.739304393135, 1.0
0.999944770736,0.739332754554, 1.0
0.999976021002,0.739345063921, 1.0
0.999989587325,0.739350407589, 1.0
0.999995477808,0.739352727784, 1.0
0.999998035831,0.739353735354, 1.0
0.999999146817,0.739354172955, 1.0
0.999999629378,0.739354363027, 1.0
0.999999838995,0.739354445592, 0.0
0.999999624934,0.739354361272, 1.0
0.99999983718,0.739354444875, 0.0
0.999999620894,0.739354359677, 1.0
0.999999835495,0.73935444421, 0.0
0.999999617083,0.739354358174, 1.0
0.999999833882,0.739354443574, 1.0
0.999999927908,0.739354480612, 0.0
0.999999832179,0.739354442902, 1.0
0.999999927191,0.739354480329, 1.0
0.999999968401,0.739354496562, 1.0
0.999999986282,0.739354503605, 0.0
0.999999968059,0.739354496427, 0.0
0.999999925673,0.73935447973, 0.0
0.999999827114,0.739354440905, 1.0
0.999999925044,0.739354479482, 1.0
0.999999967486,0.739354496201, 0.0
0.999999924335,0.739354479203, 1.0
0.999999967182,0.739354496081, 1.0
0.99999998576,0.739354503399, 0.0
0.999999966854,0.739354495952, 1.0
0.0240477641643,0.3559403049, 0.0
0.0371317748258,0.360810324328, 1.0
0.0852073694305,0.379531257306, 0.0
0.103996233097,0.386790201008, 1.0
0.204998840415,0.426453661196, 0.0
0.17285788319,0.413733691836, 1.0
0.317610303272,0.470683024354, 1.0
0.512327942556,0.54732870718, 1.0
0.705026236044,0.623197067904, 0.0
0.532852272511,0.555380044443, 1.0
0.72239598422,0.630023507819, 0.0
0.553258905409,0.563399837623, 1.0
0.738945451095,0.636533860904, 1.0
0.866549865088,0.686792584743, 1.0
0.937189262562,0.714615144751, 1.0
0.971681284264,0.728200524892, 0.0
0.936913394012,0.714505323286, 1.0
0.971576710376,0.72815893727, 1.0
0.987451326897,0.734411773016, 1.0
0.994510113393,0.737192133013, 1.0
0.997607812123,0.738412268489, 1.0
0.99895940979,0.738944639884, 1.0
0.999547678819,0.739176348429, 1.0
0.999803445706,0.739277090173, 1.0
0.999914598434,0.739320871061, 1.0
0.999962895198,0.73933989419, 0.0
0.9999135637,0.739320462195, 1.0
0.999962473405,0.739339727623, 1.0
0.999983705028,0.739348090616, 1.0
0.999992923371,0.739351721626, 1.0
0.999996926414,0.739353298372, 1.0
0.999998664942,0.739353983152, 0.0
0.999996890226,0.739353284077, 1.0
0.99999865011,0.739353977296, 1.0
0.999999413911,0.739354278154, 0.0
0.999998635226,0.739353971421, 1.0
0.999999407732,0.739354275716, 0.0
0.999998621302,0.739353965928, 1.0
0.999999401858,0.7393542734, 1.0
0.999999740408,0.739354406756, 1.0
0.999999887308,0.73935446462, 0.0
0.99999973761,0.739354405652, 0.0
0.99999938941,0.739354268488, 1.0
0.999999735174,0.739354404692, 0.0
0.999999383778,0.739354266269, 0.0
0.999998566736,0.739353944413, 1.0
0.999999378622,0.73935426424, 0.0
0.999998554541,0.739353939613, 1.0
0.999999373261,0.739354262129, 1.0
0.999999728118,0.739354401913, 1.0
0.999999882013,0.739354462534, 1.0
0.999999948783,0.739354488834, 1.0
0.999999977762,0.739354500249, 1.0
0.999999990343,0.739354505205, 0.0
0.99999997751,0.73935450015, 1.0
0.999999990239,0.739354505164, 1.0
0.999999995763,0.739354507339, 1.0
0.99999999816,0.739354508284, 1.0
0.999999999201,0.739354508694, 1.0
0.999999999653,0.739354508872, 1.0
0.999999999849,0.739354508949, 1.0
0.999999999935,0.739354508983, 0.0
0.999999999847,0.739354508948, 1.0
0.999999999934,0.739354508982, 1.0
0.999999999971,0.739354508997, 1.0
0.999999999988,0.739354509004, 1.0
0.999999999995,0.739354509006, 1.0
0.999999999998,0.739354509008, 0.0
0.999999999995,0.739354509006, 1.0
0.0240477641643,0.3559403049, 1.0
0.0760123454417,0.376099496728, 1.0
0.159891476544,0.408909700954, 1.0
0.299532307207,0.463736657523, 0.0
0.212582762628,0.429436416745, 0.0
0.17653726987,0.41518044376, 1.0
0.323282465193,0.472915229344, 1.0
0.518916339093,0.549922397955, 0.0
0.365796761602,0.489602950844, 0.0
0.268466159031,0.45124995166, 0.0
0.219100852664,0.431788457243, 0.0
0.197487792545,0.423260286539, 1.0
0.354106357468,0.4849497233, 1.0
0.554317762751,0.563809250619, 1.0
0.739897027691,0.636905273675, 1.0
0.867186796473,0.68704214143, 1.0
0.937540713148,0.714753102888, 1.0
0.971855460752,0.728268968089, 1.0
0.987571444948,0.734459164477, 1.0
0.99456136822,0.737212347634, 1.0
0.997629659024,0.738420882271, 1.0
0.998968741439,0.738948318315, 1.0
0.999551676437,0.739177923961, 1.0
0.999805163135,0.739277766947, 1.0
0.999915338069,0.739321162492, 1.0
0.999963214368,0.739340019938, 1.0
0.999984017059,0.739348213671, 1.0
0.999993055671,0.739351773787, 0.0
0.999983821574,0.739348136422, 1.0
0.999992976114,0.739351742368, 1.0
0.999996950025,0.739353307662, 1.0
0.99999867543,0.73935398728, 1.0
0.999999424694,0.739354282405, 0.0
0.999998659992,0.739353981182, 1.0
0.999999418354,0.739354279902, 1.0
0.999999747471,0.73935440954, 1.0
0.999999890342,0.739354465816, 1.0
0.999999952376,0.73935449025, 1.0
0.999999979315,0.739354500861, 1.0
0.999999991015,0.739354505469, 1.0
0.999999996097,0.739354507471, 1.0
0.999999998304,0.739354508341, 1.0
0.999999999263,0.739354508718, 1.0
0.99999999968,0.739354508882, 1.0
0.999999999861,0.739354508954, 1.0
0.99999999994,0.739354508985, 1.0
0.999999999974,0.739354508998, 1.0
0.999999999989,0.739354509004, 0.0
0.999999999973,0.739354508998, 1.0
0.999999999988,0.739354509004, 1.0
0.999999999995,0.739354509006, 1.0
0.999999999998,0.739354509008, 1.0
0.999999999999,0.739354509008, 1.0
1.0,0.739354509008, 0.0
0.999999999999,0.739354509008, 1.0
1.0,0.739354509008, 1.0
1.0,0.739354509008, 1.0
1.0,0.739354509008, 1.0
1.0,0.739354509008, 1.0
1.0,0.739354509008, 0.0
1.0,0.739354509008, 1.0
1.0,0.739354509008, 1.0
1.0,0.739354509008, 1.0
1.0,0.739354509008, 1.0
1.0,0.739354509008, 1.0
1.0,0.739354509008, 1.0
1.0,0.739354509008, 1.0
0.0240477641643,0.3559403049, 0.0
0.0371317748258,0.360810324328, 0.0
0.0700637129391,0.373572057465, 0.0
0.0981793365374,0.384499462855, 0.0
0.120172914469,0.393058091235, 0.0
0.136906598244,0.399573844892, 0.0
0.149550687443,0.404498770218, 0.0
0.159113939044,0.408224341908, 0.0
0.166374388428,0.411053076296, 1.0
0.306499932235,0.466228602299, 1.0
0.499627995908,0.542284527552, 0.0
0.35581455517,0.485629396816, 1.0
0.556132019725,0.564527433655, 0.0
0.39917032537,0.502694357441, 1.0
0.601812266828,0.582513771947, 1.0
0.775861359148,0.65106977188, 0.0
0.617465456114,0.588674618026, 0.0
0.451390775559,0.523251919553, 1.0
0.652462768819,0.602458772716, 1.0
0.811572133886,0.665133405498, 1.0
0.908283808709,0.703228208835, 1.0
0.957965555733,0.722797605023, 0.0
0.908384260615,0.70326686308, 1.0
0.958033185558,0.722823925338, 1.0
0.98133267778,0.732001596009, 1.0
0.991807106845,0.73612741916, 1.0
0.996425367312,0.737946509765, 1.0
0.998444306219,0.738741745335, 0.0
0.996385744227,0.737930858058, 1.0
0.99842797754,0.738735298926, 1.0
0.999316887594,0.739085437719, 0.0
0.998411123701,0.738728645528, 1.0
0.999309871612,0.739082669307, 1.0
0.999700310499,0.739236463478, 0.0
0.999302587439,0.739079794568, 0.0
0.99837900294,0.738715974167, 1.0
0.999296309005,0.739077320784, 0.0
0.998364498055,0.738710259253, 0.0
0.996206190889,0.737860040479, 0.0
0.991233373154,0.735901083218, 1.0
0.996181186551,0.737850214567, 1.0
0.998340266312,0.738700727332, 0.0
0.996148725615,0.737837427673, 0.0
0.0240477641643,0.3559403049, 1.0
0.0760123454417,0.376099496728, 1.0
0.159891476544,0.408909700954, 0.0
0.13534090735,0.399125620231, 0.0
0.135170126291,0.398963591489, 0.0
0.142867830343,0.401922641098, 1.0
0.269522862622,0.451746872294, 1.0
0.453623863622,0.524211651148, 0.0
0.320165356304,0.471632086571, 1.0
0.515633283677,0.548599753535, 1.0
0.708233020758,0.624446040182, 0.0
0.537742881259,0.557289198834, 1.0
0.726604751993,0.631673517126, 1.0
0.85906492295,0.683844590733, 0.0
0.732737491674,0.634083404205, 0.0
0.566229545729,0.568492169265, 0.0
0.408397829306,0.506315846376, 1.0
0.611210757406,0.58620914374, 1.0
0.782783266156,0.653793412224, 1.0
0.892277798393,0.696923506357, 1.0
0.950147662569,0.719718202535, 1.0
0.977714232676,0.73057644024, 1.0
0.99019585609,0.735492806028, 1.0
0.995717522368,0.737667712774, 1.0
0.998135203202,0.738619998921, 1.0
0.999189059301,0.739035094689, 1.0
0.999647545873,0.739215684178, 1.0
0.999846850344,0.739294186413, 1.0
0.99993345881,0.739328299786, 1.0
0.99997108976,0.739343121861, 1.0
0.99998743942,0.739349561658, 1.0
0.99999454282,0.73935235954, 0.0
0.99998728649,0.739349501227, 1.0
0.999994480529,0.73935233494, 1.0
0.999997603323,0.739353564987, 1.0
0.999998959162,0.739354099037, 1.0
0.999999547932,0.739354330946, 1.0
0.999999803637,0.739354431664, 1.0
0.999999914701,0.739354475411, 0.0
0.999999801301,0.739354430742, 1.0
0.999999913746,0.739354475034, 1.0
0.999999962549,0.739354494257, 1.0
0.999999983737,0.739354502603, 1.0
0.999999992937,0.739354506226, 1.0
0.999999996932,0.7393545078, 1.0
0.999999998667,0.739354508484, 1.0
0.999999999421,0.73935450878, 1.0
0.999999999749,0.739354508909, 0.0
0.999999999414,0.739354508778, 1.0
0.999999999746,0.739354508908, 1.0
0.99999999989,0.739354508965, 1.0
0.999999999952,0.73935450899, 1.0
0.999999999979,0.739354509, 1.0
0.999999999991,0.739354509005, 0.0
0.999999999979,0.739354509, 1.0
0.999999999991,0.739354509005, 1.0
0.999999999996,0.739354509007, 1.0
0.999999999998,0.739354509008, 1.0
0.999999999999,0.739354509008, 1.0
1.0,0.739354509008, 0.0
0.999999999999,0.739354509008, 1.0
1.0,0.739354509008, 0.0
0.999999999999,0.739354509008, 1.0
1.0,0.739354509008, 1.0
1.0,0.739354509008, 1.0
1.0,0.739354509008, 1.0
1.0,0.739354509008, 1.0
1.0,0.739354509008, 0.0
1.0,0.739354509008, 1.0
0.0240477641643,0.3559403049, 0.0
0.0371317748258,0.360810324328, 0.0
0.0700637129391,0.373572057465, 0.0
0.0981793365374,0.384499462855, 0.0
0.120172914469,0.393058091235, 0.0
0.136906598244,0.399573844892, 1.0
0.259568137958,0.447826159404, 1.0
0.440778607403,0.519152936302, 1.0
0.641577653432,0.598210508047, 1.0
0.80344103886,0.661946964039, 1.0
0.903494946921,0.701348005282, 0.0
0.805153136126,0.662612915567, 1.0
0.904606927342,0.701782863293, 1.0
0.956121378766,0.722072234708, 1.0
0.98043153347,0.731647104375, 1.0
0.991397309496,0.735966158896, 0.0
0.980227529932,0.731566364575, 1.0
0.991314853551,0.735933552003, 1.0
0.996208965261,0.737861280555, 1.0
0.99834973861,0.738704499471, 1.0
0.999282465863,0.739071885414, 1.0
0.999688167089,0.739231683965, 1.0
0.999864506953,0.739301140959, 1.0
0.999941131783,0.739331322001, 1.0
0.99997442384,0.739344435082, 0.0
0.999940419069,0.739331040381, 1.0
0.99997413326,0.739344320333, 1.0
0.999988768137,0.739350084912, 1.0
0.99999512222,0.73935258772, 1.0
0.999997881445,0.739353674544, 1.0
0.999999079776,0.739354146548, 1.0
0.999999600262,0.739354351559, 1.0
0.999999826349,0.739354440611, 1.0
0.999999924561,0.739354479294, 1.0
0.999999967226,0.739354496099, 1.0
0.999999985761,0.7393545034, 1.0
0.999999993814,0.739354506572, 1.0
0.999999997312,0.73935450795, 1.0
0.999999998832,0.739354508549, 1.0
0.999999999493,0.739354508809, 1.0
0.99999999978,0.739354508922, 1.0
0.999999999904,0.739354508971, 1.0
0.999999999958,0.739354508992, 1.0
0.999999999982,0.739354509001, 1.0
0.999999999992,0.739354509005, 1.0
0.999999999997,0.739354509007, 1.0
0.999999999999,0.739354509008, 1.0
0.999999999999,0.739354509008, 1.0
1.0,0.739354509008, 1.0
1.0,0.739354509008, 1.0
1.0,0.739354509008, 1.0
1.0,0.739354509008, 1.0
1.0,0.739354509008, 0.0
1.0,0.739354509008, 1.0
1.0,0.739354509008, 1.0
1.0,0.739354509008, 1.0
1.0,0.739354509008, 1.0
1.0,0.739354509008, 1.0
1.0,0.739354509008, 0.0
1.0,0.739354509008, 1.0
0.0240477641643,0.3559403049, 1.0
0.0760123454417,0.376099496728, 1.0
0.159891476544,0.408909700954, 0.0
0.13534090735,0.399125620231, 1.0
0.258850087371,0.447649823023, 0.0
0.198429303382,0.423801282669, 0.0
0.175445876412,0.414700469118, 0.0
0.169634817093,0.412371750104, 0.0
0.170465214387,0.412667537234, 0.0
0.17336750507,0.413786560592, 1.0
0.317382092847,0.47050154658, 0.0
0.245036931325,0.44199232349, 1.0
0.421595407508,0.511534275084, 1.0
0.623978133804,0.591248028236, 1.0
0.791710652362,0.657314003698, 0.0
0.637514336637,0.596573793211, 0.0
0.46927413158,0.530298563244, 1.0
0.668732368207,0.608868458921, 1.0
0.822446284824,0.669417126588, 0.0
0.679335919474,0.613042898342, 1.0
0.829454349851,0.672176635049, 1.0
0.91794296621,0.707032687742, 1.0
0.962615166275,0.724628969916, 0.0
0.91794403226,0.707032367149, 0.0
0.831563153579,0.67300494036, 0.0
0.69260954766,0.618266827237, 1.0
0.838114313892,0.675585930042, 0.0
0.702025885674,0.621976694992, 0.0
0.533678504608,0.555658353329, 1.0
0.723783618428,0.630548828761, 1.0
0.857595933265,0.683260691717, 0.0
0.731050093082,0.633410975009, 0.0
0.0240477641643,0.3559403049, 1.0
0.0760123454417,0.376099496728, 0.0
0.0852073694305,0.379531257306, 1.0
0.173333663194,0.414078774258, 0.0
0.151310760248,0.405319228256, 0.0
0.149429859636,0.404508070181, 0.0
0.154432389918,0.406423992142, 0.0
0.160903935642,0.408931576986, 1.0
0.298033855552,0.462915104462, 0.0
0.232100845855,0.436925809491, 1.0
0.403915328368,0.504587394766, 0.0
0.293278948871,0.460997608232, 1.0
0.483716013097,0.536004307132, 1.0
0.681313821464,0.613832266141, 1.0
0.830552457648,0.672613328696, 1.0
0.91844410749,0.707231603221, 0.0
0.832224891391,0.673269209518, 0.0
0.693169782393,0.61849263644, 1.0
0.838376931569,0.675691434373, 0.0
0.702186686054,0.622042983626, 1.0
0.844134013943,0.677958560448, 0.0
0.710709873531,0.625399512786, 1.0
0.849499816765,0.680071830173, 0.0
0.718743895966,0.628563732843, 1.0
0.0240477641643,0.3559403049, 0.0
0.0371317748258,0.360810324328, 0.0
0.0700637129391,0.373572057465, 0.0
0.0981793365374,0.384499462855, 1.0
0.194559483795,0.422343658164, 0.0
0.168208435512,0.411902389339, 0.0
0.162286503866,0.409517745867, 0.0
0.164113585992,0.410196484581, 0.0
0.168209364828,0.411778294245, 0.0
0.172478899777,0.413435935723, 1.0
0.315983546658,0.469950314762, 0.0
0.244339574336,0.441717303409, 1.0
0.420652801658,0.511162801948, 1.0
0.623062834641,0.590887412617, 1.0
0.791065599453,0.657059889688, 1.0
0.896863608444,0.698731358681, 1.0
0.952371549938,0.72059470696, 1.0
0.978724960124,0.730974735352, 1.0
0.990642118527,0.735668643168, 1.0
0.995912203154,0.73774441458, 0.0
0.990539237009,0.735627971602, 1.0
0.995870178341,0.737727812541, 0.0
0.990447841966,0.735591883005, 1.0
0.995831946462,0.737712723932, 1.0
0.998186394485,0.738640142864, 1.0
0.999211756536,0.739044028296, 1.0
0.999657551481,0.739219623076, 0.0
0.999202919791,0.739040538698, 0.0
0.998147251875,0.738624690726, 0.0
0.9957029127,0.737661802326, 0.0
0.990076954965,0.735445563326, 1.0
0.995673988362,0.737650429511, 1.0
0.998119091252,0.738613607714, 1.0
0.99918300282,0.739032694282, 1.0
0.999645228927,0.739214766666, 1.0
0.999845947945,0.739293829354, 1.0
0.999933101228,0.739328158407, 1.0
0.999970945795,0.73934306498, 1.0
0.999987380635,0.739349538445, 1.0
0.999994518522,0.73935234995, 1.0
0.999997618869,0.739353571125, 1.0
0.999998965599,0.739354101578, 1.0
0.999999550624,0.739354332008, 1.0
0.999999804772,0.739354432112, 1.0
0.999999915183,0.739354475601, 1.0
0.99999996315,0.739354494494, 0.0
0.999999914152,0.739354475193, 1.0
0.99999996273,0.739354494328, 1.0
0.999999983817,0.739354502634, 1.0
0.999999992972,0.73935450624, 0.0
0.999999983632,0.739354502561, 1.0
0.999999992896,0.73935450621, 1.0
0.999999996916,0.739354507794, 1.0
0.999999998661,0.739354508481, 1.0
0.999999999418,0.739354508779, 1.0
0.999999999747,0.739354508909, 1.0
0.99999999989,0.739354508965, 1.0
0.999999999952,0.73935450899, 1.0
0.999999999979,0.739354509, 0.0
0.999999999952,0.739354508989, 1.0
0.999999999979,0.739354509, 1.0
0.999999999991,0.739354509005, 1.0
0.999999999996,0.739354509007, 1.0
0.999999999998,0.739354509008, 1.0
0.999999999999,0.739354509008, 0.0
0.999999999998,0.739354509008, 1.0
0.0240477641643,0.3559403049, 0.0
0.0371317748258,0.360810324328, 1.0
0.0852073694305,0.379531257306, 0.0
0.103996233097,0.386790201008, 0.0
0.122365858159,0.393922591559, 0.0
0.13769144289,0.399883836063, 0.0
0.149792580674,0.404594775793, 0.0
0.159152875298,0.408240252249, 0.0
0.1663437747,0.411041460561, 1.0
0.306454720336,0.466211073221, 0.0
0.238197115448,0.439309609832, 0.0
0.206268515657,0.42671874171, 0.0
0.193012494454,0.421485293941, 0.0
0.188181329686,0.419572824974, 0.0
0.186863779688,0.419046440954, 1.0
0.337924429975,0.478557850146, 1.0
0.536444483921,0.556759666808, 0.0
0.385266460159,0.497203982711, 0.0
0.285678281181,0.457969144318, 0.0
0.232715868261,0.437101256996, 0.0
0.207858617756,0.427305355311, 0.0
0.19699144002,0.42302129032, 0.0
0.192480987902,0.421241999361, 0.0
0.190725745697,0.420548615551, 0.0
0.190125171383,0.42031052081, 0.0
0.189989054226,0.420255724788, 0.0
0.190026142825,0.42026941984, 1.0
0.342625708418,0.480395632343, 0.0
0.262783536837,0.448940260639, 0.0
0.222410084436,0.433033162606, 1.0
0.390229883299,0.499152051654, 0.0
0.289206853877,0.459352694146, 0.0
0.235020908113,0.438003886763, 0.0
0.209366118621,0.427894868954, 1.0
0.371460830441,0.491758615418, 1.0
0.573279122295,0.571263948741, 0.0
0.414565061124,0.50873979811, 0.0
0.303575543996,0.465014379434, 0.0
0.242134845328,0.440807528524, 0.0
0.212550402718,0.429150268125, 0.0
0.199347184473,0.423946663203, 1.0
0.356683639243,0.485936695521, 0.0
0.270189143742,0.45186043631, 0.0
0.225732564494,0.43434437438, 0.0
0.205169070294,0.426241077009, 1.0
0.365309614187,0.48933525442, 1.0
0.566705202453,0.568674267714, 1.0
0.74974511895,0.640778017062, 0.0
0.586315044141,0.576398123155, 0.0
0.0240477641643,0.3559403049, 1.0
0.0760123454417,0.376099496728, 0.0
0.0852073694305,0.379531257306, 0.0
0.103996233097,0.386790201008, 1.0
0.204998840415,0.426453661196, 0.0
0.17285788319,0.413733691836, 1.0
0.317610303272,0.470683024354, 1.0
0.512327942556,0.54732870718, 0.0
0.360882989094,0.487668457128, 1.0
0.561288536757,0.566580647425, 1.0
0.744921121455,0.638895504828, 0.0
0.578819765233,0.573468255655, 0.0
0.416930257351,0.509694902882, 1.0
0.619443105202,0.589460852553, 1.0
0.788513613491,0.656054368736, 1.0
0.895436998658,0.698169316931, 0.0
0.791810509846,0.657349777859, 1.0
0.89735116718,0.698922079409, 0.0
0.795205392507,0.658685163288, 1.0
0.899284731056,0.69968300323, 1.0
0.953599367541,0.72107762291, 1.0
0.979303050683,0.731202197087, 1.0
0.990904441805,0.735771887921, 0.0
0.979126563127,0.731132449043, 1.0
0.990830850078,0.735742823738, 1.0
0.995998412516,0.737778318584, 1.0
0.998258480918,0.738668545179, 1.0
0.999242948653,0.739056317181, 0.0
0.998239011451,0.738660855896, 1.0
0.999234912634,0.739053145133, 1.0
0.999667703318,0.739223620394, 1.0
0.999855683486,0.739297664485, 1.0
0.999937320961,0.739329820637, 1.0
0.999972775727,0.739343785806, 1.0
0.999988174543,0.739349851167, 1.0
0.999994863072,0.739352485667, 0.0
0.999988033981,0.739349795635, 0.0
0.999972145354,0.739343536837, 0.0
0.999935195326,0.739328981337, 0.0
0.999849300604,0.739295144878, 0.0
0.999649718019,0.739216522566, 0.0
0.999186279709,0.739033957034, 0.0
0.998111485045,0.738610552761, 1.0
0.999180947238,0.739031865125, 1.0
0.999644750218,0.73921457167, 0.0
0.999174106338,0.739029172516, 0.0
0.0240477641643,0.3559403049, 1.0
0.0760123454417,0.376099496728, 0.0
0.0852073694305,0.379531257306, 0.0
0.103996233097,0.386790201008, 0.0
0.122365858159,0.393922591559, 1.0
0.235745247734,0.438493676445, 1.0
0.409016019725,0.506673221702, 1.0
0.610609939107,0.586029125398, 0.0
0.439883553098,0.518780079368, 1.0
0.640980136641,0.597965360656, 1.0
0.803203567109,0.661849371371, 0.0
0.651747568462,0.602191904384, 0.0
0.481381117229,0.535081127787, 1.0
0.679310899233,0.61304171007, 1.0
0.829278166739,0.672110747139, 1.0
0.917777825409,0.706968925595, 1.0
0.962509319956,0.724587723869, 1.0
0.983353460421,0.732797790976, 1.0
0.99269779899,0.736478327768, 1.0
0.996814028145,0.738099622807, 1.0
0.998613234492,0.738808291776, 1.0
0.99939700138,0.739117000785, 1.0
0.999737919358,0.73925128107, 1.0
0.999886114317,0.739309651885, 0.0
0.999734723292,0.739250018069, 1.0
0.999884813394,0.739309138113, 1.0
0.999949979571,0.739334806586, 1.0
0.999978276117,0.739345952289, 1.0
0.999990564461,0.739350792503, 1.0
0.99999590147,0.739352894669, 0.0
0.999990453184,0.739350748545, 1.0
0.999995855875,0.739352876668, 0.0
0.999990351459,0.739350708399, 1.0
0.999995813354,0.739352859894, 1.0
0.999998182788,0.73935379322, 1.0
0.999999211053,0.73935419825, 1.0
0.999999657415,0.739354374068, 1.0
0.999999851218,0.739354450406, 1.0
0.999999935379,0.739354483555, 1.0
0.99999997193,0.739354497952, 1.0
0.999999987807,0.739354504206, 1.0
0.999999994703,0.739354506922, 1.0
0.999999997699,0.739354508102, 1.0
0.999999999,0.739354508615, 1.0
0.999999999566,0.739354508837, 1.0
0.999999999811,0.739354508934, 1.0
0.999999999918,0.739354508976, 1.0
0.999999999964,0.739354508994, 1.0
0.999999999985,0.739354509002, 1.0
0.999999999993,0.739354509006, 1.0
0.999999999997,0.739354509007, 1.0
0.999999999999,0.739354509008, 1.0
0.999999999999,0.739354509008, 1.0
1.0,0.739354509008, 1.0
1.0,0.739354509008, 0.0
1.0,0.739354509008, 0.0
0.999999999999,0.739354509008, 1.0
1.0,0.739354509008, 1.0
1.0,0.739354509008, 1.0
1.0,0.739354509008, 1.0
1.0,0.739354509008, 1.0
1.0,0.739354509008, 1.0
1.0,0.739354509008, 1.0
0.0240477641643,0.3559403049, 0.0
0.0371317748258,0.360810324328, 0.0
0.0700637129391,0.373572057465, 0.0
0.0981793365374,0.384499462855, 0.0
0.120172914469,0.393058091235, 0.0
0.136906598244,0.399573844892, 0.0
0.149550687443,0.404498770218, 0.0
0.159113939044,0.408224341908, 0.0
0.166374388428,0.411053076296, 0.0
0.171911183339,0.413210373342, 0.0
0.176151569445,0.414862599806, 0.0
0.179411265658,0.41613273023, 0.0
0.181924958787,0.417112191665, 1.0
0.330401446776,0.475601497813, 1.0
0.527838694033,0.553373603741, 1.0
0.718797694047,0.62859192724, 1.0
0.854394196051,0.682002318484, 1.0
0.930998721766,0.712175959336, 0.0
0.855511679606,0.682440710377, 1.0
0.931612414456,0.712417046119, 1.0
0.969096586627,0.72718195388, 0.0
0.931487393196,0.71236716765, 1.0
0.969051067837,0.727163806676, 0.0
0.93141464587,0.712338137319, 1.0
0.969024725507,0.727153301508, 1.0
0.986313602507,0.733963491856, 0.0
0.968833819147,0.727077910203, 1.0
0.986231798317,0.733931204569, 1.0
0.993976887546,0.736982032816, 1.0
0.997376172928,0.738321006277, 1.0
0.998858998761,0.738905082035, 1.0
0.999504170109,0.739159208607, 1.0
0.99978458874,0.739269661936, 1.0
0.999906422336,0.73931765038, 1.0
0.999959348692,0.739338497201, 0.0
0.999905312389,0.739317211878, 0.0
0.9997796157,0.739267697826, 1.0
0.9999043747,0.739316842099, 0.0
0.999777478527,0.739266855205, 1.0
0.999903463674,0.73931648299, 0.0
0.999775385765,0.739266030381, 1.0
0.999902565474,0.739316129033, 0.0
0.999773312299,0.739265213338, 1.0
0.99990167179,0.739315776915, 1.0
0.999957333998,0.739337702888, 1.0
0.999981481178,0.739347214546, 1.0
0.999991960177,0.739351342197, 0.0
0.999981279723,0.739347135024, 1.0
0.999991876323,0.739351309112, 0.0
0.999981090375,0.739347060338, 0.0
0.999956007149,0.739337179443, 1.0
0.999980922281,0.739346994135, 0.0
0.999955614989,0.739337024984, 1.0
0.99998075181,0.739346926992, 0.0
0.999955217733,0.739336868509, 1.0
0.999980579288,0.739346859037, 0.0
0.999954815964,0.739336710252, 1.0
0.999980404904,0.739346790348, 1.0
0.999991498429,0.739351160233, 1.0
0.999996310246,0.739353055631, 0.0
0.999991410393,0.7393511255, 0.0
0.999980014602,0.739346636432, 0.0
0.999953520327,0.739336199568, 0.0
0.999891942834,0.739311942136, 1.0
0.999953165053,0.739336059922, 1.0
0.999979689104,0.739346508386, 1.0
0.999991187924,0.739351037924, 1.0
0.999996175503,0.739353002556, 1.0
0.999998339712,0.739353855035, 0.0
0.999996134201,0.739352986254, 0.0
