RMSE: 0.458259914903


Errors: (prediction - observation)

[-0.41129772  0.43176965  0.19517508  0.3483232   0.2543563  -0.42364046
 -0.35167102  0.76131378 -0.41930932  0.89125568  0.31448293 -0.50513853
  0.64735385 -0.12880654 -0.16743961  0.8665376  -0.10492841 -0.2419992
 -0.20722709 -0.06036949 -0.05172723  0.79372941 -0.07297651 -0.15966611
 -0.02463129 -0.08599234 -0.162581   -0.02832168 -0.03504961 -0.02036218
 -0.0402571  -0.04964234 -0.03909202  0.94240142 -0.0325261  -0.0698701
  0.93575026 -0.07107001  0.85970643 -0.34094659  0.91204439 -0.08954871
 -0.18057528 -0.03864739 -0.12344594 -0.36931259 -0.18909543  0.66282119
 -0.07416584 -0.09902245 -0.11501748 -0.15351399  0.96207962 -0.42767239
 -0.18525308  0.          0.          0.          0.          0.          0.
  0.          0.          0.          0.          0.          0.          0.
  0.          0.          0.          0.          0.          0.          0.
  0.          0.          0.          0.          0.        ]
[-0.41129772  0.43176965  0.19517508  0.3483232   0.2543563  -0.42364046
  0.64832898 -0.47105199  0.6486371   0.77266441  0.25023623  0.45057563
  0.43795682 -0.35718268  0.66325632 -0.3520831  -0.3500035  -0.13376072
  0.57851339 -0.22037807  0.82729905 -0.03723648 -0.12130657  0.84892598
 -0.12648582  0.86087157  0.84662357  0.8612529  -0.22768129 -0.36261707
 -0.46399558 -0.2050622   0.65967198  0.91988347  0.86381895  0.74536264
  0.57649271 -0.24165318  0.37316182 -0.45575662  0.          0.          0.
  0.          0.          0.          0.          0.          0.          0.
  0.          0.          0.          0.          0.          0.          0.
  0.          0.          0.          0.          0.          0.          0.
  0.          0.          0.          0.          0.          0.          0.
  0.          0.          0.          0.          0.          0.          0.
  0.          0.        ]
[ 0.58870228  0.29918654  0.16235915 -0.67335857  0.39998639 -0.35440167
 -0.2751768  -0.19019151 -0.1778146  -0.0421184   0.56929431 -0.1916935
 -0.03154864 -0.07073795 -0.22405485 -0.03504697 -0.02036121 -0.04025615
 -0.04964181 -0.0390918  -0.05759845  0.87631419  0.78490089 -0.01845907
 -0.09141227  0.83786117  0.6590786   0.84210362  0.81423593  0.91022113
  0.89191804  0.92943634  0.95256201 -0.2195529   0.80262493 -0.29611183
  0.47157528 -0.38961007 -0.08625289 -0.23430008 -0.06521183 -0.15449623
 -0.02406504  0.91468113 -0.03399451 -0.07106521 -0.02855975 -0.07132212
 -0.14041272 -0.04653332 -0.03865532 -0.12345355  0.6306854  -0.18910062
  0.66282019 -0.07416774 -0.09902326  0.88498225 -0.1535153  -0.0379206
  0.57232745  0.81474658  0.          0.          0.          0.          0.
  0.          0.          0.          0.          0.          0.          0.
  0.          0.          0.          0.          0.          0.        ]
[-0.41129772  0.43176965  0.19517508  0.3483232   0.2543563   0.57635954
  0.51030407 -0.51358577 -0.39843378 -0.09950146  0.52473997  0.72463104
 -0.22841962 -0.07570277 -0.03953866 -0.12501138 -0.1755678  -0.04844603
  0.96660906 -0.08108298 -0.02783402 -0.05835961  0.81798562 -0.34544558
 -0.09018649 -0.07126165  0.85961587 -0.038877    0.87633362  0.62973737
  0.80877787  0.65623151 -0.08646512 -0.10427757  0.88320238 -0.16192847
 -0.03936176  0.57128308  0.81252354  0.          0.          0.          0.
  0.          0.          0.          0.          0.          0.          0.
  0.          0.          0.          0.          0.          0.          0.
  0.          0.          0.          0.          0.          0.          0.
  0.          0.          0.          0.          0.          0.          0.
  0.          0.          0.          0.          0.          0.          0.
  0.          0.        ]
[ 0.58870228  0.29918654  0.16235915  0.32664143  0.24491869  0.56980394
  0.50610419  0.48324951 -0.5489801  -0.18240954  0.44743453 -0.38427188
  0.72777361 -0.31611666 -0.1700979   0.82775316  0.9481362  -0.21852547
 -0.0664389  -0.09669662 -0.09982929  0.84721736 -0.04689204 -0.10894289
 -0.05120578 -0.01988677 -0.09363658  0.65831681 -0.07250352 -0.14097211
  0.92948079 -0.0392708  -0.12404478  0.63052964  0.81054988 -0.33829054
  0.92570372  0.90008459  0.88013472 -0.17571513 -0.04180197  0.56950591
  0.80877107  0.          0.          0.          0.          0.          0.
  0.          0.          0.          0.          0.          0.          0.
  0.          0.          0.          0.          0.          0.          0.
  0.          0.          0.          0.          0.          0.          0.
  0.          0.          0.          0.          0.          0.          0.
  0.          0.          0.        ]
[ 0.58870228  0.29918654  0.16235915 -0.67335857  0.39998639 -0.35440167
 -0.2751768   0.80980849  0.63983197  0.77030742  0.25071079 -0.54833478
  0.87155312  0.55707583 -0.70114777 -0.316128   -0.36731421 -0.07789635
 -0.10059665 -0.11554771 -0.15367054 -0.03794687 -0.42769154 -0.18525558
  0.          0.          0.          0.          0.          0.          0.
  0.          0.          0.          0.          0.          0.          0.
  0.          0.          0.          0.          0.          0.          0.
  0.          0.          0.          0.          0.          0.          0.
  0.          0.          0.          0.          0.          0.          0.
  0.          0.          0.          0.          0.          0.          0.
  0.          0.          0.          0.          0.          0.          0.
  0.          0.          0.          0.          0.          0.          0.        ]
[-0.41129772 -0.56823035 -0.5900421   0.76649769  0.54752944  0.75964045
  0.57405811 -0.49311809 -0.37614203 -0.09180922  0.53096457  0.73532845
 -0.10753084 -0.14182884 -0.06100297 -0.09694606  0.8920836   0.72376858
 -0.21352176 -0.16031968 -0.04271085  0.91290621  0.80116126 -0.10664294
 -0.08665392 -0.11708242  0.84127592  0.72601909 -0.08764336 -0.20920555
 -0.21129279 -0.08707923 -0.03823855 -0.02153487 -0.04140321 -0.05029069
 -0.03935515 -0.05776311 -0.12377831  0.77621539 -0.39234312 -0.07105885
  0.85971171  0.8194201   0.9120009  -0.140274   -0.14726193 -0.04412083
 -0.20043119 -0.06029965 -0.15127881 -0.02371688 -0.08490525 -0.04651299
 -0.06424706 -0.0386461  -0.1234447  -0.36931227 -0.18909539  0.6628212
 -0.07416582 -0.09902245 -0.11501747 -0.15351399 -0.03792038 -0.42767239
  0.81474692  0.          0.          0.          0.          0.          0.
  0.          0.          0.          0.          0.          0.          0.        ]
[-0.41129772  0.43176965 -0.80482492  0.57727125  0.34386016  0.61813514
  0.52410481 -0.50625196  0.60874415 -0.24177565  0.37795819 -0.45529006
 -0.08991266 -0.1755999  -0.38405853  0.80882135  0.65635826 -0.08624726
  0.89582095 -0.14163729  0.83833203 -0.0561804   0.55880781 -0.21304254
  0.          0.          0.          0.          0.          0.          0.
  0.          0.          0.          0.          0.          0.          0.
  0.          0.          0.          0.          0.          0.          0.
  0.          0.          0.          0.          0.          0.          0.
  0.          0.          0.          0.          0.          0.          0.
  0.          0.          0.          0.          0.          0.          0.
  0.          0.          0.          0.          0.          0.          0.
  0.          0.          0.          0.          0.          0.          0.        ]
[-0.41129772  0.43176965  0.19517508 -0.6516768   0.42892296 -0.33526399
 -0.25792303  0.81893394 -0.34486767 -0.08170081  0.53908404  0.74966167
 -0.33858577 -0.20198523 -0.05330506  0.91706408 -0.1748478   0.89649735
 -0.10527466 -0.1572134  -0.02010821 -0.09398215  0.92882896 -0.34653157
 -0.09034784 -0.16245883 -0.03255797  0.93010401 -0.03246919 -0.02536397
 -0.05603231 -0.14001671 -0.1347292  -0.02827192 -0.03864696  0.87655448
  0.63068417  0.81089661  0.66279605  0.92578611  0.90064808  0.8831814
 -0.16202576 -0.03937863  0.57127083  0.81249754  0.          0.          0.
  0.          0.          0.          0.          0.          0.          0.
  0.          0.          0.          0.          0.          0.          0.
  0.          0.          0.          0.          0.          0.          0.
  0.          0.          0.          0.          0.          0.          0.
  0.          0.          0.        ]
[-0.41129772  0.43176965  0.19517508  0.3483232  -0.7456437  -0.23301761
 -0.17981486  0.85529516 -0.26453653 -0.0598558   0.55613958  0.78158326
 -0.14709889 -0.18008373 -0.03035424 -0.06074599 -0.0920631  -0.09664359
 -0.03520139 -0.02041777 -0.04031135 -0.04967299 -0.03910445  0.94239365
 -0.08802984 -0.0465319  -0.18058008 -0.03232986 -0.02827145  0.83786284
 -0.22376116  0.65908731 -0.03251817 -0.06986366 -0.0642473  -0.21509516
 -0.15787461 -0.13998239 -0.03083809 -0.07012969 -0.07037296 -0.14717731
 -0.07638479 -0.04410467 -0.2004189  -0.06029796 -0.15127771 -0.02371677
 -0.08490511 -0.01845448 -0.09140513 -0.0386461  -0.12344469 -0.36931226
  0.81090461  0.6628212  -0.09902245 -0.07416582 -0.11501747 -0.15351399
 -0.03792038 -0.42767239 -0.18525308  0.          0.          0.          0.
  0.          0.          0.          0.          0.          0.          0.
  0.          0.          0.          0.          0.          0.        ]
[-0.41129772 -0.56823035  0.4099579   0.48907991  0.30020992 -0.40313303
 -0.32751557 -0.22211396  0.81013302  0.89355939  0.31688445 -0.50360443
 -0.09086618 -0.09386661 -0.12656838 -0.05389085 -0.20794501 -0.06134422
  0.84804094 -0.02490836 -0.08632201 -0.07084123 -0.02540229 -0.05606831
 -0.08800187  0.65906969 -0.13476044 -0.03502266 -0.0203523  -0.04024746
 -0.0496369  -0.03908982 -0.0575972  -0.14717749 -0.22375714 -0.03251733
 -0.06986298 -0.06424704 -0.07811817  0.85692256  0.81943591  0.8378639
  0.78490496 -0.03083812 -0.07012971 -0.07105113  0.85971536  0.98154552
 -0.09140531 -0.03864613 -0.12344473 -0.36931227 -0.18909539  0.6628212
 -0.07416582 -0.09902245 -0.11501747 -0.15351399 -0.03792038  0.57232761
  0.81474692  0.          0.          0.          0.          0.          0.
  0.          0.          0.          0.          0.          0.          0.
  0.          0.          0.          0.          0.          0.        ]
