RMSE: 0.447601307172


Errors: (prediction - observation)

[-0.29849776 -0.42735191  0.49906869  0.70053855  0.08481383  0.71433142
  0.58241739  0.48462336  0.50157643 -0.29055838 -0.78309531  0.67739166
  0.50698975  0.70473004  0.37686222  0.63544452  0.17148286 -0.07066446
 -0.14352589 -0.04161444  0.60587278 -0.04224852 -0.4485882  -0.03185761
  0.77719566  0.28436976  0.64881945  0.65402349 -0.69175642 -0.18677723
 -0.18200687  0.05628329  0.75673494 -0.1608238   0.8844706   0.52818464
  0.57695616  0.17853158 -0.28500364 -0.22663396 -0.13203813 -0.08167412
 -0.03417391 -0.13631525 -0.03173874 -0.03660969 -0.04171359 -0.08516245
  0.80653014 -0.0442712  -0.01317355 -0.01007434 -0.07367394  0.93346938
  0.69804057 -0.16117915 -0.03895466 -0.1706887   0.69176085 -0.52038138
 -0.21965376  0.13084625 -0.13745459 -0.16668855 -0.20694202 -0.18410088
 -0.07458519 -0.58798954 -0.21257972 -0.29827162  0.          0.          0.
  0.          0.          0.          0.          0.          0.          0.        ]
[-0.29849776 -0.42735191  0.49906869  0.70053855  0.08481383 -0.28566858
  0.7324438   0.58907073  0.55104474 -0.27770401 -0.76765383 -0.30544372
 -0.33957215  0.84091155 -0.04569101 -0.01962225 -0.20289424 -0.5978086
 -0.11047904  0.79047594 -0.07980083 -0.02357572 -0.05813277  0.95174485
 -0.07350885 -0.04632502 -0.06825592  0.82338982 -0.35268934  0.84256087
 -0.02881267 -0.00895385 -0.00717319 -0.0588083  -0.05686094 -0.22776226
 -0.02897846 -0.01433101 -0.03617211  0.89756127 -0.02701649 -0.14479847
 -0.07487111 -0.06493238 -0.07992761  0.62659685 -0.1063018  -0.26046525
  0.56706404  0.80721316  0.13368984  0.8722847   0.83839606 -0.20519003
  0.81656577 -0.07488506 -0.58818908 -0.21263207 -0.2982918   0.          0.
  0.          0.          0.          0.          0.          0.          0.
  0.          0.          0.          0.          0.          0.          0.
  0.          0.          0.          0.          0.        ]
[-0.29849776 -0.42735191  0.49906869  0.10644089  0.78182549 -0.35682015
 -0.32804908  0.76006534 -0.15925309  0.3491978  -0.31963611  0.65297045
 -0.28197334 -0.08986951 -0.09829736  0.8408209  -0.04856703 -0.02073949
 -0.0314484   0.76783742 -0.10798309 -0.02111586 -0.04836183  0.87996435
 -0.07980276  0.5743683  -0.10672716  0.92210381 -0.24800434 -0.37812453
  0.52352065  0.73498595  0.09590329 -0.25151367 -0.24022247 -0.24554916
 -0.19968535 -0.07901794  0.40904581 -0.21848246 -0.30056648  0.          0.
  0.          0.          0.          0.          0.          0.          0.
  0.          0.          0.          0.          0.          0.          0.
  0.          0.          0.          0.          0.          0.          0.
  0.          0.          0.          0.          0.          0.          0.
  0.          0.          0.          0.          0.          0.          0.
  0.          0.        ]
[-0.29849776  0.57264809  0.35325008  0.5536989   0.05774626 -0.36526072
 -0.34480653  0.68204194 -0.37540252 -0.14701096  0.35916081  0.69573797
 -0.47118943 -0.02739843 -0.05982079 -0.04362021 -0.09214243  0.7981054
  0.74603529  0.35195856 -0.14023335 -0.10056667  0.61126513 -0.16222108
 -0.17243368 -0.0180066  -0.2469868  -0.01178404  0.76630641  0.98196616
 -0.25811333 -0.06204111 -0.02607725 -0.10534114 -0.02519243  0.3936265
 -0.13921799  0.06685965 -0.05411123 -0.08684883  0.84569401 -0.03017713
 -0.07700177 -0.08867816  0.41257283  0.81140241 -0.08550338  0.80618289
 -0.04322516  0.38100852 -0.02983169 -0.3910625  -0.03181169 -0.00976058
 -0.00772568 -0.0616317  -0.05867085 -0.229955    0.88950928 -0.16025982
 -0.1076924  -0.26141473  0.56677539  0.80668037  0.13329436 -0.12907413
 -0.16214396 -0.20480722 -0.18328901 -0.07435951  0.41216054 -0.212581
 -0.29827212  0.          0.          0.          0.          0.          0.
  0.        ]
[-0.29849776  0.57264809 -0.64674992 -0.28733894  0.12254912 -0.16546527
 -0.18263102 -0.21464368  0.81292866  0.91795475  0.37875401 -0.27241367
  0.6764972  -0.0234627  -0.05262278 -0.07437371 -0.05776948 -0.11331517
 -0.07516459 -0.01853691 -0.0467918  -0.02975539 -0.55383031 -0.58211313
 -0.0649166  -0.07991634 -0.03120605 -0.01410924 -0.37338292 -0.20842178
 -0.07063163 -0.0230717  -0.07773211 -0.14447343 -0.10624479  0.73957361
 -0.4329244  -0.19276505  0.13370611 -0.12765938 -0.16138649 -0.20445395
 -0.18315513 -0.07432234  0.41218525 -0.2125339   0.70174604  0.          0.
  0.          0.          0.          0.          0.          0.          0.
  0.          0.          0.          0.          0.          0.          0.
  0.          0.          0.          0.          0.          0.          0.
  0.          0.          0.          0.          0.          0.          0.
  0.          0.          0.        ]
[-0.29849776 -0.42735191  0.7347282  -0.57202412  0.1212222  -0.16988959
  0.81473895 -0.2738021   0.78770869  0.87579671  0.27495828 -0.41952599
  0.33672627 -0.32945637 -0.32643767  0.54479281  0.76833295 -0.88988807
  0.85841742 -0.2095896   0.77152792 -0.24159428  0.90803056 -0.65511977
 -0.23415458  0.6931459  -0.12084573  0.          0.          0.          0.
  0.          0.          0.          0.          0.          0.          0.
  0.          0.          0.          0.          0.          0.          0.
  0.          0.          0.          0.          0.          0.          0.
  0.          0.          0.          0.          0.          0.          0.
  0.          0.          0.          0.          0.          0.          0.
  0.          0.          0.          0.          0.          0.          0.
  0.          0.          0.          0.          0.          0.          0.        ]
[-0.29849776  0.57264809  0.35325008  0.5536989   0.05774626  0.63473928
  0.54082423 -0.5317412  -0.41476954 -0.16891094  0.34110046  0.66825034
  0.4970896  -0.3744413  -0.12430171 -0.07672191 -0.03209469 -0.455179
 -0.57241154 -0.02456374  0.93259726 -0.09248427 -0.01628638 -0.03966564
  0.89256967 -0.23255037 -0.0767294  -0.06063856  0.95030116 -0.12087071
  0.72941843  0.54559376  0.76965703  0.11077005 -0.20421994 -0.20680566
  0.77300548 -0.23839737 -0.0909242   0.40092076 -0.23355145  0.69339327
  0.          0.          0.          0.          0.          0.          0.
  0.          0.          0.          0.          0.          0.          0.
  0.          0.          0.          0.          0.          0.          0.
  0.          0.          0.          0.          0.          0.          0.
  0.          0.          0.          0.          0.          0.          0.
  0.          0.          0.        ]
[-0.29849776 -0.42735191 -0.50093131  0.78726334  0.1203902  -0.17265602
 -0.18692181  0.78322496  0.78505197  0.87199412  0.26919774 -0.42634201
 -0.4171261  -0.02233205 -0.05056707 -0.37569429 -0.59555352 -0.06576871
 -0.08052573 -0.10923223 -0.58204053 -0.02688553 -0.07775984 -0.03120513
 -0.0141089  -0.55232353 -0.07063245  0.06959527 -0.06707145 -0.17545487
  0.80231395 -0.02888744 -0.04501986 -0.07476176 -0.17845774  0.41432064
 -0.0573452  -0.04780318 -0.18121653 -0.07030372 -0.01751048 -0.10962498
 -0.0106755  -0.20290862 -0.00949925 -0.21817883 -0.01203789 -0.12907086
 -0.30923007 -0.15648911 -0.02307142 -0.01812793  0.8531167  -0.02775465
 -0.00867059 -0.00697944 -0.05781901 -0.05622967  0.77300031 -0.10234409
 -0.10624462 -0.26042627 -0.43292413 -0.19276499  0.13370611 -0.12765936
 -0.16138648 -0.20445394 -0.18315513 -0.07432234 -0.58781475 -0.2125339
 -0.29825396  0.          0.          0.          0.          0.          0.
  0.        ]
[-0.29849776  0.57264809  0.35325008 -0.4463011   0.09348253  0.74095045
  0.60237344 -0.50625029 -0.38320037 -0.15108708  0.35588003  0.69061667
 -0.47756331  0.61333589 -0.07719437 -0.03229197 -0.13469308  0.3711528
  0.96647106  0.04267425 -0.31255869  0.8111117   0.80135681 -0.28871181
  0.94197949 -0.16337819 -0.09797728  0.78289096 -0.12305833  0.24475143
  0.67437916 -0.05440766 -0.47735214 -0.03132662  0.63021528 -0.04749835
 -0.29990031 -0.10294689 -0.05929252  0.72049116  0.72249595 -0.10471996
 -0.03127254 -0.02284271 -0.14028753  0.88544121 -0.46287657 -0.15265383
 -0.03671921 -0.16701382 -0.08016026 -0.06125139  0.60803581  0.86614334
  0.63372936  0.40687206 -0.40146502  0.10353064  0.77252983  0.63252271
 -0.49048251 -0.36559955 -0.14205356  0.36310298  0.70196974 -0.46311168
  0.          0.          0.          0.          0.          0.          0.
  0.          0.          0.          0.          0.          0.          0.        ]
[-0.29849776  0.57264809  0.35325008  0.5536989   0.05774626  0.63473928
 -0.45917577 -0.43614483  0.6860555   0.77947412  0.19272327 -0.5067699
 -0.49450632 -0.11717937 -0.11977045  0.86117085 -0.25513144 -0.40332418
 -0.12223523 -0.18709543 -0.02804905 -0.10852515 -0.26198493 -0.43339836
  0.8071145   0.13361642 -0.12796766 -0.16155131  0.79546924  0.81663326
  0.92525083  0.41013397 -0.21642874 -0.2997636   0.          0.          0.
  0.          0.          0.          0.          0.          0.          0.
  0.          0.          0.          0.          0.          0.          0.
  0.          0.          0.          0.          0.          0.          0.
  0.          0.          0.          0.          0.          0.          0.
  0.          0.          0.          0.          0.          0.          0.
  0.          0.          0.          0.          0.          0.          0.
  0.        ]
[-0.29849776 -0.42735191  0.49906869  0.70053855 -0.91518617 -0.16701968
 -0.18355143  0.78490127  0.78913715  0.87788527  0.27828636 -0.4155334
  0.59135247  0.95473437 -0.15261099 -0.74229718  0.8637292   0.65958347
  0.57731883 -0.26282619 -0.42535628  0.91589726 -0.17952278 -0.18825154
  0.86317889 -0.08298277  0.3827369  -0.2463289   0.47194454  0.22143111
  0.22286523  0.67739996  0.1874815   0.50378071 -0.29358464 -0.43273814
 -0.33737175 -0.17102182  0.80857558 -0.47648541 -0.04112957 -0.13801212
  0.77249427 -0.10092977 -0.02418785  0.06631776 -0.03521745 -0.0106836
 -0.00835905 -0.06487286 -0.06076378 -0.23250254 -0.0109525  -0.20456063
 -0.00957972  0.78127612 -0.01226482 -0.13012003 -0.0314054  -0.01418385
  0.93491345 -0.08099637 -0.02333544 -0.10683548 -0.26082924 -0.43304652
 -0.19279607  0.13370293 -0.12767029 -0.16139233 -0.20445667 -0.18315616
 -0.07432263  0.41218506 -0.21253427  0.7017459   0.          0.          0.
  0.        ]
[ 0.70150224 -0.59974814  0.35325008  0.5536989   0.05774626  0.63473928
  0.54082423  0.4682588  -0.50433186  0.76528027  0.18652629 -0.51256495
  0.49870731  0.77740541  0.52004253 -0.29033591 -0.40582438  0.74522491
  0.9205445   0.17548893  0.65489506  0.19164427  0.89075273  0.46838262
  0.73412295  0.68796696  0.7538668   0.78531276  0.45018313 -0.14936821
  0.93461173  0.17493865 -0.62688793 -0.37140279  0.90341742  0.77621892
  0.32180184 -0.07073394 -0.14366745  0.65260809  0.65570408  0.02660943
  0.66225742  0.40795298  0.26673741 -0.5038087   0.07732566  0.69178874
  0.56834764 -0.5212811  -0.40131257 -0.16104061  0.34771521  0.67812085
  0.50780568  0.          0.          0.          0.          0.          0.
  0.          0.          0.          0.          0.          0.          0.
  0.          0.          0.          0.          0.          0.          0.
  0.          0.          0.          0.          0.        ]
[ 0.70150224 -0.59974814  0.35325008  0.5536989   0.05774626  0.63473928
  0.54082423  0.4682588  -0.50433186 -0.23471973  0.27960624  0.58606129
  0.4289479   0.3569508  -0.12589153 -0.03829011 -0.02794008  0.83256534
 -0.21803114 -0.46921921 -0.13253023 -0.09517756 -0.04870746  0.37849556
 -0.22143023 -0.09232302  0.88084997 -0.27945577  0.78933958  0.35828013
  0.72871476 -0.55311112 -0.02730131  0.94035762  0.62475683 -0.16498533
  0.92025735 -0.24980879 -0.25000125  0.6876686   0.87320867 -0.07243586
  0.66709657 -0.59001424  0.36560343  0.56329909  0.05893007 -0.36188679
  0.65893211 -0.47424865  0.65118656  0.76019521  0.18449125  0.48555294
  0.37668517  0.          0.          0.          0.          0.          0.
  0.          0.          0.          0.          0.          0.          0.
  0.          0.          0.          0.          0.          0.          0.
  0.          0.          0.          0.          0.        ]
[-0.29849776 -0.42735191  0.49906869  0.70053855  0.08481383 -0.28566858
 -0.2675562  -0.26217556  0.79302966  0.88373942  0.28830259  0.59673163
 -0.56387548 -0.11080861 -0.05198992 -0.12406927 -0.0183038  -0.24878938
 -0.01188397  0.76562596 -0.01827647 -0.1581135  -0.15987751 -0.01574968
 -0.03870519 -0.11260788  0.78907692 -0.07930505 -0.02909831 -0.00903045
 -0.0072256  -0.05907599 -0.05703202 -0.22796911 -0.0290033  -0.5901442
 -0.0649016  -0.07990562 -0.10963978 -0.06707631  0.8245404   0.89764156
  0.62656289  0.85299033 -0.07059797 -0.01757227 -0.05747146  0.95212442
  0.96854495 -0.0148035  -0.10877728 -0.2621578  -0.43345109 -0.19289891
  0.1336924  -0.12770649 -0.16141167 -0.20446568 -0.18315958 -0.07432357
  0.41218443  0.78746453  0.70174165  0.          0.          0.          0.
  0.          0.          0.          0.          0.          0.          0.
  0.          0.          0.          0.          0.          0.        ]
