RMSE: 0.437199232041


Errors: (prediction - observation)

[-0.43045728 -0.53639109  0.43732652  0.55515793  0.11440911  0.71113274
  0.65631933  0.57581311  0.51721489 -0.28348416 -0.78185623  0.66293255
  0.49824857  0.73956597  0.54428072 -0.07038419 -0.13918649 -0.03967538
  0.55682123 -0.03706055 -0.28033297 -0.05868476  0.80643305  0.77667938
  0.62284497 -0.4461613  -0.18641809 -0.05898063  0.88333552 -0.15380099
  0.73914084  0.64069001  0.55978281  0.38455538 -0.34233931 -0.10966536
 -0.0961139  -0.14821972 -0.06458368 -0.31358625 -0.10717147 -0.19415978
 -0.20925998  0.64559178 -0.01730268 -0.02106701 -0.0590443  -0.06037631
  0.86303931  0.7147456  -0.06526215 -0.03137002 -0.06542541  0.70813464
 -0.44246494 -0.31217479  0.16857911 -0.17682774 -0.19552515 -0.23981991
 -0.27535161 -0.10812362 -0.69681788 -0.28216052  0.          0.          0.
  0.          0.          0.          0.          0.          0.          0.
  0.          0.          0.          0.          0.          0.        ]
[ 0.56954272  0.23696956  0.20986834  0.33258455  0.06606973 -0.46334258
 -0.3232046   0.68451223  0.6195209   0.80647342  0.20029193 -0.43238726
 -0.15820354 -0.04956158 -0.1079617   0.65297136 -0.11004118 -0.14675077
 -0.25447219  0.80431818 -0.37756501 -0.08459828 -0.13691137 -0.06057648
 -0.4290691   0.84800227 -0.04990912 -0.06577537 -0.29242249 -0.44204431
  0.68799218  0.16851717 -0.17695761 -0.19560178  0.76013503  0.72450097
  0.89169313  0.30274862 -0.28287322  0.          0.          0.          0.
  0.          0.          0.          0.          0.          0.          0.
  0.          0.          0.          0.          0.          0.          0.
  0.          0.          0.          0.          0.          0.          0.
  0.          0.          0.          0.          0.          0.          0.
  0.          0.          0.          0.          0.          0.          0.
  0.          0.        ]
[-0.43045728 -0.53639109  0.43732652  0.55515793  0.11440911 -0.28886726
  0.73314533  0.65467818  0.59302128 -0.20604157 -0.76398013 -0.3237354
  0.59922778 -0.15407743 -0.06671006 -0.0811307  -0.34515325 -0.31286344
  0.68275726 -0.26713037 -0.10528392 -0.12531589  0.76416775 -0.08597645
 -0.08039723 -0.20824754  0.64619674 -0.15290971  0.89603863 -0.01719865
 -0.02096844 -0.05885438 -0.06023818 -0.13678562 -0.28446534 -0.19161126
 -0.03429429 -0.08378772  0.57355111 -0.14203673 -0.18642899 -0.30382909
 -0.15117946 -0.04913429  0.64267543 -0.06506576 -0.29129332  0.55847392
  0.6881968   0.16864206  0.82330425  0.8045509  -0.23977903  0.72466986
 -0.10811918 -0.69681503 -0.28215922  0.          0.          0.          0.
  0.          0.          0.          0.          0.          0.          0.
  0.          0.          0.          0.          0.          0.          0.
  0.          0.          0.          0.          0.        ]
[-0.43045728  0.46360891  0.32807156  0.44424749  0.08623875 -0.38422172
  0.70200049 -0.3833982   0.64111112  0.82169933  0.21169699  0.58543511
  0.61671461 -0.33381711  0.5931327  -0.21385971 -0.31795414 -0.23070201
  0.42349948 -0.39251303  0.8863043  -0.15650983 -0.06760477  0.91808812
 -0.34207725  0.83340724  0.82316241  0.81672844 -0.10340675 -0.35545052
 -0.47455479 -0.32588609  0.1661817   0.81816322  0.79405332  0.73946099
  0.68930735 -0.14212675  0.28027945 -0.31810865  0.          0.          0.
  0.          0.          0.          0.          0.          0.          0.
  0.          0.          0.          0.          0.          0.          0.
  0.          0.          0.          0.          0.          0.          0.
  0.          0.          0.          0.          0.          0.          0.
  0.          0.          0.          0.          0.          0.          0.
  0.          0.        ]
[-0.43045728  0.46360891  0.32807156  0.44424749  0.08623875 -0.38422172
 -0.29799951  0.69620655  0.63274965  0.81664198  0.20810205 -0.41912116
 -0.05529165 -0.11689278 -0.08369778 -0.03853938 -0.092451   -0.325395
 -0.27176007 -0.19496707  0.92443557  0.75628209  0.83886468  0.83299297
 -0.33872706  0.66753665 -0.15129761 -0.06569698 -0.01871744 -0.02241011
 -0.06163672 -0.06226863 -0.13936522 -0.28657974 -0.02533487 -0.38552508
 -0.02371066  0.77283496 -0.04782413 -0.17383237 -0.29919539 -0.15124988
 -0.04915298  0.66429258 -0.10384607 -0.1043585   0.57353921 -0.1420495
  0.64265426 -0.2078123   0.64645623  0.62074303  0.81354541 -0.18394889
  0.91460601 -0.12470304 -0.2353156   0.44968291 -0.06508374  0.70867809
  0.55842529 -0.31187217  0.16863072 -0.17671954 -0.19546132 -0.2397824
 -0.27533191 -0.10811751 -0.69681395 -0.28215873  0.          0.          0.
  0.          0.          0.          0.          0.          0.          0.        ]
[ 0.56954272  0.23696956  0.20986834 -0.66741545  0.1139265  -0.29814478
 -0.26479652 -0.28364601 -0.29998871 -0.11609248  0.29800816 -0.29053535
 -0.06637661 -0.03179404 -0.33787413 -0.01725148 -0.0210185  -0.05895081
 -0.06030831 -0.1368745  -0.28453793  0.84607366  0.6205888  -0.13269435
 -0.05911472  0.64255809  0.68452235  0.89601236  0.76058498  0.91396807
  0.69807868  0.81198894  0.96331208 -0.09618791  0.67533181 -0.20770205
  0.43755383 -0.44282392 -0.0264392  -0.38992708 -0.02404699 -0.22848844
 -0.04795557  0.82593203 -0.15218287 -0.04940088 -0.08029386 -0.12488939
 -0.2354726  -0.1044077  -0.06509906 -0.29134627  0.55844967 -0.3118376
  0.16863661 -0.17670718 -0.19545404  0.76022188 -0.2753356  -0.10811865
  0.30318531  0.717839    0.          0.          0.          0.          0.
  0.          0.          0.          0.          0.          0.          0.
  0.          0.          0.          0.          0.          0.        ]
[-0.43045728  0.46360891  0.32807156  0.44424749  0.08623875  0.61577828
  0.54271755 -0.53924878 -0.41426118 -0.15721539  0.2703967   0.66714293
 -0.24852758 -0.10250569 -0.15462286 -0.06690941 -0.37133657 -0.10812173
  0.84573505 -0.05199943 -0.03582481 -0.0861874   0.57055466 -0.31957048
 -0.0864169  -0.12553607  0.76398191 -0.06571662  0.70767108  0.55677887
  0.68580329  0.16719352 -0.179727   -0.19724295  0.75916769 -0.27730968
 -0.10873305  0.30279037  0.71719484  0.          0.          0.          0.
  0.          0.          0.          0.          0.          0.          0.
  0.          0.          0.          0.          0.          0.          0.
  0.          0.          0.          0.          0.          0.          0.
  0.          0.          0.          0.          0.          0.          0.
  0.          0.          0.          0.          0.          0.          0.
  0.          0.        ]
[-0.43045728  0.46360891  0.32807156 -0.55575251  0.12585742  0.73455867
  0.67800063 -0.40545029  0.62750203 -0.18699988  0.24964266 -0.36232225
  0.95432802  0.87048376 -0.03481157 -0.03763307 -0.0911221   0.91539059
 -0.21116449 -0.35209638 -0.032233    0.58678187 -0.03072817  0.74499257
 -0.06421268 -0.20383053 -0.13960744 -0.24813557 -0.43342066 -0.13453756
 -0.0597515   0.89542924 -0.08146885 -0.38117096  0.44901864  0.76029931
 -0.30076182 -0.15181809 -0.04930388 -0.14228825 -0.30885721 -0.30391971
 -0.335712   -0.10434522 -0.19157725 -0.08537282  0.84613785 -0.20779035
  0.64646931 -0.26409595  0.92548182 -0.06459703 -0.03111755  0.84741782
 -0.18388715 -0.06506757 -0.29129621  0.5584726   0.68819493  0.16864092
 -0.17669815 -0.19544871  0.76022501 -0.2753297  -0.10811682  0.30318649
 -0.28215908  0.          0.          0.          0.          0.          0.
  0.          0.          0.          0.          0.          0.          0.        ]
[ 0.56954272 -0.76303044  0.32807156  0.44424749  0.08623875  0.61577828
 -0.45728245 -0.36766211 -0.34904907  0.86618765 -0.74274926  0.69228719
 -0.12897258 -0.17333532 -0.32476967 -0.10849191 -0.18811127  0.92413556
 -0.1470411   0.93316089 -0.30107968 -0.44608548  0.68637522  0.1675372
 -0.17900897 -0.19681614 -0.24058028 -0.27575144 -0.10824774 -0.69689761
 -0.28219683  0.          0.          0.          0.          0.          0.
  0.          0.          0.          0.          0.          0.          0.
  0.          0.          0.          0.          0.          0.          0.
  0.          0.          0.          0.          0.          0.          0.
  0.          0.          0.          0.          0.          0.          0.
  0.          0.          0.          0.          0.          0.          0.
  0.          0.          0.          0.          0.          0.          0.
  0.        ]
[-0.43045728 -0.53639109  0.43732652  0.55515793  0.11440911  0.71113274
  0.65631933 -0.42418689  0.61672062 -0.19381003  0.245246    0.63163258
  0.76016634 -0.66919197 -0.09489317  0.65957751  0.49152254 -0.3920082
  0.15273     0.79069361  0.74824895  0.67238814 -0.38970854  0.84797739
  0.23553621  0.61909181  0.          0.          0.          0.          0.
  0.          0.          0.          0.          0.          0.          0.
  0.          0.          0.          0.          0.          0.          0.
  0.          0.          0.          0.          0.          0.          0.
  0.          0.          0.          0.          0.          0.          0.
  0.          0.          0.          0.          0.          0.          0.
  0.          0.          0.          0.          0.          0.          0.
  0.          0.          0.          0.          0.          0.          0.        ]
[-0.43045728 -0.53639109  0.43732652  0.55515793  0.11440911 -0.28886726
 -0.26685467  0.7139093  -0.34602654 -0.13293751  0.28669483 -0.04108315
 -0.09450139  0.43782298  0.83330318  0.73160454 -0.2290832  -0.32816657
 -0.01906012 -0.02273613 -0.06226732 -0.06273086 -0.13995436 -0.2870648
 -0.08607115 -0.10434894 -0.19206216 -0.06472903 -0.03116762 -0.2079322
 -0.35361522  0.84879315 -0.04916199 -0.30870289 -0.30384931 -0.15258777
 -0.0745198  -0.35732829  0.62076908 -0.14202391 -0.02512817 -0.38470246
 -0.02364846 -0.22692041 -0.04765822 -0.1735351  -0.2640881   0.66433309
 -0.08000731 -0.13249915 -0.05904747 -0.18387765 -0.10433299  0.68470324
 -0.12462547 -0.23525027 -0.42643471 -0.06506486 -0.2912919   0.55847457
 -0.31180227  0.16864263 -0.17669456 -0.19544659 -0.23977374 -0.27532736
 -0.1081161   0.30318696 -0.28215832  0.          0.          0.          0.
  0.          0.          0.          0.          0.          0.          0.        ]
[ 0.56954272  0.23696956  0.20986834 -0.66741545  0.1139265   0.70185522
  0.6336456   0.54180898  0.47812905 -0.33175297  0.21229982 -0.41876552
 -0.45297733 -0.46085259 -0.08171559 -0.31407222 -0.02605988 -0.38841364
 -0.02393069  0.7719693  -0.04840697  0.82512231 -0.08711577 -0.12614483
 -0.23653248 -0.0344654   0.91594447  0.64140347  0.68276996  0.81090302
 -0.13687439 -0.06056358 -0.55258025 -0.10436856 -0.15303823 -0.10454822
 -0.29921766 -0.15125794 -0.04915512 -0.08003029 -0.06460603 -0.03112096
 -0.01712218 -0.02089599 -0.05871482  0.93986328 -0.13666669 -0.28436823
 -0.15386254  0.66433006 -0.14202514 -0.23877591 -0.20778272 -0.35352615
 -0.06506501 -0.29129213 -0.44152553 -0.31180231  0.16864262 -0.17669457
 -0.1954466  -0.23977375 -0.27532736 -0.1081161   0.30318695 -0.28215832
  0.          0.          0.          0.          0.          0.          0.
  0.          0.          0.          0.          0.          0.          0.        ]
[ 0.56954272 -0.76303044  0.32807156  0.44424749  0.08623875 -0.38422172
 -0.29799951 -0.30379345  0.68775383  0.85648614  0.24483887  0.63120169
  0.60035722  0.22282349  0.60965828  0.5753108   0.57339735  0.8641987
  0.38399317 -0.32733394  0.81759165  0.61835272  0.10888599  0.42400868
  0.54591052  0.86142555  0.1856313  -0.35487704  0.62108125 -0.30802253
 -0.31599015  0.8625661   0.6389576   0.          0.          0.          0.
  0.          0.          0.          0.          0.          0.          0.
  0.          0.          0.          0.          0.          0.          0.
  0.          0.          0.          0.          0.          0.          0.
  0.          0.          0.          0.          0.          0.          0.
  0.          0.          0.          0.          0.          0.          0.
  0.          0.          0.          0.          0.          0.          0.
  0.        ]
[-0.43045728  0.46360891  0.32807156  0.44424749 -0.91376125 -0.25138487
 -0.24148908  0.73144968 -0.32264401 -0.12403271  0.29274105  0.70109729
 -0.14335667 -0.25144502 -0.03659496 -0.08739842 -0.08785982 -0.15501523
 -0.01737028 -0.02113107 -0.05916775 -0.06046614 -0.13707456  0.71529859
 -0.30923371 -0.10450025 -0.42660575 -0.14207272 -0.08002832  0.64264874
 -0.33570978  0.68468445 -0.1512007  -0.04913993 -0.18388885 -0.37923606
 -0.10380867 -0.07451719 -0.06459332 -0.03111614 -0.18641911 -0.19156646
 -0.26408822 -0.02512782 -0.38470107 -0.02364835 -0.22691999 -0.04765814
 -0.17353496 -0.13249912 -0.05904746 -0.06506486 -0.2912919  -0.44152543
  0.68819773  0.16864263 -0.19544659 -0.17669456 -0.23977374 -0.27532736
 -0.1081161  -0.69681304 -0.28215832  0.          0.          0.          0.
  0.          0.          0.          0.          0.          0.          0.
  0.          0.          0.          0.          0.          0.        ]
[-0.43045728 -0.53639109  0.43732652  0.55515793  0.11440911 -0.28886726
 -0.26685467 -0.2860907   0.69845392  0.86574509  0.25667916 -0.35238641
 -0.09970968 -0.12094187 -0.09492076 -0.02746838 -0.39404049 -0.02436667
  0.77025266 -0.049547   -0.17692683 -0.18841619 -0.034617   -0.08429292
 -0.30930018  0.68440243 -0.30430781 -0.01715036 -0.02092269 -0.05876625
 -0.0601741  -0.13670444 -0.28439905 -0.19158354 -0.3356779  -0.1511808
 -0.04913465 -0.18387941 -0.20778243  0.64647402  0.57356437  0.64267544
  0.6207692  -0.06459406 -0.03111642 -0.12462658  0.76474879  0.86749956
 -0.0590491  -0.06506612 -0.2912939  -0.44152635 -0.31180263  0.16864257
 -0.17669469 -0.19544667 -0.23977379 -0.27532738 -0.1081161   0.30318695
  0.71784168  0.          0.          0.          0.          0.          0.
  0.          0.          0.          0.          0.          0.          0.
  0.          0.          0.          0.          0.          0.        ]
[ 0.56954272 -0.76303044 -0.67192844  0.57486785  0.12005378  0.72270952
  0.66674769 -0.41522472  0.6217192   0.80936514 -0.79715744  0.64655629
  0.77164182  0.84476067 -0.08075737  0.84849819 -0.25133931 -0.10503596
  0.60068074 -0.2312748  -0.07304568  0.52319959  0.76219865 -0.18897706
 -0.29473727  0.66554881  0.86426938  0.73834916  0.65116789  0.56089643
  0.49690871 -0.15617948 -0.30896929 -0.42490678  0.41944255 -0.34870416
 -0.11654133 -0.07074594  0.69960914  0.54407933 -0.33144447  0.16517549
 -0.18392867 -0.19975885  0.75767535 -0.28006853 -0.10959858  0.30223288
 -0.28371296  0.          0.          0.          0.          0.          0.
  0.          0.          0.          0.          0.          0.          0.
  0.          0.          0.          0.          0.          0.          0.
  0.          0.          0.          0.          0.          0.          0.
  0.          0.          0.          0.        ]
