RMSE: 0.458347674651


Errors: (prediction - observation)

[-0.6440597  -0.6239005   0.4089097   0.39912562  0.39896359  0.40192264
  0.40540973  0.40855731  0.41115696 -0.58677328 -0.53038084  0.54634584
  0.48882707  0.45253699  0.433879   -0.5746122  -0.51191374 -0.43270985
  0.63967693 -0.42498326 -0.35441852 -0.30778779  0.71737942  0.69244565
  0.64792897 -0.41493218 -0.34697875 -0.30349007  0.71952368 -0.30331023
  0.7196173   0.69688479  0.65532565  0.59438579 -0.47122461 -0.39242679
 -0.33139328 -0.29486852 -0.2762774  -0.26758945 -0.2636913  -0.26197405
 -0.26122362  0.73910319 -0.26123031 -0.26089956 -0.26075584 -0.26069342
  0.73933369  0.73930603 -0.26075831 -0.26069444 -0.26066673  0.73934529
 -0.26066696 -0.26065481  0.73935047 -0.26065491 -0.26064958 -0.26064726
 -0.26064626 -0.26064583 -0.26064564 -0.26064555  0.          0.          0.
  0.          0.          0.          0.          0.          0.          0.
  0.          0.          0.          0.          0.          0.        ]
[-0.6440597   0.3760995   0.37953126 -0.6132098   0.42645366 -0.58626631
 -0.52931698  0.54732871 -0.51233154 -0.43341935  0.6388955  -0.42653174
 -0.35571818 -0.30861421  0.71693793 -0.30846701 -0.28296813 -0.27066656
  0.73493728  0.72924935 -0.28322534 -0.27077484 -0.26510735 -0.26259507
 -0.2614944  -0.2610146  -0.26080588  0.73928482  0.73919224 -0.26102298
 -0.26080935 -0.26071662 -0.26067637 -0.2606589  -0.26065131 -0.26064802
 -0.26064659  0.73935403  0.7393534  -0.26064808 -0.26064661 -0.26064598
 -0.2606457  -0.26064558  0.73935447 -0.26064558  0.73935447 -0.26064558
 -0.26064553 -0.26064551 -0.2606455  -0.26064549 -0.26064549 -0.26064549
 -0.26064549  0.73935451  0.73935451  0.73935451  0.73935451 -0.26064549
 -0.26064549 -0.26064549 -0.26064549 -0.26064549  0.73935451 -0.26064549
  0.          0.          0.          0.          0.          0.          0.
  0.          0.          0.          0.          0.          0.          0.        ]
[ 0.3559403   0.36081032  0.37357206  0.38449946  0.39305809 -0.60042616
 -0.55217384  0.51915294  0.46835026 -0.56028787 -0.49158375 -0.41188694
  0.65502732  0.59347205  0.52727663  0.47627419  0.44623516 -0.56866749
 -0.50327216  0.57646152  0.51287974 -0.53256359 -0.45611721 -0.37925451
  0.          0.          0.          0.          0.          0.          0.
  0.          0.          0.          0.          0.          0.          0.
  0.          0.          0.          0.          0.          0.          0.
  0.          0.          0.          0.          0.          0.          0.
  0.          0.          0.          0.          0.          0.          0.
  0.          0.          0.          0.          0.          0.          0.
  0.          0.          0.          0.          0.          0.          0.
  0.          0.          0.          0.          0.          0.          0.        ]
[-0.6440597  -0.6239005   0.4089097  -0.60087438 -0.55235018  0.51878582
 -0.53406203  0.54173609  0.48366349 -0.5520695   0.51939634 -0.52982525
 -0.45297709 -0.37672544  0.67865287  0.62624892 -0.44012024  0.63387186
  0.56837742  0.50636963  0.46352925  0.44000952 -0.57125569  0.49299543
 -0.54424398 -0.47043783  0.6082355  -0.45845138  0.61876775 -0.44784584
 -0.37233638 -0.31853252  0.71191567 -0.31801781 -0.28781011  0.72707863
  0.71215536  0.68246766  0.63226131 -0.43314649 -0.36057898  0.68862005
 -0.35821287  0.69002047 -0.35597666 -0.30866624 -0.28304828  0.72930341
 -0.28311154  0.7292772   0.71683765  0.          0.          0.          0.
  0.          0.          0.          0.          0.          0.          0.
  0.          0.          0.          0.          0.          0.          0.
  0.          0.          0.          0.          0.          0.          0.
  0.          0.          0.          0.        ]
[-0.6440597   0.3760995   0.37953126  0.3867902   0.39392259  0.39988384
  0.40459478 -0.59175975 -0.53819986 -0.4631136   0.61446367  0.54687232
 -0.51078025 -0.43155184 -0.35948636 -0.31080344 -0.284153   -0.27122032
  0.73468833 -0.27131112 -0.26534888 -0.26270186  0.73845879 -0.26272402
 -0.26155037 -0.26103885  0.73918361 -0.26104321  0.7391818   0.73895274
  0.73842124  0.73719229 -0.26562808 -0.26282069  0.73840824 -0.26283859
 -0.26159958  0.73894     0.73839141  0.          0.          0.          0.
  0.          0.          0.          0.          0.          0.          0.
  0.          0.          0.          0.          0.          0.          0.
  0.          0.          0.          0.          0.          0.          0.
  0.          0.          0.          0.          0.          0.          0.
  0.          0.          0.          0.          0.          0.          0.
  0.          0.        ]
[-0.6440597   0.3760995   0.37953126 -0.6132098   0.42645366  0.41373369
  0.41027971 -0.58950282  0.46541802 -0.56181944  0.50631819 -0.53797287
  0.53726421  0.48258274 -0.55076312 -0.47883064 -0.39951481  0.66376598
 -0.39477571 -0.33300288 -0.29575778  0.72328736 -0.29573216  0.72330714
 -0.29567844 -0.27666258 -0.267763   -0.26376766 -0.26200733 -0.26123807
 -0.26090308  0.73924258 -0.26090609 -0.26075865  0.73930537  0.7392401
 -0.26091162 -0.26076097 -0.26069561 -0.26066725 -0.26065494 -0.26064959
 -0.26064727 -0.26064626 -0.26064583 -0.26064564  0.73935445 -0.26064564
  0.73935444 -0.26064564  0.73935444 -0.26064564 -0.26064556  0.73935448
 -0.26064556 -0.26064552 -0.2606455   0.7393545   0.7393545   0.73935448
 -0.26064556 -0.26064552  0.7393545  -0.26064552 -0.2606455   0.7393545
 -0.2606455   0.          0.          0.          0.          0.          0.
  0.          0.          0.          0.          0.          0.          0.        ]
[ 0.3559403  -0.63918968  0.37953126 -0.6132098   0.42645366 -0.58626631
 -0.52931698 -0.45267129  0.62319707 -0.44461996  0.63002351 -0.43660016
 -0.36346614 -0.31320742 -0.28538486  0.72820052 -0.28549468 -0.27184106
 -0.26558823 -0.26280787 -0.26158773 -0.26105536 -0.26082365 -0.26072291
 -0.26067913  0.73933989 -0.26067954 -0.26066027 -0.26065191 -0.26064828
 -0.2606467   0.73935398 -0.26064672 -0.26064602  0.73935428 -0.26064603
  0.73935428 -0.26064603 -0.26064573 -0.26064559  0.73935446  0.73935441
 -0.26064573  0.7393544   0.73935427 -0.26064606  0.73935426 -0.26064606
 -0.26064574 -0.2606456  -0.26064554 -0.26064551 -0.2606455   0.73935451
 -0.2606455  -0.26064549 -0.26064549 -0.26064549 -0.26064549 -0.26064549
 -0.26064549  0.73935451 -0.26064549 -0.26064549 -0.26064549 -0.26064549
 -0.26064549  0.73935451 -0.26064549  0.          0.          0.          0.
  0.          0.          0.          0.          0.          0.          0.        ]
[-0.6440597  -0.6239005  -0.5910903   0.46373666  0.42943642 -0.58481956
 -0.52708477  0.5499224   0.48960295  0.45124995  0.43178846 -0.57673971
 -0.51505028 -0.43619075 -0.36309473 -0.31295786 -0.2852469  -0.27173103
 -0.26554084 -0.26278765 -0.26157912 -0.26105168 -0.26082208 -0.26072223
 -0.26067884 -0.26065998 -0.26065179  0.73935177 -0.26065186 -0.26064826
 -0.26064669 -0.26064601  0.73935428 -0.26064602 -0.26064572 -0.26064559
 -0.26064553 -0.26064551 -0.2606455  -0.26064549 -0.26064549 -0.26064549
 -0.26064549 -0.26064549 -0.26064549 -0.26064549 -0.26064549  0.73935451
 -0.26064549 -0.26064549 -0.26064549 -0.26064549 -0.26064549  0.73935451
 -0.26064549 -0.26064549 -0.26064549 -0.26064549 -0.26064549  0.73935451
 -0.26064549 -0.26064549 -0.26064549 -0.26064549 -0.26064549 -0.26064549
 -0.26064549  0.          0.          0.          0.          0.          0.
  0.          0.          0.          0.          0.          0.          0.        ]
[ 0.3559403   0.36081032  0.37357206  0.38449946  0.39305809  0.39957384
  0.40449877  0.40822434 -0.58894692 -0.5337714   0.54228453 -0.5143706
  0.56452743 -0.49730564 -0.41748623  0.65106977  0.58867462 -0.47674808
 -0.39754123 -0.33486659 -0.29677179  0.72279761 -0.29673314 -0.27717607
 -0.2679984  -0.26387258 -0.26205349  0.73874175 -0.26206914 -0.2612647
  0.73908544 -0.26127135 -0.26091733  0.73923646  0.73907979 -0.26128403
  0.73907732  0.73871026  0.73786004 -0.26409892 -0.26214979  0.73870073
  0.73783743  0.          0.          0.          0.          0.          0.
  0.          0.          0.          0.          0.          0.          0.
  0.          0.          0.          0.          0.          0.          0.
  0.          0.          0.          0.          0.          0.          0.
  0.          0.          0.          0.          0.          0.          0.
  0.          0.          0.        ]
[-0.6440597  -0.6239005   0.4089097   0.39912562  0.39896359 -0.59807736
 -0.54825313  0.52421165 -0.52836791 -0.45140025  0.62444604 -0.4427108
 -0.36832648  0.68384459  0.6340834   0.56849217 -0.49368415 -0.41379086
 -0.34620659 -0.30307649 -0.2802818  -0.26942356 -0.26450719 -0.26233229
 -0.26138    -0.26096491 -0.26078432 -0.26070581 -0.2606717  -0.26065688
 -0.26065044  0.73935236 -0.2606505  -0.26064767 -0.26064644 -0.2606459
 -0.26064567 -0.26064557  0.73935448 -0.26064557 -0.26064552 -0.26064551
 -0.2606455  -0.26064549 -0.26064549 -0.26064549 -0.26064549  0.73935451
 -0.26064549 -0.26064549 -0.26064549 -0.26064549 -0.26064549  0.73935451
 -0.26064549 -0.26064549 -0.26064549 -0.26064549 -0.26064549  0.73935451
 -0.26064549  0.73935451 -0.26064549 -0.26064549 -0.26064549 -0.26064549
 -0.26064549  0.73935451 -0.26064549  0.          0.          0.          0.
  0.          0.          0.          0.          0.          0.          0.        ]
[ 0.3559403   0.36081032  0.37357206  0.38449946  0.39305809 -0.60042616
 -0.55217384 -0.48084706 -0.40178949 -0.33805304  0.70134801 -0.33738708
 -0.29821714 -0.27792777 -0.2683529   0.73596616 -0.26843364 -0.26406645
 -0.26213872 -0.2612955  -0.26092811 -0.26076832 -0.26069886 -0.26066868
  0.73934444 -0.26066896 -0.26065568 -0.26064992 -0.26064741 -0.26064633
 -0.26064585 -0.26064565 -0.26064556 -0.26064552 -0.2606455  -0.2606455
 -0.26064549 -0.26064549 -0.26064549 -0.26064549 -0.26064549 -0.26064549
 -0.26064549 -0.26064549 -0.26064549 -0.26064549 -0.26064549 -0.26064549
 -0.26064549 -0.26064549 -0.26064549 -0.26064549  0.73935451 -0.26064549
 -0.26064549 -0.26064549 -0.26064549 -0.26064549  0.73935451 -0.26064549
  0.          0.          0.          0.          0.          0.          0.
  0.          0.          0.          0.          0.          0.          0.
  0.          0.          0.          0.          0.          0.        ]
[-0.6440597  -0.6239005   0.4089097  -0.60087438  0.44764982  0.42380128
  0.41470047  0.41237175  0.41266754 -0.58621344  0.47050155 -0.55800768
 -0.48846572 -0.40875197  0.657314    0.59657379 -0.46970144 -0.39113154
  0.66941713 -0.3869571  -0.32782336 -0.29296731  0.72462897  0.70703237
  0.67300494 -0.38173317  0.67558593  0.62197669 -0.44434165 -0.36945117
  0.68326069  0.63341098  0.          0.          0.          0.          0.
  0.          0.          0.          0.          0.          0.          0.
  0.          0.          0.          0.          0.          0.          0.
  0.          0.          0.          0.          0.          0.          0.
  0.          0.          0.          0.          0.          0.          0.
  0.          0.          0.          0.          0.          0.          0.
  0.          0.          0.          0.          0.          0.          0.
  0.        ]
[-0.6440597   0.3760995  -0.62046874  0.41407877  0.40531923  0.40450807
  0.40642399 -0.59106842  0.4629151  -0.56307419  0.50458739 -0.53900239
 -0.46399569 -0.38616773 -0.32738667  0.7072316   0.67326921 -0.38150736
  0.67569143 -0.37795702  0.67795856 -0.37460049  0.68007183 -0.37143627
  0.          0.          0.          0.          0.          0.          0.
  0.          0.          0.          0.          0.          0.          0.
  0.          0.          0.          0.          0.          0.          0.
  0.          0.          0.          0.          0.          0.          0.
  0.          0.          0.          0.          0.          0.          0.
  0.          0.          0.          0.          0.          0.          0.
  0.          0.          0.          0.          0.          0.          0.
  0.          0.          0.          0.          0.          0.          0.        ]
[ 0.3559403   0.36081032  0.37357206 -0.61550054  0.42234366  0.41190239
  0.40951775  0.41019648  0.41177829 -0.58656406  0.46995031 -0.5582827
 -0.4888372  -0.40911259 -0.34294011 -0.30126864 -0.27940529 -0.26902526
 -0.26433136  0.73774441 -0.26437203  0.73772781 -0.26440812 -0.26228728
 -0.26135986 -0.26095597  0.73921962  0.73904054  0.73862469  0.7376618
 -0.26455444 -0.26234957 -0.26138639 -0.26096731 -0.26078523 -0.26070617
 -0.26067184 -0.26065694 -0.26065046 -0.26064765 -0.26064643 -0.2606459
 -0.26064567 -0.26064557 -0.26064552  0.73935449 -0.26064552 -0.26064551
 -0.2606455   0.73935451 -0.2606455  -0.26064549 -0.26064549 -0.26064549
 -0.26064549 -0.26064549 -0.26064549 -0.26064549  0.73935451 -0.26064549
 -0.26064549 -0.26064549 -0.26064549 -0.26064549  0.73935451 -0.26064549
  0.          0.          0.          0.          0.          0.          0.
  0.          0.          0.          0.          0.          0.          0.        ]
[ 0.3559403  -0.63918968  0.37953126  0.3867902   0.39392259  0.39988384
  0.40459478  0.40824025 -0.58895854  0.46621107  0.43930961  0.42671874
  0.42148529  0.41957282 -0.58095356 -0.52144215  0.55675967  0.49720398
  0.45796914  0.43710126  0.42730536  0.42302129  0.421242    0.42054862
  0.42031052  0.42025572 -0.57973058  0.48039563  0.44894026 -0.56696684
  0.49915205  0.45935269  0.43800389 -0.57210513 -0.50824138  0.57126395
  0.5087398   0.46501438  0.44080753  0.42915027 -0.57605334  0.4859367
  0.45186044  0.43434437 -0.57375892 -0.51066475 -0.43132573  0.64077802
  0.57639812  0.          0.          0.          0.          0.          0.
  0.          0.          0.          0.          0.          0.          0.
  0.          0.          0.          0.          0.          0.          0.
  0.          0.          0.          0.          0.          0.          0.
  0.          0.          0.          0.        ]
[-0.6440597   0.3760995   0.37953126 -0.6132098   0.42645366 -0.58626631
 -0.52931698  0.54732871 -0.51233154 -0.43341935  0.6388955   0.57346826
 -0.4903051  -0.41053915 -0.34394563  0.69816932 -0.34265022  0.69892208
 -0.34131484 -0.300317   -0.27892238 -0.2687978   0.73577189 -0.26886755
 -0.26425718 -0.26222168 -0.26133145  0.73905632 -0.26133914 -0.26094685
 -0.26077638 -0.26070234 -0.26067018 -0.26065621 -0.26065015  0.73935249
  0.7393498   0.73934354  0.73932898  0.73929514  0.73921652  0.73903396
 -0.26138945 -0.26096813  0.73921457  0.73902917  0.          0.          0.
  0.          0.          0.          0.          0.          0.          0.
  0.          0.          0.          0.          0.          0.          0.
  0.          0.          0.          0.          0.          0.          0.
  0.          0.          0.          0.          0.          0.          0.
  0.          0.          0.        ]
[-0.6440597   0.3760995   0.37953126  0.3867902  -0.60607741 -0.56150632
 -0.49332678  0.58602913 -0.48121992 -0.40203464  0.66184937  0.6021919
 -0.46491887 -0.38695829 -0.32788925 -0.29303107 -0.27541228 -0.26720221
 -0.26352167 -0.26190038 -0.26119171 -0.260883   -0.26074872  0.73930965
 -0.26074998 -0.26069086 -0.26066519 -0.26065405 -0.26064921  0.73935289
 -0.26064925  0.73935288 -0.26064929 -0.26064714 -0.26064621 -0.2606458
 -0.26064563 -0.26064555 -0.26064552 -0.2606455  -0.2606455  -0.26064549
 -0.26064549 -0.26064549 -0.26064549 -0.26064549 -0.26064549 -0.26064549
 -0.26064549 -0.26064549 -0.26064549 -0.26064549 -0.26064549 -0.26064549
  0.73935451  0.73935451 -0.26064549 -0.26064549 -0.26064549 -0.26064549
 -0.26064549 -0.26064549 -0.26064549  0.          0.          0.          0.
  0.          0.          0.          0.          0.          0.          0.
  0.          0.          0.          0.          0.          0.        ]
[ 0.3559403   0.36081032  0.37357206  0.38449946  0.39305809  0.39957384
  0.40449877  0.40822434  0.41105308  0.41321037  0.4148626   0.41613273
 -0.58288781 -0.5243985  -0.4466264  -0.37140807 -0.31799768  0.71217596
 -0.31755929 -0.28758295  0.72718195 -0.28763283  0.72716381 -0.28766186
 -0.2728467   0.73396349 -0.27292209 -0.2660688  -0.26301797 -0.26167899
 -0.26109492 -0.26084079 -0.26073034 -0.26068235  0.7393385   0.73931721
 -0.2607323   0.73931684 -0.26073314  0.73931648 -0.26073397  0.73931613
 -0.26073479 -0.26068422 -0.2606623  -0.26065279  0.73935134 -0.26065286
  0.73935131  0.73934706 -0.26066282  0.73934699 -0.26066298  0.73934693
 -0.26066313  0.73934686 -0.26066329 -0.26065321 -0.26064884  0.73935306
  0.73935113  0.73934664  0.7393362  -0.26068806 -0.26066394 -0.26065349
 -0.26064896 -0.260647    0.73935386  0.73935299  0.          0.          0.
  0.          0.          0.          0.          0.          0.          0.        ]
