RMSE: 0.430666513145


Errors: (prediction - observation)

[-0.48795679 -0.59466523  0.17504656  0.31567499  0.03354311  0.60338537
  0.38436347  0.38466937  0.39134266 -0.44629156 -0.87701678  0.53564595
  0.47983749  0.64663277  0.19572597 -0.0985797  -0.39789609 -0.11654065
  0.54625928 -0.33121785 -0.46218947 -0.16304523  0.72771988  0.43809718
  0.34161407 -0.7091359  -0.34666067 -0.04096096  0.79436032 -0.22825257
  0.46969716  0.4751467   0.39082463  0.2008742  -0.41082587 -0.30144729
 -0.19447037 -0.12004756 -0.04825997 -0.29632443 -0.13426748 -0.33638006
 -0.17755343  0.65128833 -0.21825915 -0.15680112 -0.04756518 -0.1240315
  0.93203231  0.80570981 -0.1418594  -0.03469456 -0.12764545  0.68214123
 -0.72588577 -0.51701125  0.06886708 -0.21925054 -0.38122345 -0.35628536
 -0.35620447 -0.17075695 -0.73087861 -0.27812734  0.          0.          0.
  0.          0.          0.          0.          0.          0.          0.
  0.          0.          0.          0.          0.          0.        ]
[-0.48795679 -0.59466523  0.17504656  0.03558379  0.61383145 -0.60758362
 -0.53731549  0.51420224 -0.30573727  0.17245897  0.56213114 -0.63258631
 -0.3539219  -0.04208217  0.48143812 -0.13224159 -0.0530962  -0.15108813
  0.50884945 -0.28141352 -0.04762481 -0.26692978  0.59343014 -0.17824835
  0.37106828 -0.19522789  0.50590705 -0.13521015 -0.33202247  0.28200014
  0.46859663  0.05961921 -0.24544074 -0.41487184 -0.38825142 -0.38697863
 -0.18980579  0.24764726 -0.32052835  0.          0.          0.          0.
  0.          0.          0.          0.          0.          0.          0.
  0.          0.          0.          0.          0.          0.          0.
  0.          0.          0.          0.          0.          0.          0.
  0.          0.          0.          0.          0.          0.          0.
  0.          0.          0.          0.          0.          0.          0.
  0.          0.        ]
[ 0.26311177  0.09268226 -0.7896403   0.02661808  0.56260777  0.3577353
 -0.63337778  0.43996745 -0.37573355  0.13638348  0.49734709  0.68285842
 -0.78506058 -0.8312204   0.83418066  0.57102183  0.19224515 -0.653104
  0.04660963 -0.30850874  0.52807673 -0.47450067  0.55043396 -0.26009869
  0.191752    0.60270337  0.          0.          0.          0.          0.
  0.          0.          0.          0.          0.          0.          0.
  0.          0.          0.          0.          0.          0.          0.
  0.          0.          0.          0.          0.          0.          0.
  0.          0.          0.          0.          0.          0.          0.
  0.          0.          0.          0.          0.          0.          0.
  0.          0.          0.          0.          0.          0.          0.
  0.          0.          0.          0.          0.          0.          0.        ]
[-0.48795679  0.40533477  0.11969165  0.24552587  0.02501212 -0.46169369
 -0.59802886  0.46540504  0.46211425  0.64714158  0.11975524 -0.53719124
 -0.08024005 -0.36744201 -0.19816749 -0.04962558 -0.21489356 -0.61921201
 -0.3595069  -0.34454815  0.87824009  0.35743628  0.47728788  0.53729081
 -0.32034684  0.50246661 -0.12392581 -0.0499135  -0.24157264 -0.17338717
 -0.05306236 -0.13629687 -0.07487272 -0.19415783 -0.06592742 -0.33617363
 -0.22009472  0.66969897 -0.11549555 -0.21081791 -0.45437243 -0.25442941
 -0.02725784  0.37073533 -0.15424443 -0.10843265  0.65057576 -0.03955047
  0.42332698 -0.16373972  0.67155896  0.48479308  0.53488689 -0.23529449
  0.76100488 -0.18353707 -0.48130316  0.2668621  -0.12151934  0.69421768
  0.28479639 -0.52676504  0.06592066 -0.22635382 -0.39160855 -0.36654237
 -0.36619798 -0.17675628 -0.73767133 -0.28440231  0.          0.          0.
  0.          0.          0.          0.          0.          0.          0.        ]
[-0.48795679  0.40533477 -0.88030835 -0.70579264  0.04091519 -0.35260999
 -0.50523245 -0.44725244  0.58066812  0.75597418  0.17787377  0.57013829
 -0.06981751 -0.33715645 -0.23471491 -0.53255024 -0.41861064 -0.13956161
 -0.03390962 -0.16207819 -0.32198937 -0.60052604 -0.25218569 -0.02693743
 -0.0854155  -0.03405355 -0.55939567 -0.39291872 -0.18993484 -0.09423314
 -0.2640825  -0.38908267 -0.0874463   0.76207653 -0.63864269 -0.42616615
  0.08937989 -0.16626411 -0.31227295 -0.29732297 -0.30509086 -0.14285113
  0.29930413  0.74472176  0.          0.          0.          0.          0.
  0.          0.          0.          0.          0.          0.          0.
  0.          0.          0.          0.          0.          0.          0.
  0.          0.          0.          0.          0.          0.          0.
  0.          0.          0.          0.          0.          0.          0.
  0.          0.          0.        ]
[-0.48795679 -0.59466523 -0.82495344  0.40123456  0.04638137  0.67471251
  0.44864236 -0.5578883   0.49833978  0.67906961 -0.86690484  0.55196262
 -0.60149999 -0.22249795 -0.39112942 -0.37451886 -0.1948784  -0.11035885
 -0.04424919 -0.04265731 -0.24762583  0.54927763 -0.12993692 -0.04522648
  0.61079052 -0.24975723 -0.61126985 -0.26822949 -0.02917627 -0.44725698
  0.8454957  -0.11387828 -0.28997356 -0.67918761  0.53724497  0.07635594
 -0.20004806 -0.35532813  0.66729675 -0.35431288 -0.1696447   0.27035735
 -0.29290048  0.          0.          0.          0.          0.          0.
  0.          0.          0.          0.          0.          0.          0.
  0.          0.          0.          0.          0.          0.          0.
  0.          0.          0.          0.          0.          0.          0.
  0.          0.          0.          0.          0.          0.          0.
  0.          0.          0.        ]
[-0.48795679 -0.59466523  0.17504656 -0.68432501 -0.95412031  0.73692125
 -0.48054194  0.57295413  0.54580649 -0.27708943  0.18958646 -0.4096914
 -0.15768722 -0.03856471  0.82204048  0.34097682 -0.45059943  0.46801312
  0.46824079  0.76917084  0.54044549  0.73128803 -0.43064633  0.94341111
 -0.63491404 -0.077259    0.56578858 -0.07362229  0.64968881 -0.2912247
 -0.59414143 -0.17339395  0.47690426 -0.3109011  -0.1303216   0.94762429
  0.64971388  0.18965981  0.28550928 -0.17964194 -0.41108582  0.23664523
 -0.59168723  0.05549279 -0.26501328 -0.43191094 -0.40047446  0.60382222
 -0.21278942  0.22381972  0.65054984  0.          0.          0.          0.
  0.          0.          0.          0.          0.          0.          0.
  0.          0.          0.          0.          0.          0.          0.
  0.          0.          0.          0.          0.          0.          0.
  0.          0.          0.          0.        ]
[ 0.51204321  0.32725933 -0.90303173  0.24867127  0.02551404  0.55258004
  0.34745799 -0.64644546 -0.5640677  -0.33288209  0.15549262  0.53464277
 -0.21838449  0.18169292  0.28243243 -0.07411225 -0.35124925 -0.22467306
  0.60129052 -0.16429145 -0.55238031 -0.32700657 -0.03782581 -0.19425938
 -0.25698745  0.81668659 -0.50419849 -0.34185549 -0.39248459 -0.09756738
 -0.03908147  0.56219931 -0.11979498 -0.30174513 -0.69029573  0.52573702
  0.07321283 -0.20818865 -0.36609513 -0.34224453  0.65680681 -0.17614393
  0.26307821 -0.301903    0.          0.          0.          0.          0.
  0.          0.          0.          0.          0.          0.          0.
  0.          0.          0.          0.          0.          0.          0.
  0.          0.          0.          0.          0.          0.          0.
  0.          0.          0.          0.          0.          0.          0.
  0.          0.          0.        ]
[ 0.51204321  0.32725933  0.09696827 -0.7917508   0.02710649 -0.43503507
 -0.58611001 -0.52631619 -0.48413116 -0.26070708  0.19316706 -0.39693996
 -0.1528319  -0.03743097 -0.6890579  -0.21524311 -0.15410927 -0.04661422
 -0.1216125  -0.06653014 -0.17563078  0.54239645  0.48870396 -0.09831319
 -0.03942311  0.4061906   0.55090919  0.82352636  0.36198495  0.74055124
  0.4881476   0.73793257  0.94994183 -0.30203685  0.3840763  -0.53276676
  0.22904389 -0.43389243 -0.07523444 -0.36719843 -0.24336185 -0.36052358
 -0.11848775  0.78432001 -0.28943725 -0.03228999 -0.15941696 -0.17311094
 -0.46188607 -0.11477135 -0.10989111 -0.28201221  0.3283702  -0.47758675
  0.0785413  -0.19441049 -0.3479331   0.67369351 -0.34683637 -0.16531075
  0.27515584  0.71313046  0.          0.          0.          0.          0.
  0.          0.          0.          0.          0.          0.          0.
  0.          0.          0.          0.          0.          0.        ]
[ 0.51204321  0.32725933  0.09696827  0.2082492   0.02065336  0.47674969
  0.27138893  0.26405415 -0.7437217  -0.42780301  0.1294177  -0.52155485
  0.34561064 -0.51588412 -0.37145618  0.3204242   0.63773347 -0.05436827
 -0.06533664 -0.32420822 -0.22782544  0.59205034 -0.20798064 -0.28815961
 -0.14759331 -0.11544721 -0.04638315  0.52345889 -0.19805801 -0.49700665
  0.52321344 -0.12969971 -0.32136052  0.29136224  0.47926149 -0.9380628
  0.77921897  0.59302896  0.59673315 -0.42240262 -0.21407409  0.22043784
  0.64770439  0.          0.          0.          0.          0.          0.
  0.          0.          0.          0.          0.          0.          0.
  0.          0.          0.          0.          0.          0.          0.
  0.          0.          0.          0.          0.          0.          0.
  0.          0.          0.          0.          0.          0.          0.
  0.          0.          0.        ]
[ 0.51204321  0.32725933  0.09696827  0.2082492   0.02065336 -0.52325031
 -0.62308618 -0.55155866  0.49868512 -0.31456014  0.16443554  0.55229064
 -0.07332983 -0.34845895 -0.3646382  -0.04395245 -0.29079304 -0.14889056
  0.69952333 -0.26953651 -0.3653844   0.24419293 -0.50396946 -0.22224789
 -0.15934694 -0.04836606 -0.12569862 -0.06885912  0.81909982 -0.32987498
 -0.5527334  -0.0930814  -0.03723797 -0.38992765  0.89698903  0.40148537
  0.52321907 -0.06577973 -0.33666967 -0.22094219  0.66844774 -0.11572493
 -0.21147171 -0.16613812 -0.44977399  0.84652941 -0.16763049 -0.33461949
 -0.0391601  -0.14122604 -0.63121437 -0.33870933 -0.103501   -0.02466599
 -0.46207112  0.90862952 -0.25803388 -0.64922949 -0.43491062  0.08767723
 -0.17072877  0.68223297 -0.30949908 -0.31493429 -0.14789511  0.29399325
  0.73758509  0.          0.          0.          0.          0.          0.
  0.          0.          0.          0.          0.          0.          0.        ]
[-0.48795679  0.40533477  0.11969165 -0.75447413  0.03168957  0.59787045
  0.38523885 -0.60847084 -0.54367187 -0.31546729  0.16509842 -0.44863651
 -0.14015051 -0.05633846 -0.37975309  0.30036195 -0.51556703  0.58818093
  0.68723357 -0.04146096  0.94905288 -0.315161   -0.16060594  0.71701163
 -0.06225021  0.72146157 -0.09574029 -0.41292098 -0.26814652  0.61071441
 -0.14733629 -0.254344   -0.17998531 -0.34918455  0.53172418  0.44652233
 -0.23580087 -0.16967144 -0.05187497 -0.1338875   0.92641838 -0.20690053
 -0.13978557 -0.03413209 -0.56889811 -0.17272734 -0.46082004  0.41685844
  0.88529452  0.68776507  0.27908357 -0.53327736  0.06433152  0.76934948
  0.5822216  -0.41082745 -0.41165146 -0.20659773  0.22754974 -0.34345981
  0.          0.          0.          0.          0.          0.          0.
  0.          0.          0.          0.          0.          0.          0.
  0.          0.          0.          0.          0.          0.        ]
[ 0.51204321  0.32725933  0.09696827  0.2082492   0.02065336 -0.52325031
 -0.62308618 -0.55155866 -0.50131488 -0.27534193  0.18468711 -0.41102474
 -0.65425105 -0.58287125 -0.67104857  0.62449677 -0.1249281  -0.17252193
 -0.4597431  -0.03646737 -0.22142662 -0.21384691 -0.37596103 -0.05354231
  0.70893286 -0.20196284 -0.30762297 -0.09622158 -0.17996539 -0.39254378
 -0.10012207 -0.02381572 -0.16486541 -0.11772227 -0.03487619 -0.09404082
 -0.05120588 -0.14102398 -0.07190362 -0.02857638 -0.21217313 -0.02176233
 -0.11400531 -0.03021525 -0.43888814 -0.16783611 -0.12231446 -0.37548511
 -0.08330252 -0.23002007 -0.62479477 -0.41549284  0.09138718 -0.16097821
 -0.3058461  -0.29242196 -0.30122654 -0.14091065  0.3013303  -0.25252629
  0.          0.          0.          0.          0.          0.          0.
  0.          0.          0.          0.          0.          0.          0.
  0.          0.          0.          0.          0.          0.        ]
[-0.48795679  0.40533477  0.11969165  0.24552587  0.02501212 -0.46169369
 -0.59802886 -0.53459496 -0.48864608  0.73567427  0.16455084  0.55081982
  0.41194023 -0.18015275 -0.07348832  0.61152214 -0.06065235  0.28161447
  0.49147618 -0.41109818 -0.26429775 -0.56630862  0.9411227  -0.56758946
 -0.16170466 -0.28381566 -0.1830424   0.30938877 -0.19967411 -0.37788877
 -0.53978246 -0.06460813 -0.33105678 -0.21608763  0.67485943 -0.1133593
 -0.20726295  0.46527457 -0.22125431 -0.11032664  0.8409628  -0.03945615
 -0.23579575 -0.12328242 -0.02976943 -0.19695573 -0.14095793 -0.04232159
 -0.11169945 -0.06098171  0.8367786   0.60745022 -0.1164141   0.70474794
  0.29431364  0.48339723 -0.93711769  0.78138178  0.59671406 -0.3986146
 -0.39917327 -0.19797925 -0.7623727   0.68971547  0.          0.          0.
  0.          0.          0.          0.          0.          0.          0.
  0.          0.          0.          0.          0.          0.        ]
[-0.48795679  0.40533477  0.11969165 -0.75447413  0.03168957 -0.40212955
 -0.5576063   0.50258763 -0.5106469  -0.28388817  0.18332707  0.58242182
 -0.48153906 -0.22827031 -0.15834535  0.79020645 -0.42870181  0.53263123
 -0.22264454 -0.52342002 -0.11325574 -0.04548113  0.51401407 -0.4838188
 -0.24911367 -0.61007678 -0.26716461  0.97097697 -0.04435567 -0.03987683
 -0.23728327 -0.11274679 -0.25508987 -0.14455515 -0.10805023  0.72172413
  0.31120774  0.50216398  0.06723856  0.77663378  0.59053369  0.59565828
 -0.42238001 -0.21423904  0.21895481  0.64670018  0.          0.          0.
  0.          0.          0.          0.          0.          0.          0.
  0.          0.          0.          0.          0.          0.          0.
  0.          0.          0.          0.          0.          0.          0.
  0.          0.          0.          0.          0.          0.          0.
  0.          0.          0.        ]
[-0.48795679  0.40533477  0.11969165 -0.75447413  0.03168957 -0.40212955
 -0.5576063   0.50258763 -0.5106469   0.71611183  0.15221481 -0.47349385
  0.19872516 -0.2312345   0.65457488  0.43660525 -0.32153248  0.81390709
  0.39344309  0.2633643  -0.52565692 -0.67171413  0.6923598   0.8445108
 -0.07845229 -0.07327284 -0.34910962  0.63510532  0.9448965  -0.30499673
 -0.49135284 -0.25057521  0.44808455  0.83398022 -0.42877405  0.22648562
  0.39467982  0.04550342  0.68630523  0.47021333  0.46806134 -0.53414561
  0.69229912  0.13988756  0.50519922  0.          0.          0.          0.
  0.          0.          0.          0.          0.          0.          0.
  0.          0.          0.          0.          0.          0.          0.
  0.          0.          0.          0.          0.          0.          0.
  0.          0.          0.          0.          0.          0.          0.
  0.          0.          0.        ]
[-0.48795679  0.40533477  0.11969165  0.24552587  0.02501212  0.53830631
 -0.6710127   0.4148027   0.42107257 -0.40328112  0.13096195  0.4846414
 -0.65890604  0.71362435  0.47082302 -0.21070097 -0.08598316  0.16920375
 -0.6940899  -0.69420657 -0.32288698 -0.27329242 -0.51467912 -0.12975711
  0.82468681 -0.63779246 -0.04106047 -0.24207282 -0.22430404 -0.16638169
  0.55068293 -0.27080798 -0.0295467  -0.45064553 -0.41986916 -0.1349546
 -0.34215969 -0.09747437 -0.25735071 -0.64859515 -0.43436676  0.08778523
 -0.17044673 -0.31741739 -0.30131387  0.69172155 -0.1477126   0.29418669
  0.73784303  0.          0.          0.          0.          0.          0.
  0.          0.          0.          0.          0.          0.          0.
  0.          0.          0.          0.          0.          0.          0.
  0.          0.          0.          0.          0.          0.          0.
  0.          0.          0.          0.        ]
