0.310272162057,0.271709077848, 1.0
0.520533023948,0.614800862028, 0.0
0.480736479709,0.712652998433, 1.0
0.592777967028,0.952266674011, 1.0
0.640838543324,0.794449221906, 0.0
0.490092520865,0.2975897526, 1.0
0.693920111782,0.674569415394, 1.0
0.310272162057,0.271709077848, 0.0
0.339499486306,0.556328791417, 1.0
0.480736479709,0.712652998433, 1.0
0.592777967028,0.952266674011, 1.0
0.640838543324,0.794449221906, 0.0
0.490092520865,0.2975897526, 0.0
0.459990550947,0.613458867003, 1.0
0.310272162057,0.271709077848, 1.0
0.520533023948,0.614800862028, 1.0
0.6413795045,0.950737595617, 1.0
0.696731648482,0.799565452552, 0.0
0.558034840647,0.740089274008, 1.0
0.658137057568,0.33684258036, 1.0
0.820182665254,0.70676772508, 1.0
0.310272162057,0.271709077848, 0.0
0.339499486306,0.556328791417, 0.0
0.310272162057,0.271709077848, 0.0
0.339499486306,0.556328791417, 0.0
0.356371838196,0.260383929351, 0.0
0.381389515292,0.583365744163, 1.0
0.310272162057,0.271709077848, 0.0
0.339499486306,0.556328791417, 1.0
0.480736479709,0.29023708355, 0.0
0.485582522529,0.609005230798, 1.0
0.310272162057,0.271709077848, 0.0
0.339499486306,0.556328791417, 0.0
0.356371838196,0.684616938913, 0.0
0.34509461289,0.93848316284, 1.0
0.407814249213,0.750333553848, 1.0
0.49835439575,0.301250050407, 0.0
0.460638297634,0.615667992691, 0.0
0.310272162057,0.271709077848, 0.0
0.339499486306,0.556328791417, 0.0
0.356371838196,0.260383929351, 0.0
0.381389515292,0.583365744163, 1.0
0.310272162057,0.271709077848, 0.0
0.339499486306,0.556328791417, 1.0
0.480736479709,0.941502495339, 0.0
0.40937265671,0.734939904833, 0.0
0.36938166281,0.696644833811, 0.0
0.329797565325,0.258906232838, 0.0
0.334762314472,0.579842181838, 0.0
0.310272162057,0.271709077848, 0.0
0.339499486306,0.556328791417, 0.0
0.356371838196,0.260383929351, 0.0
0.381389515292,0.583365744163, 0.0
0.310272162057,0.271709077848, 0.0
0.339499486306,0.556328791417, 1.0
0.480736479709,0.712652998433, 1.0
0.592777967028,0.952266674011, 1.0
0.640838543324,0.794449221906, 0.0
0.490092520865,0.2975897526, 0.0
0.459990550947,0.613458867003, 1.0
0.310272162057,0.271709077848, 0.0
0.339499486306,0.556328791417, 1.0
0.480736479709,0.941502495339, 1.0
0.549061255272,0.770197712487, 1.0
0.642067570241,0.763845129373, 1.0
0.725323967514,0.352538266076, 1.0
0.86114445196,0.717170271025, 1.0
0.310272162057,0.271709077848, 0.0
0.339499486306,0.556328791417, 0.0
0.356371838196,0.935062863994, 0.0
0.35169265456,0.725290620111, 0.0
0.334049475975,0.690803241544, 0.0
0.305594041032,0.253931900804, 1.0
0.498747439842,0.625088777627, 0.0
0.310272162057,0.271709077848, 0.0
0.339499486306,0.556328791417, 0.0
0.356371838196,0.721785678307, 0.0
0.344570904323,0.938275393642, 0.0
0.327507574567,0.687709120303, 1.0
0.424803505961,0.283800547782, 0.0
0.399313086038,0.599442542874, 0.0
0.310272162057,0.271709077848, 0.0
0.339499486306,0.556328791417, 0.0
0.356371838196,0.260383929351, 0.0
0.381389515292,0.583365744163, 0.0
0.310272162057,0.271709077848, 0.0
0.339499486306,0.556328791417, 0.0
0.356371838196,0.684616938913, 1.0
0.465549919243,0.946896136332, 1.0
0.518951212727,0.772631484995, 0.0
0.38653962159,0.274749413895, 0.0
0.369315188671,0.591334737658, 0.0
