0.757029181196,0.241326982681, 1.0
0.999704666661,0.556518687479, 0.0
0.999971305472,0.789535753621, 1.0
0.999999917516,0.847576993324, 1.0
0.999999999681,0.679770042648, 0.0
0.999999999957,0.316652019338, 1.0
1.0,0.556677842365, 1.0
0.757029181196,0.241326982681, 1.0
0.999704666661,0.556518687479, 1.0
0.999999580304,0.847576732534, 1.0
0.999999998376,0.679770041799, 0.0
0.999999999782,0.789556937181, 1.0
0.999999999999,0.316652019351, 1.0
1.0,0.556677842365, 1.0
0.757029181196,0.241326982681, 0.0
0.985935721868,0.549098614812, 0.0
0.999006591478,0.316344046016, 0.0
0.999936802635,0.556643785358, 1.0
0.757029181196,0.241326982681, 0.0
0.985935721868,0.549098614812, 1.0
0.999971305472,0.789535753621, 1.0
0.999999917516,0.847576993324, 1.0
0.999999999681,0.679770042648, 0.0
0.999999999957,0.316652019338, 0.0
0.999999999997,0.556677842363, 1.0
0.757029181196,0.241326982681, 0.0
0.985935721868,0.549098614812, 0.0
0.999006591478,0.316344046016, 0.0
0.999936802635,0.556643785358, 0.0
0.757029181196,0.241326982681, 0.0
0.985935721868,0.312291856796, 1.0
0.999981077684,0.556667645145, 0.0
0.757029181196,0.241326982681, 0.0
0.985935721868,0.549098614812, 0.0
0.999006591478,0.316344046016, 0.0
0.999936802635,0.556643785358, 0.0
0.757029181196,0.241326982681, 0.0
0.985935721868,0.549098614812, 1.0
0.999971305472,0.847554865643, 1.0
0.999999888869,0.679769970612, 1.0
0.999999999785,0.789556937183, 1.0
0.999999999999,0.316652019351, 1.0
1.0,0.556677842365, 1.0
0.757029181196,0.241326982681, 0.0
0.985935721868,0.549098614812, 1.0
0.999971305472,0.316643123565, 0.0
0.999998156482,0.556676848895, 1.0
0.757029181196,0.241326982681, 0.0
0.985935721868,0.549098614812, 1.0
0.999971305472,0.316643123565, 0.0
0.999998156482,0.556676848895, 1.0
0.757029181196,0.241326982681, 0.0
0.985935721868,0.549098614812, 0.0
0.999006591478,0.788823553991, 0.0
0.999816483434,0.847435131007, 1.0
0.99999928698,0.679769579336, 1.0
0.999999998623,0.316652018924, 0.0
0.999999999912,0.556677842317, 0.0
0.757029181196,0.241326982681, 0.0
0.985935721868,0.549098614812, 0.0
0.999006591478,0.846808785306, 0.0
0.99976055267,0.679614383025, 0.0
0.999968273771,0.789533515469, 1.0
0.999999908796,0.316651991076, 0.0
0.999999994139,0.556677839206, 0.0
0.757029181196,0.241326982681, 0.0
0.985935721868,0.549098614812, 0.0
0.999006591478,0.316344046016, 0.0
0.999936802635,0.556643785358, 0.0
0.757029181196,0.241326982681, 0.0
0.985935721868,0.549098614812, 1.0
0.999971305472,0.789535753621, 1.0
0.999999917516,0.847576993324, 1.0
0.999999999681,0.679770042648, 0.0
0.999999999957,0.316652019338, 0.0
0.999999999997,0.556677842363, 0.0
