RMSE: 0.4568556328


Errors: (prediction - observation)

[-0.75867302  0.55651869 -0.21046425 -0.15242301  0.67977004 -0.68334798
 -0.44332216  0.          0.          0.          0.          0.          0.
  0.          0.          0.          0.          0.          0.          0.
  0.          0.          0.          0.          0.          0.          0.
  0.          0.          0.          0.          0.          0.          0.
  0.          0.          0.          0.          0.          0.          0.
  0.          0.          0.          0.          0.          0.          0.
  0.          0.          0.          0.          0.          0.          0.
  0.          0.          0.          0.          0.          0.          0.
  0.          0.          0.          0.          0.          0.          0.
  0.          0.          0.          0.          0.          0.          0.
  0.          0.          0.          0.        ]
[-0.75867302 -0.44348131 -0.15242327  0.67977004 -0.21044306 -0.68334798
 -0.44332216  0.          0.          0.          0.          0.          0.
  0.          0.          0.          0.          0.          0.          0.
  0.          0.          0.          0.          0.          0.          0.
  0.          0.          0.          0.          0.          0.          0.
  0.          0.          0.          0.          0.          0.          0.
  0.          0.          0.          0.          0.          0.          0.
  0.          0.          0.          0.          0.          0.          0.
  0.          0.          0.          0.          0.          0.          0.
  0.          0.          0.          0.          0.          0.          0.
  0.          0.          0.          0.          0.          0.          0.
  0.          0.          0.          0.        ]
[ 0.24132698  0.54909861  0.31634405 -0.44335621  0.          0.          0.
  0.          0.          0.          0.          0.          0.          0.
  0.          0.          0.          0.          0.          0.          0.
  0.          0.          0.          0.          0.          0.          0.
  0.          0.          0.          0.          0.          0.          0.
  0.          0.          0.          0.          0.          0.          0.
  0.          0.          0.          0.          0.          0.          0.
  0.          0.          0.          0.          0.          0.          0.
  0.          0.          0.          0.          0.          0.          0.
  0.          0.          0.          0.          0.          0.          0.
  0.          0.          0.          0.          0.          0.          0.
  0.          0.          0.        ]
[ 0.24132698 -0.45090139 -0.21046425 -0.15242301  0.67977004  0.31665202
 -0.44332216  0.          0.          0.          0.          0.          0.
  0.          0.          0.          0.          0.          0.          0.
  0.          0.          0.          0.          0.          0.          0.
  0.          0.          0.          0.          0.          0.          0.
  0.          0.          0.          0.          0.          0.          0.
  0.          0.          0.          0.          0.          0.          0.
  0.          0.          0.          0.          0.          0.          0.
  0.          0.          0.          0.          0.          0.          0.
  0.          0.          0.          0.          0.          0.          0.
  0.          0.          0.          0.          0.          0.          0.
  0.          0.          0.          0.        ]
[ 0.24132698  0.54909861  0.31634405  0.55664379  0.          0.          0.
  0.          0.          0.          0.          0.          0.          0.
  0.          0.          0.          0.          0.          0.          0.
  0.          0.          0.          0.          0.          0.          0.
  0.          0.          0.          0.          0.          0.          0.
  0.          0.          0.          0.          0.          0.          0.
  0.          0.          0.          0.          0.          0.          0.
  0.          0.          0.          0.          0.          0.          0.
  0.          0.          0.          0.          0.          0.          0.
  0.          0.          0.          0.          0.          0.          0.
  0.          0.          0.          0.          0.          0.          0.
  0.          0.          0.        ]
[ 0.24132698 -0.68770814  0.55666765  0.          0.          0.          0.
  0.          0.          0.          0.          0.          0.          0.
  0.          0.          0.          0.          0.          0.          0.
  0.          0.          0.          0.          0.          0.          0.
  0.          0.          0.          0.          0.          0.          0.
  0.          0.          0.          0.          0.          0.          0.
  0.          0.          0.          0.          0.          0.          0.
  0.          0.          0.          0.          0.          0.          0.
  0.          0.          0.          0.          0.          0.          0.
  0.          0.          0.          0.          0.          0.          0.
  0.          0.          0.          0.          0.          0.          0.
  0.          0.          0.        ]
[ 0.24132698  0.54909861  0.31634405  0.55664379  0.          0.          0.
  0.          0.          0.          0.          0.          0.          0.
  0.          0.          0.          0.          0.          0.          0.
  0.          0.          0.          0.          0.          0.          0.
  0.          0.          0.          0.          0.          0.          0.
  0.          0.          0.          0.          0.          0.          0.
  0.          0.          0.          0.          0.          0.          0.
  0.          0.          0.          0.          0.          0.          0.
  0.          0.          0.          0.          0.          0.          0.
  0.          0.          0.          0.          0.          0.          0.
  0.          0.          0.          0.          0.          0.          0.
  0.          0.          0.        ]
[ 0.24132698 -0.45090139 -0.15244513 -0.32023003 -0.21044306 -0.68334798
 -0.44332216  0.          0.          0.          0.          0.          0.
  0.          0.          0.          0.          0.          0.          0.
  0.          0.          0.          0.          0.          0.          0.
  0.          0.          0.          0.          0.          0.          0.
  0.          0.          0.          0.          0.          0.          0.
  0.          0.          0.          0.          0.          0.          0.
  0.          0.          0.          0.          0.          0.          0.
  0.          0.          0.          0.          0.          0.          0.
  0.          0.          0.          0.          0.          0.          0.
  0.          0.          0.          0.          0.          0.          0.
  0.          0.          0.          0.        ]
[ 0.24132698 -0.45090139  0.31664312 -0.44332315  0.          0.          0.
  0.          0.          0.          0.          0.          0.          0.
  0.          0.          0.          0.          0.          0.          0.
  0.          0.          0.          0.          0.          0.          0.
  0.          0.          0.          0.          0.          0.          0.
  0.          0.          0.          0.          0.          0.          0.
  0.          0.          0.          0.          0.          0.          0.
  0.          0.          0.          0.          0.          0.          0.
  0.          0.          0.          0.          0.          0.          0.
  0.          0.          0.          0.          0.          0.          0.
  0.          0.          0.          0.          0.          0.          0.
  0.          0.          0.        ]
[ 0.24132698 -0.45090139  0.31664312 -0.44332315  0.          0.          0.
  0.          0.          0.          0.          0.          0.          0.
  0.          0.          0.          0.          0.          0.          0.
  0.          0.          0.          0.          0.          0.          0.
  0.          0.          0.          0.          0.          0.          0.
  0.          0.          0.          0.          0.          0.          0.
  0.          0.          0.          0.          0.          0.          0.
  0.          0.          0.          0.          0.          0.          0.
  0.          0.          0.          0.          0.          0.          0.
  0.          0.          0.          0.          0.          0.          0.
  0.          0.          0.          0.          0.          0.          0.
  0.          0.          0.        ]
[ 0.24132698  0.54909861  0.78882355 -0.15256487 -0.32023042  0.31665202
  0.55667784  0.          0.          0.          0.          0.          0.
  0.          0.          0.          0.          0.          0.          0.
  0.          0.          0.          0.          0.          0.          0.
  0.          0.          0.          0.          0.          0.          0.
  0.          0.          0.          0.          0.          0.          0.
  0.          0.          0.          0.          0.          0.          0.
  0.          0.          0.          0.          0.          0.          0.
  0.          0.          0.          0.          0.          0.          0.
  0.          0.          0.          0.          0.          0.          0.
  0.          0.          0.          0.          0.          0.          0.
  0.          0.          0.          0.        ]
[ 0.24132698  0.54909861  0.84680879  0.67961438 -0.21046648  0.31665199
  0.55667784  0.          0.          0.          0.          0.          0.
  0.          0.          0.          0.          0.          0.          0.
  0.          0.          0.          0.          0.          0.          0.
  0.          0.          0.          0.          0.          0.          0.
  0.          0.          0.          0.          0.          0.          0.
  0.          0.          0.          0.          0.          0.          0.
  0.          0.          0.          0.          0.          0.          0.
  0.          0.          0.          0.          0.          0.          0.
  0.          0.          0.          0.          0.          0.          0.
  0.          0.          0.          0.          0.          0.          0.
  0.          0.          0.          0.        ]
[ 0.24132698  0.54909861  0.31634405  0.55664379  0.          0.          0.
  0.          0.          0.          0.          0.          0.          0.
  0.          0.          0.          0.          0.          0.          0.
  0.          0.          0.          0.          0.          0.          0.
  0.          0.          0.          0.          0.          0.          0.
  0.          0.          0.          0.          0.          0.          0.
  0.          0.          0.          0.          0.          0.          0.
  0.          0.          0.          0.          0.          0.          0.
  0.          0.          0.          0.          0.          0.          0.
  0.          0.          0.          0.          0.          0.          0.
  0.          0.          0.          0.          0.          0.          0.
  0.          0.          0.        ]
[ 0.24132698 -0.45090139 -0.21046425 -0.15242301  0.67977004  0.31665202
  0.55667784  0.          0.          0.          0.          0.          0.
  0.          0.          0.          0.          0.          0.          0.
  0.          0.          0.          0.          0.          0.          0.
  0.          0.          0.          0.          0.          0.          0.
  0.          0.          0.          0.          0.          0.          0.
  0.          0.          0.          0.          0.          0.          0.
  0.          0.          0.          0.          0.          0.          0.
  0.          0.          0.          0.          0.          0.          0.
  0.          0.          0.          0.          0.          0.          0.
  0.          0.          0.          0.          0.          0.          0.
  0.          0.          0.          0.        ]
