0.0463203982323,0.383793523963, 0.0
0.251159289134,0.47399692959, 0.0
0.426136630147,0.201870492488, 0.0
0.525956364271,0.960660659397, 1.0
0.649148543058,0.648618683134, 0.0
0.568456373731,0.936490642859, 1.0
0.688925695437,0.623521618164, 1.0
0.879508124675,0.886140166023, 1.0
0.93694780027,0.645258958902, 0.0
0.895311257187,0.770571867432, 0.0
0.791333089538,0.973623515981, 1.0
0.850272417235,0.970796884132, 1.0
0.895336643931,0.983976865327, 1.0
0.924934539499,0.942456329259, 1.0
0.954960849596,0.945892270781, 0.0
0.838060056825,0.636618906691, 0.0
0.757666109299,0.762781823815, 1.0
0.888767728878,0.844776465609, 1.0
0.949716401302,0.799194424176, 1.0
0.982529195937,0.811457957551, 1.0
0.0463203982323,0.383793523963, 0.0
0.251159289134,0.47399692959, 0.0
0.426136630147,0.553933047687, 0.0
0.471937863692,0.216053333811, 1.0
0.829276262673,0.976391207567, 1.0
0.877957671118,0.973429354047, 1.0
0.914994461324,0.985209038072, 1.0
0.939133931428,0.945549986722, 1.0
0.963638593877,0.947870174852, 1.0
0.978738352847,0.704045456381, 1.0
0.994590173938,0.819828349371, 0.0
0.985535278286,0.812844992525, 1.0
0.0463203982323,0.379482317972, 1.0
0.31694420259,0.508232166117, 1.0
0.539951282061,0.610775614673, 0.0
0.512280522061,0.594480748881, 1.0
0.0463203982323,0.383793523963, 0.0
0.251159289134,0.47399692959, 0.0
0.426136630147,0.954378297969, 1.0
0.571540952639,0.61250315108, 1.0
0.794807733659,0.960792132639, 1.0
0.857054351911,0.703913908681, 0.0
0.759010811572,0.847273749367, 0.0
0.590141722853,0.481671131276, 1.0
0.849523258859,0.801724073658, 1.0
0.935465447704,0.863160781721, 1.0
0.971652951117,0.805822227356, 0.0
0.930267150545,0.357979894428, 0.0
0.924137404518,0.983310670609, 1.0
0.946273118705,0.979925171685, 1.0
0.962905267224,0.98821213796, 1.0
0.973545681523,0.953047361823, 1.0
0.984360303195,0.952593240188, 1.0
0.990914793942,0.709881576335, 1.0
0.997713443441,0.821264495822, 0.0
0.993821631546,0.816668394696, 1.0
0.0463203982323,0.383793523963, 1.0
0.316347544762,0.504075410466, 1.0
0.539951282061,0.670483018143, 1.0
0.746637619489,0.78882159403, 1.0
0.874312787842,0.764522221948, 1.0
0.953656982798,0.798136043927, 1.0
0.0463203982323,0.383793523963, 0.0
0.251159289134,0.47399692959, 1.0
0.441261874655,0.565396103873, 0.0
0.476266269861,0.577863430537, 0.0
0.0463203982323,0.383793523963, 0.0
0.251159289134,0.47399692959, 1.0
0.441261874655,0.565396103873, 0.0
0.476266269861,0.577863430537, 0.0
0.0463203982323,0.383793523963, 0.0
0.251159289134,0.47399692959, 0.0
0.426136630147,0.201870492488, 1.0
0.79063056694,0.776756894362, 1.0
0.906262416358,0.851663908358, 1.0
0.958082852164,0.987857433694, 1.0
0.970102391748,0.79797802991, 1.0
0.990091056534,0.981758101991, 1.0
0.993291306965,0.769056883707, 1.0
0.998050212708,0.924375924697, 1.0
0.999035313714,0.67454553174, 1.0
0.999779281169,0.818809406532, 0.0
0.999405771206,0.988800976453, 1.0
0.999582238209,0.984994103105, 1.0
0.999713519816,0.990519318087, 1.0
0.999796322041,0.958766655322, 1.0
0.999880532749,0.956130740744, 1.0
0.999930938968,0.71420297891, 0.0
0.999859691469,0.822251386798, 1.0
0.999953051599,0.819497490198, 1.0
0.0463203982323,0.383793523963, 1.0
0.316347544762,0.504075410466, 1.0
0.539951282061,0.237114415487, 0.0
0.59813685487,0.965203487866, 1.0
0.704431018641,0.6743449814, 1.0
0.876737714431,0.969588282973, 1.0
0.915161123556,0.731698205332, 0.0
0.838350937307,0.872864912398, 1.0
0.913682829008,0.634284912147, 1.0
0.978564739442,0.809013707838, 0.0
0.946127764553,0.984914715011, 1.0
0.961928951475,0.981413816468, 1.0
0.973767141527,0.988892971707, 1.0
0.981308867996,0.954738746912, 1.0
0.988975698426,0.95364521968, 0.0
0.951774628799,0.691121850319, 1.0
0.987423946292,0.860186186288, 1.0
0.995090464392,0.886634415605, 1.0
0.997918744873,0.821358897833, 1.0
0.999302597335,0.819197364417, 1.0
0.0463203982323,0.383793523963, 0.0
0.251159289134,0.47399692959, 1.0
0.441261874655,0.565396103873, 0.0
0.476266269861,0.577863430537, 0.0
0.0463203982323,0.383793523963, 0.0
0.251159289134,0.47399692959, 0.0
0.426136630147,0.553933047687, 0.0
0.471937863692,0.216053333811, 0.0
0.554038906407,0.676455376197, 1.0
0.757531378591,0.793110332667, 1.0
0.880607966974,0.980135499738, 1.0
0.915083077623,0.976959446858, 1.0
0.941135563963,0.98684758998, 1.0
0.957943923789,0.949648167373, 1.0
0.975018981852,0.950464088082, 1.0
0.985445444302,0.707260138731, 1.0
0.996318977558,0.990263903331, 1.0
0.997382900045,0.81067330967, 1.0
0.999150521852,0.982730742508, 1.0
0.999425624296,0.771990064947, 0.0
0.998650896391,0.924569675261, 1.0
0.999332695232,0.674685806088, 1.0
0.999847363462,0.822245718115, 1.0
0.999948926081,0.819495586645, 1.0
0.0463203982323,0.383793523963, 0.0
0.251159289134,0.47399692959, 0.0
0.426136630147,0.558441191339, 1.0
0.667363213574,0.66603737708, 1.0
0.0463203982323,0.383793523963, 0.0
0.251159289134,0.47399692959, 0.0
0.426136630147,0.946984964573, 1.0
0.572749376867,0.94440842992, 1.0
0.690193630103,0.971118284674, 1.0
0.77390303954,0.909550714052, 0.0
0.580972683088,0.860649759244, 1.0
0.721070563163,0.58054630608, 1.0
0.907567569081,0.779813485155, 0.0
0.808614385252,0.731212010534, 1.0
0.0463203982323,0.383793523963, 0.0
0.251159289134,0.47399692959, 1.0
0.441261874655,0.955330236516, 1.0
0.5833879622,0.618016285185, 1.0
0.803085873747,0.961680888672, 1.0
0.862989465847,0.706751838953, 0.0
0.76626658577,0.849614099835, 1.0
0.87056062441,0.613944242729, 1.0
0.966407232112,0.98639396166, 1.0
0.976307221858,0.982780983421, 1.0
0.98370443428,0.989515851706, 1.0
0.988398905389,0.956283471305, 1.0
0.993172080817,0.95460169426, 1.0
0.99604461634,0.712340279878, 1.0
0.999009043551,0.379266556059, 1.0
0.999861322148,0.818847288505, 0.0
0.999626542624,0.865359398797, 1.0
0.999855355276,0.888510294394, 1.0
0.99993885264,0.822287786805, 1.0
0.999979540778,0.819509712557, 1.0
