0.045166620522,0.315477909971, 1.0
0.34890990236,0.646669822409, 0.0
0.452028752836,0.6463972518, 0.0
0.454329791313,0.699600648272, 1.0
0.045166620522,0.315477909971, 0.0
0.323824888438,0.587388993337, 0.0
0.498361819386,0.446412399565, 0.0
0.524885046513,0.286616196716, 1.0
0.787559543837,0.972427748331, 1.0
0.828119974369,0.982854863997, 1.0
0.858879778129,0.978598862924, 1.0
0.885012576465,0.967134117763, 1.0
0.908114618297,0.755071105717, 1.0
0.945463156292,0.827301432139, 1.0
0.964880328633,0.820069701431, 0.0
0.93758959109,0.85324744322, 1.0
0.045166620522,0.315477909971, 1.0
0.34890990236,0.646669822409, 0.0
0.452028752836,0.6463972518, 1.0
0.045166620522,0.315477909971, 0.0
0.323824888438,0.587388993337, 1.0
0.452028752836,0.6463972518, 1.0
0.626675594699,0.778542108846, 0.0
0.045166620522,0.315477909971, 0.0
0.323824888438,0.587388993337, 0.0
0.498361819386,0.940441893676, 1.0
0.609014055368,0.845341688074, 1.0
0.720281377442,0.754539241619, 0.0
0.603872807661,0.76678734002, 0.0
0.045166620522,0.315477909971, 0.0
0.323824888438,0.587388993337, 1.0
0.452028752836,0.6463972518, 0.0
0.454329791313,0.699600648272, 0.0
0.045166620522,0.315477909971, 1.0
0.34890990236,0.646669822409, 1.0
0.506586221308,0.951336340065, 1.0
0.598443827656,0.97319788668, 1.0
0.668938549014,0.969616305958, 1.0
0.728790238895,0.956862779036, 0.0
0.556087642854,0.648974578286, 1.0
0.712935517685,0.773738931619, 1.0
0.806942397431,0.985162238026, 1.0
0.840437471399,0.759699396284, 0.0
0.76125281311,0.960362938604, 1.0
0.807444762985,0.715155713414, 0.0
0.730500302967,0.887605117236, 1.0
0.79681929693,0.79633997469, 1.0
0.863738681476,0.599620566274, 1.0
0.928783205455,0.400650576306, 1.0
0.970804406785,0.984955772477, 1.0
0.976119671429,0.924670137224, 1.0
0.982374443074,0.823780611402, 0.0
0.968086751686,0.858930870041, 0.0
0.045166620522,0.315477909971, 0.0
0.323824888438,0.587388993337, 0.0
0.498361819386,0.273437160119, 1.0
0.779044192327,0.976360423809, 1.0
0.821080234694,0.901920653276, 1.0
0.869181392369,0.986378802676, 1.0
0.892208515464,0.771453201888, 1.0
0.93428614197,0.970027793103, 1.0
0.947449955581,0.750434369381, 1.0
0.969440362787,0.919375315087, 1.0
0.97761456431,0.834136374798, 1.0
0.985632502961,0.632165398508, 0.0
0.979410828277,0.981698323002, 1.0
0.983269348235,0.987576378472, 1.0
0.986263817395,0.983376463755, 1.0
0.988811005958,0.972935832147, 1.0
0.991059461115,0.775514231306, 1.0
0.994749489236,0.837438079129, 0.0
0.990171273929,0.82540876126, 1.0
0.993808417564,0.86358774659, 1.0
0.045166620522,0.315477909971, 0.0
0.323824888438,0.587388993337, 0.0
0.498361819386,0.446412399565, 0.0
0.524885046513,0.667329859486, 0.0
0.484147315931,0.704527607839, 0.0
0.045166620522,0.315477909971, 0.0
0.323824888438,0.587388993337, 1.0
0.452028752836,0.6463972518, 0.0
0.454329791313,0.699600648272, 1.0
0.045166620522,0.315477909971, 0.0
0.323824888438,0.587388993337, 0.0
0.498361819386,0.928678530394, 1.0
0.611296312229,0.966653459775, 1.0
0.687332872636,0.966332655811, 1.0
0.74756736055,0.955160886393, 0.0
0.555827891457,0.635505975742, 1.0
0.725562172508,0.772570740616, 1.0
0.820184133021,0.786727532618, 0.0
0.723382884213,0.807391720915, 1.0
0.045166620522,0.315477909971, 1.0
0.34890990236,0.646669822409, 0.0
0.452028752836,0.6463972518, 0.0
0.454329791313,0.699600648272, 0.0
0.045166620522,0.315477909971, 0.0
0.323824888438,0.587388993337, 1.0
0.452028752836,0.959143508419, 1.0
0.556022048318,0.661536842276, 1.0
0.715836262783,0.954998398438, 1.0
0.771975866851,0.703569672138, 0.0
0.685915361083,0.877255731351, 1.0
0.76450429781,0.787452202128, 1.0
0.842575581579,0.976809465729, 1.0
0.871562521071,0.984852075894, 1.0
0.894281536596,0.980442402403, 1.0
0.913666776032,0.969187658712, 1.0
0.930803194798,0.761159524834, 1.0
0.958645633533,0.830136368377, 1.0
0.973325614893,0.41056081566, 1.0
0.989362484031,0.63315425523, 0.0
0.984713431569,0.985329407119, 1.0
0.987501730621,0.925984706182, 1.0
0.990789628253,0.825538061278, 1.0
0.994198754225,0.86365839925, 1.0
