0.158247704146,0.451589666405, 1.0
0.380357093768,0.598374403533, 0.0
0.255975260647,0.544878721112, 1.0
0.486929255187,0.660476248644, 1.0
0.705213028635,0.750157169252, 1.0
0.854802470802,0.806893871386, 0.0
0.716776671076,0.756299884733, 1.0
0.862198887862,0.810152413258, 1.0
0.939378601233,0.837895202907, 1.0
0.974780028728,0.850378478607, 1.0
0.989813831143,0.85560576283, 1.0
0.995952940061,0.857716981877, 1.0
0.998408260294,0.858553832129, 1.0
0.99937832761,0.858882006887, 1.0
0.999758490417,0.859009808831, 0.0
0.999417986051,0.858890671332, 1.0
0.158247704146,0.451589666405, 0.0
0.0906099313434,0.413376894407, 1.0
0.255975260647,0.544878721112, 1.0
0.486929255187,0.660476248644, 1.0
0.705213028635,0.750157169252, 1.0
0.854802470802,0.806893871386, 0.0
0.716776671076,0.756299884733, 1.0
0.862198887862,0.810152413258, 0.0
0.734302299687,0.763631238149, 0.0
0.591423988652,0.711170079985, 1.0
0.783791537563,0.782430505883, 0.0
0.647993119001,0.732842856353, 0.0
0.532036529584,0.689981429564, 1.0
0.741649902355,0.767590234045, 0.0
0.612312531855,0.72019333418, 0.0
0.512407260371,0.683089826938, 1.0
0.158247704146,0.451589666405, 0.0
0.0906099313434,0.413376894407, 0.0
0.09179245161,0.415155351628, 0.0
0.0959604504461,0.417158372922, 0.0
0.100941966149,0.418604071648, 0.0
0.103147832243,0.418417003293, 0.0
0.102994335654,0.41717662304, 0.0
0.101732146604,0.415626897152, 0.0
0.100235693176,0.414203937835, 0.0
0.0989134704139,0.413068178591, 0.0
0.0978854816892,0.412229150653, 0.0
0.0971393731699,0.41163726468, 0.0
0.0966191898653,0.41123141496, 0.0
0.096265255376,0.410958015598, 0.0
0.0960280264938,0.410775871885, 1.0
0.275501549496,0.551435129312, 0.0
0.158247704146,0.451589666405, 0.0
0.0906099313434,0.413376894407, 0.0
0.09179245161,0.415155351628, 0.0
0.0959604504461,0.417158372922, 0.0
0.100941966149,0.418604071648, 1.0
0.284012312562,0.557678127697, 1.0
0.522766849891,0.675214955552, 1.0
0.734440883681,0.76141125117, 1.0
0.872175926654,0.813322316757, 1.0
0.943936676294,0.839375153425, 0.0
0.870154832428,0.812734188719, 1.0
0.942939683888,0.839059256655, 1.0
0.976235518651,0.850854635471, 1.0
0.990384445946,0.855792228908, 1.0
0.996172534503,0.857788625246, 1.0
0.998492055131,0.858581124949, 1.0
0.158247704146,0.451589666405, 0.0
0.0906099313434,0.413376894407, 0.0
0.09179245161,0.415155351628, 0.0
0.0959604504461,0.417158372922, 0.0
0.100941966149,0.418604071648, 0.0
0.103147832243,0.418417003293, 0.0
0.102994335654,0.41717662304, 0.0
0.101732146604,0.415626897152, 1.0
0.286138366853,0.55697159992, 0.0
0.232202191908,0.529100143852, 1.0
0.467768912055,0.652363423027, 1.0
0.693290446032,0.746020970014, 0.0
0.54042417148,0.68764655117, 1.0
0.748594828782,0.768501032843, 1.0
0.881048462806,0.81711767559, 1.0
0.948563341968,0.841203823266, 1.0
0.158247704146,0.451589666405, 0.0
0.0906099313434,0.413376894407, 0.0
0.09179245161,0.415155351628, 0.0
0.0959604504461,0.417158372922, 1.0
0.273920270843,0.553805423799, 1.0
0.510776733364,0.670649196607, 0.0
0.389704992962,0.621680666732, 0.0
0.336451804946,0.596941639374, 1.0
0.57784889247,0.70251582324, 1.0
0.775737722637,0.778614794702, 1.0
0.895976808279,0.822500485106, 1.0
0.955521679587,0.843662021852, 1.0
0.981791418845,0.852841506659, 1.0
0.992715547418,0.856611972179, 1.0
0.997123817418,0.858118793572, 1.0
0.998873866698,0.858712251737, 1.0
0.158247704146,0.451589666405, 1.0
0.380357093768,0.598374403533, 1.0
0.611234036129,0.707998161436, 1.0
0.793694063062,0.782401375673, 1.0
0.9032390162,0.824109087173, 1.0
0.957966401344,0.844188100279, 1.0
0.982518742781,0.852983722323, 1.0
0.992908089572,0.856641881306, 1.0
0.997166227293,0.858121315608, 1.0
0.998879196434,0.858710116372, 1.0
0.999560031844,0.858942085446, 1.0
0.999828315323,0.859032821031, 1.0
0.999933332324,0.859068117288, 1.0
0.999974218991,0.859081785974, 1.0
0.999990065716,0.859087059212, 1.0
0.99999618384,0.85908908694, 1.0
0.158247704146,0.451589666405, 0.0
0.0906099313434,0.413376894407, 0.0
0.09179245161,0.415155351628, 0.0
0.0959604504461,0.417158372922, 0.0
0.100941966149,0.418604071648, 0.0
0.103147832243,0.418417003293, 1.0
0.288475231626,0.55897860222, 0.0
0.235660289796,0.531609584787, 1.0
0.471797097227,0.654292409834, 0.0
0.373039218394,0.612076876195, 1.0
0.612905133769,0.715645506391, 1.0
0.799236414062,0.787060766375, 1.0
0.908204862875,0.826800633542, 1.0
0.961025243973,0.845569854661, 1.0
0.984093119468,0.853630887316, 1.0
0.99364416328,0.856927725074, 1.0
0.158247704146,0.451589666405, 0.0
0.0906099313434,0.413376894407, 0.0
0.09179245161,0.415155351628, 0.0
0.0959604504461,0.417158372922, 0.0
0.100941966149,0.418604071648, 0.0
0.103147832243,0.418417003293, 0.0
0.102994335654,0.41717662304, 1.0
0.288384466439,0.558379251495, 1.0
0.528118247931,0.676915407402, 0.0
0.397124186768,0.623806626792, 0.0
0.337145148276,0.596137537848, 1.0
0.579016064524,0.702637502847, 1.0
0.77660833018,0.778841558316, 1.0
0.896420157079,0.82263172692, 1.0
0.955709089471,0.843719471608, 1.0
0.981864267063,0.852864102632, 1.0
0.158247704146,0.451589666405, 1.0
0.380357093768,0.598374403533, 1.0
0.611234036129,0.707998161436, 1.0
0.793694063062,0.782401375673, 1.0
0.9032390162,0.824109087173, 1.0
0.957966401344,0.844188100279, 1.0
0.982518742781,0.852983722323, 1.0
0.992908089572,0.856641881306, 1.0
0.997166227293,0.858121315608, 1.0
0.998879196434,0.858710116372, 1.0
0.999560031844,0.858942085446, 1.0
0.999828315323,0.859032821031, 0.0
0.999580897628,0.858946016439, 1.0
0.999833472835,0.859033518825, 0.0
0.999573570212,0.858941462882, 1.0
0.999828605416,0.859031195255, 1.0
0.158247704146,0.451589666405, 0.0
0.0906099313434,0.413376894407, 0.0
0.09179245161,0.415155351628, 0.0
0.0959604504461,0.417158372922, 1.0
0.273920270843,0.553805423799, 0.0
0.231220350651,0.531176943794, 1.0
0.465566440041,0.652340238478, 1.0
0.691250225999,0.745508442327, 1.0
0.847663497498,0.804600509104, 1.0
0.932333897776,0.835323245536, 1.0
0.971676340532,0.849273364344, 1.0
0.98851499328,0.855150959246, 1.0
0.995424405289,0.857534210286, 1.0
0.998196697317,0.858481396692, 1.0
0.999294551784,0.858853557448, 1.0
0.999725575003,0.85899870762, 1.0
0.158247704146,0.451589666405, 0.0
0.0906099313434,0.413376894407, 1.0
0.255975260647,0.544878721112, 0.0
0.214171112234,0.524302144862, 1.0
0.441970734707,0.643017692689, 1.0
0.670666729321,0.737741025517, 1.0
0.834926324117,0.799949503906, 0.0
0.695021138037,0.748522319507, 1.0
0.849877390764,0.80585362716, 1.0
0.933583867973,0.835900795268, 0.0
0.853199191474,0.806973608945, 1.0
0.935027429497,0.836376011871, 1.0
0.972894033707,0.849727231372, 1.0
0.989038987763,0.855340728643, 1.0
0.995642952022,0.857611794738, 0.0
0.989161777166,0.855321539396, 1.0
0.158247704146,0.451589666405, 1.0
0.380357093768,0.598374403533, 0.0
0.255975260647,0.544878721112, 1.0
0.486929255187,0.660476248644, 0.0
0.369080662884,0.613431290795, 0.0
0.324175358975,0.592670749297, 1.0
0.564406171116,0.697578270184, 1.0
0.766021380449,0.775100351379, 1.0
0.890703739269,0.82062790377, 0.0
0.780164729116,0.780489528226, 0.0
0.63766908947,0.728139824146, 1.0
0.814743838892,0.793527341381, 1.0
0.916330189353,0.829919986756, 1.0
0.964798025864,0.846958912332, 1.0
0.985727285903,0.854217359682, 1.0
0.994325096429,0.857167751583, 1.0
0.158247704146,0.451589666405, 0.0
0.0906099313434,0.413376894407, 1.0
0.255975260647,0.544878721112, 0.0
0.214171112234,0.524302144862, 1.0
0.441970734707,0.643017692689, 1.0
0.670666729321,0.737741025517, 1.0
0.834926324117,0.799949503906, 1.0
0.925989772329,0.833058501113, 1.0
0.96886715097,0.848287014847, 1.0
0.987342736397,0.854744614521, 0.0
0.968453313783,0.848024373826, 1.0
0.987051582662,0.854605130774, 1.0
0.994793902017,0.857305277585, 1.0
0.997933357791,0.858387672437, 1.0
0.999186768205,0.858815785823, 1.0
0.999682088676,0.858983655061, 1.0
0.158247704146,0.451589666405, 0.0
0.0906099313434,0.413376894407, 0.0
0.09179245161,0.415155351628, 0.0
0.0959604504461,0.417158372922, 0.0
0.100941966149,0.418604071648, 1.0
0.284012312562,0.557678127697, 1.0
0.522766849891,0.675214955552, 1.0
0.734440883681,0.76141125117, 1.0
0.872175926654,0.813322316757, 0.0
0.743332574606,0.766127928737, 1.0
0.877476101393,0.815656985663, 0.0
0.756409951261,0.77165332041, 1.0
0.884943993002,0.818546153243, 1.0
0.950302607229,0.84181748559, 1.0
0.979544120546,0.852057714812, 0.0
0.950122124467,0.841581355433, 1.0
0.158247704146,0.451589666405, 0.0
0.0906099313434,0.413376894407, 0.0
0.09179245161,0.415155351628, 0.0
0.0959604504461,0.417158372922, 0.0
0.100941966149,0.418604071648, 0.0
0.103147832243,0.418417003293, 1.0
0.288475231626,0.55897860222, 1.0
0.5280578884,0.677080636386, 0.0
0.398073505229,0.624417566077, 0.0
0.338397510995,0.596919453219, 1.0
0.580187798527,0.703161204227, 1.0
0.777414940062,0.779157583078, 1.0
0.896856551446,0.822793369201, 0.0
0.789425207415,0.783774273183, 0.0
0.64655035246,0.731257460246, 1.0
0.820435012453,0.795522885933, 1.0
0.158247704146,0.451589666405, 0.0
0.0906099313434,0.413376894407, 0.0
0.09179245161,0.415155351628, 0.0
0.0959604504461,0.417158372922, 0.0
0.100941966149,0.418604071648, 0.0
0.103147832243,0.418417003293, 0.0
0.102994335654,0.41717662304, 0.0
0.101732146604,0.415626897152, 1.0
0.286138366853,0.55697159992, 0.0
0.232202191908,0.529100143852, 1.0
0.467768912055,0.652363423027, 1.0
0.693290446032,0.746020970014, 1.0
0.84885518961,0.804957964175, 0.0
0.712651990524,0.75485641624, 1.0
0.860294600356,0.809545474615, 1.0
0.938605408513,0.837656097494, 1.0
0.158247704146,0.451589666405, 0.0
0.0906099313434,0.413376894407, 1.0
0.255975260647,0.544878721112, 1.0
0.486929255187,0.660476248644, 1.0
0.705213028635,0.750157169252, 1.0
0.854802470802,0.806893871386, 1.0
0.93543374759,0.836310035623, 1.0
0.972910337222,0.849665287439, 1.0
0.988986828818,0.855300753914, 0.0
0.972242183842,0.849338800941, 1.0
0.988616209209,0.855142221612, 1.0
0.995422232377,0.857519109914, 1.0
0.998181870454,0.858471638005, 1.0
0.999284148419,0.858848487454, 1.0
0.999720003532,0.858996320916, 0.0
0.999312701903,0.858853246171, 1.0
0.158247704146,0.451589666405, 0.0
0.0906099313434,0.413376894407, 0.0
0.09179245161,0.415155351628, 0.0
0.0959604504461,0.417158372922, 0.0
0.100941966149,0.418604071648, 0.0
0.103147832243,0.418417003293, 1.0
0.288475231626,0.55897860222, 0.0
0.235660289796,0.531609584787, 1.0
0.471797097227,0.654292409834, 1.0
0.696537954837,0.747332879065, 1.0
0.850809801857,0.80569384912, 1.0
0.933847966465,0.835845868018, 1.0
0.972328807317,0.849496699936, 0.0
0.932663178672,0.835297527879, 1.0
0.971650769904,0.849215332518, 1.0
0.988452054591,0.855112918466, 1.0
0.158247704146,0.451589666405, 1.0
0.380357093768,0.598374403533, 0.0
0.255975260647,0.544878721112, 0.0
0.214171112234,0.524302144862, 0.0
0.208785120356,0.516201578554, 0.0
0.205732126071,0.507052152549, 0.0
0.19570725323,0.493974072222, 1.0
0.429725743808,0.631046671851, 0.0
0.335748963374,0.587559185893, 1.0
0.580507992001,0.70075468133, 1.0
0.777918638966,0.778611433829, 1.0
0.896911368869,0.82259561742, 1.0
0.955803712405,0.843687133014, 0.0
0.896451106243,0.822343897336, 0.0
0.783662374813,0.781402582377, 0.0
0.636055874736,0.727345422576, 1.0
