0.0619866509082,0.331447065913, 0.0
0.023433951736,0.359238220297, 0.0
0.0103995614801,0.382245921804, 1.0
0.0352351222827,0.436486149934, 0.0
0.0233953217468,0.446284957316, 0.0
0.0255970526462,0.461091328004, 0.0
0.0318039426673,0.474857557345, 0.0
0.0384173605459,0.486274026246, 1.0
0.113442716456,0.552285032662, 0.0
0.0898524347048,0.536708046413, 1.0
0.205202823008,0.611382663911, 1.0
0.361346162947,0.685959626887, 0.0
0.249586617254,0.634168723658, 0.0
0.171369386272,0.595103495778, 0.0
0.126068866611,0.571328436647, 0.0
0.10267837694,0.558617979644, 0.0
0.0619866509082,0.331447065913, 0.0
0.023433951736,0.359238220297, 0.0
0.0103995614801,0.382245921804, 0.0
0.0066441873039,0.404439243286, 0.0
0.0100484056996,0.427365034855, 1.0
0.0425689748896,0.478514862056, 0.0
0.0416328368205,0.484475169193, 0.0
0.0439740929172,0.491911722123, 0.0
0.0476471747162,0.499045786601, 0.0
0.0514828327878,0.505280070384, 0.0
0.0550026442691,0.510542769711, 0.0
0.0580732622639,0.514941313802, 0.0
0.0607015428947,0.518621256821, 0.0
0.0629405306167,0.52171766533, 0.0
0.0648514101628,0.524342641603, 1.0
0.164915075487,0.59512619698, 0.0
