0.141760176153,0.40539952951, 0.0
0.0220826369433,0.331958787342, 0.0
0.00796882227566,0.366420173902, 0.0
0.011934812521,0.402755821088, 0.0
0.0182661163257,0.429047175193, 0.0
0.0235926048685,0.446450963203, 0.0
0.0274532569463,0.457689715411, 1.0
0.153916638732,0.637698866635, 0.0
0.0956012757818,0.577722165781, 1.0
0.297960458901,0.742229119908, 1.0
0.532611381738,0.839773829031, 1.0
0.715262717566,0.885449572659, 1.0
0.834300436567,0.906074949298, 1.0
0.905894106176,0.915586341341, 1.0
0.947262471749,0.920061566527, 1.0
0.970664376544,0.92219498789, 1.0
0.141760176153,0.40539952951, 0.0
0.0220826369433,0.331958787342, 0.0
0.00796882227566,0.366420173902, 1.0
0.0704597926397,0.524803202136, 0.0
0.0493017623153,0.500084779778, 1.0
0.210012175809,0.680821572936, 1.0
0.447658236967,0.808729972825, 1.0
0.655070349439,0.871847367747, 0.0
0.466688980913,0.810301009513, 1.0
0.662748989019,0.870589749404, 1.0
0.799631966751,0.898940990154, 1.0
0.884914883316,0.912202993992, 1.0
0.93510372832,0.918460512311, 1.0
0.963772924944,0.921435663826, 0.0
0.942301573469,0.9166095944, 1.0
0.967536736408,0.920611436005, 0.0
0.141760176153,0.40539952951, 0.0
0.0220826369433,0.331958787342, 0.0
0.00796882227566,0.366420173902, 1.0
0.0704597926397,0.524803202136, 0.0
0.0493017623153,0.500084779778, 0.0
0.0415397511955,0.488914034155, 1.0
0.192172529849,0.669574093661, 1.0
0.427884456097,0.802011293813, 1.0
0.640066024073,0.868620152447, 1.0
0.787059917223,0.898544106603, 1.0
0.87797964914,0.912111943637, 1.0
0.931278006291,0.918424027626, 1.0
0.961665094782,0.921412767976, 0.0
0.941446304869,0.916699539997, 1.0
0.967087061366,0.920655806717, 0.0
0.930158122806,0.913389071946, 1.0
0.141760176153,0.40539952951, 1.0
0.373770675143,0.63736494855, 1.0
0.643167954053,0.812379315047, 1.0
0.809560215533,0.884918780514, 1.0
0.896610347418,0.909213532289, 1.0
0.942984381904,0.917856247724, 1.0
0.968405935869,0.921327150632, 1.0
0.982494777974,0.922851870015, 1.0
0.99031485603,0.9235565921, 1.0
0.994649403341,0.923891550307, 1.0
0.997047623607,0.924053577666, 1.0
0.998372450184,0.924133010252, 1.0
0.999103428185,0.924172412898, 1.0
0.99950637737,0.924192176156, 1.0
0.999728345553,0.924202194054, 1.0
0.999850552084,0.924207323118, 1.0
0.141760176153,0.40539952951, 0.0
0.0220826369433,0.331958787342, 0.0
0.00796882227566,0.366420173902, 0.0
0.011934812521,0.402755821088, 0.0
0.0182661163257,0.429047175193, 0.0
0.0235926048685,0.446450963203, 1.0
0.141707195901,0.625597863308, 0.0
0.089337224626,0.569100955684, 1.0
0.287799162179,0.736121026121, 0.0
0.167837571598,0.654719707364, 1.0
0.395586720601,0.791091108679, 1.0
0.613283527963,0.862617465357, 1.0
0.769089196619,0.895550601235, 1.0
0.867041925568,0.910661834676, 1.0
0.924929376045,0.917727421849, 1.0
0.958067601547,0.921078183991, 1.0
0.141760176153,0.40539952951, 0.0
0.0220826369433,0.331958787342, 0.0
0.00796882227566,0.366420173902, 0.0
0.011934812521,0.402755821088, 0.0
0.0182661163257,0.429047175193, 0.0
0.0235926048685,0.446450963203, 0.0
0.0274532569463,0.457689715411, 1.0
0.153916638732,0.637698866635, 1.0
0.382376209024,0.783093415021, 0.0
0.225746589435,0.697254684206, 0.0
0.134188397834,0.628190956064, 1.0
0.353482306584,0.774413831491, 1.0
0.579309503659,0.854524983631, 1.0
0.746577456034,0.891811108957, 1.0
0.853401877049,0.908914002777, 1.0
0.91702271316,0.916898835738, 1.0
0.141760176153,0.40539952951, 0.0
0.0220826369433,0.331958787342, 0.0
0.00796882227566,0.366420173902, 1.0
0.0704597926397,0.524803202136, 0.0
0.0493017623153,0.500084779778, 0.0
0.0415397511955,0.488914034155, 0.0
0.0382526157027,0.483499939994, 1.0
0.184060623983,0.664020544724, 0.0
0.110802775597,0.596527223725, 0.0
0.075745326921,0.552968554173, 0.0
0.0584418540487,0.524747864098, 0.0
0.048837914388,0.506716240673, 1.0
0.210053962156,0.685431432164, 1.0
0.447275190284,0.810466841674, 1.0
0.654411483097,0.872309625226, 1.0
0.796177762719,0.900151279448, 1.0
0.141760176153,0.40539952951, 1.0
0.373770675143,0.63736494855, 1.0
0.643167954053,0.812379315047, 1.0
0.809560215533,0.884918780514, 1.0
0.896610347418,0.909213532289, 1.0
0.942984381904,0.917856247724, 1.0
0.968405935869,0.921327150632, 1.0
0.982494777974,0.922851870015, 1.0
0.99031485603,0.9235565921, 1.0
0.994649403341,0.923891550307, 1.0
0.997047623607,0.924053577666, 1.0
0.998372450184,0.924133010252, 0.0
0.998106380698,0.924038993113, 1.0
0.998951115368,0.924129523271, 0.0
0.998184306369,0.923969949044, 1.0
0.998988856941,0.924098788022, 1.0
0.141760176153,0.40539952951, 0.0
0.0220826369433,0.331958787342, 1.0
0.101376911092,0.484734144082, 0.0
0.0383714068229,0.456002293308, 0.0
0.030099478287,0.458115754857, 1.0
0.16010649431,0.639238360782, 0.0
0.0965465852396,0.576883203727, 0.0
0.0675703371544,0.538874423131, 1.0
0.249178699402,0.712793505089, 1.0
0.487204042851,0.824991828366, 0.0
0.305339404476,0.745239219508, 1.0
0.533222316036,0.839091533273, 1.0
0.713615138802,0.884411250694, 1.0
0.832677604891,0.905419633155, 1.0
0.90477846978,0.915246736544, 1.0
0.946580709285,0.919897369922, 1.0
0.141760176153,0.40539952951, 0.0
0.0220826369433,0.331958787342, 1.0
0.101376911092,0.484734144082, 0.0
0.0383714068229,0.456002293308, 1.0
0.176746760984,0.640090001284, 0.0
0.0972933331305,0.572021481728, 1.0
0.299915840283,0.739317690329, 1.0
0.53474913539,0.838946970028, 1.0
0.716962955692,0.885301616011, 1.0
0.835406057295,0.906071013601, 1.0
0.906548415452,0.915600495622, 1.0
0.947634008397,0.920072428431, 1.0
0.970871589374,0.922201458172, 1.0
0.983865582087,0.923225849371, 1.0
0.991085417144,0.923723550039, 0.0
0.988757098458,0.923057525369, 1.0
0.141760176153,0.40539952951, 1.0
0.373770675143,0.63736494855, 1.0
0.643167954053,0.812379315047, 1.0
0.809560215533,0.884918780514, 1.0
0.896610347418,0.909213532289, 1.0
0.942984381904,0.917856247724, 0.0
0.882415194112,0.903134806983, 1.0
0.934391998482,0.915110285443, 1.0
0.963389701261,0.920075613835, 1.0
0.979625162978,0.922276665081, 1.0
0.988693285753,0.923290357155, 0.0
0.980317499986,0.921520258549, 1.0
0.989011085259,0.922952147629, 1.0
0.993888214171,0.923616520045, 1.0
0.996610287567,0.923928020419, 0.0
0.993868850141,0.923367357569, 1.0
0.141760176153,0.40539952951, 0.0
0.0220826369433,0.331958787342, 1.0
0.101376911092,0.484734144082, 1.0
0.300689016364,0.682017191018, 1.0
0.54351847667,0.818266473441, 0.0
0.294670230355,0.710413742788, 1.0
0.527968606106,0.82634804353, 1.0
0.712170766578,0.880493440274, 1.0
0.832352407306,0.9041619272, 1.0
0.90467722622,0.914791428363, 1.0
0.946522933087,0.9197144774, 1.0
0.970227420503,0.922039441994, 1.0
0.983498135121,0.923151598062, 1.0
0.99087803957,0.923689231332, 1.0
0.994966004891,0.92395178547, 1.0
0.997225061568,0.924081337184, 0.0
0.141760176153,0.40539952951, 0.0
0.0220826369433,0.331958787342, 0.0
0.00796882227566,0.366420173902, 0.0
0.011934812521,0.402755821088, 0.0
0.0182661163257,0.429047175193, 1.0
0.123164348243,0.605831425144, 1.0
0.341393626115,0.763055076762, 1.0
0.571362101806,0.85053607454, 1.0
0.742033984379,0.890487522324, 0.0
0.578659153765,0.844209572633, 1.0
0.742011450465,0.88640888096, 0.0
0.551878573342,0.838736171594, 1.0
0.720827914329,0.882568460388, 1.0
0.835453260001,0.904173283444, 1.0
0.90592433668,0.914598628073, 0.0
0.82894236552,0.898006105686, 1.0
0.141760176153,0.40539952951, 0.0
0.0220826369433,0.331958787342, 0.0
0.00796882227566,0.366420173902, 0.0
0.011934812521,0.402755821088, 0.0
0.0182661163257,0.429047175193, 0.0
0.0235926048685,0.446450963203, 0.0
0.0274532569463,0.457689715411, 0.0
0.0300947149479,0.464898238813, 1.0
0.16180520371,0.645197665911, 1.0
0.392157133335,0.787571356133, 0.0
0.232636950195,0.702076782138, 1.0
0.46553622387,0.817353440023, 1.0
0.66585169788,0.874642951875, 1.0
0.802839462579,0.900984404777, 1.0
0.887196311809,0.913179609731, 1.0
0.936530491294,0.918916983391, 0.0
0.141760176153,0.40539952951, 0.0
0.0220826369433,0.331958787342, 0.0
0.00796882227566,0.366420173902, 0.0
0.011934812521,0.402755821088, 0.0
0.0182661163257,0.429047175193, 0.0
0.0235926048685,0.446450963203, 0.0
0.0274532569463,0.457689715411, 0.0
0.0300947149479,0.464898238813, 1.0
0.16180520371,0.645197665911, 1.0
0.392157133335,0.787571356133, 0.0
0.232636950195,0.702076782138, 1.0
0.46553622387,0.817353440023, 1.0
0.66585169788,0.874642951875, 1.0
0.802839462579,0.900984404777, 0.0
0.666578257312,0.866605529403, 1.0
0.79988454279,0.896652369368, 1.0
0.141760176153,0.40539952951, 0.0
0.0220826369433,0.331958787342, 0.0
0.00796882227566,0.366420173902, 1.0
0.0704597926397,0.524803202136, 0.0
0.0493017623153,0.500084779778, 0.0
0.0415397511955,0.488914034155, 1.0
0.192172529849,0.669574093661, 1.0
0.427884456097,0.802011293813, 0.0
0.257282777267,0.717113351957, 0.0
0.150511175898,0.64490915727, 1.0
0.374068906089,0.78428854186, 1.0
0.59577570734,0.859013998385, 0.0
0.409273892579,0.79438544347, 1.0
0.617917777343,0.862063732413, 1.0
0.770193903118,0.894691917869, 1.0
0.867163277287,0.910133475848, 1.0
0.141760176153,0.40539952951, 1.0
0.373770675143,0.63736494855, 0.0
0.101376911092,0.484734144082, 0.0
0.0383714068229,0.456002293308, 1.0
0.176746760984,0.640090001284, 1.0
0.410048974309,0.787177723464, 1.0
0.627379839911,0.862892198023, 1.0
0.779227379821,0.89633644437, 0.0
0.625546646097,0.854712487521, 0.0
0.396150515767,0.788460536823, 1.0
0.604552274464,0.858154406131, 1.0
0.760396702535,0.892567114064, 1.0
0.860951856321,0.90906966202, 0.0
0.75451352404,0.884918093989, 0.0
0.543553286801,0.839329655408, 1.0
0.711882638703,0.881304532375, 1.0
0.141760176153,0.40539952951, 0.0
0.0220826369433,0.331958787342, 1.0
0.101376911092,0.484734144082, 1.0
0.300689016364,0.682017191018, 0.0
0.124656032217,0.577614735089, 0.0
0.0682636150004,0.529771037571, 0.0
0.0506586289223,0.506889401705, 0.0
0.0434054480583,0.494557132661, 0.0
0.0397671239588,0.487582321214, 0.0
0.037792032757,0.483565982216, 1.0
0.183001207641,0.6638502463, 0.0
0.110662906369,0.5968468067, 1.0
0.3209777601,0.755270424871, 0.0
0.188608314239,0.673136078968, 1.0
0.419075984245,0.801267211231, 1.0
0.631174565743,0.86715518894, 1.0
0.141760176153,0.40539952951, 0.0
0.0220826369433,0.331958787342, 0.0
0.00796882227566,0.366420173902, 0.0
0.011934812521,0.402755821088, 1.0
0.0969442858278,0.573541947684, 0.0
0.0663413647916,0.533635441182, 0.0
0.0518469028216,0.510770504143, 0.0
0.0445343651256,0.497380083612, 0.0
0.0405541472616,0.489481813513, 1.0
0.190068949601,0.669569594013, 1.0
0.425344748867,0.80169800429, 0.0
0.256591189015,0.717574785626, 1.0
0.488791159891,0.825307930926, 1.0
0.6825306969,0.878207739861, 1.0
0.813332392662,0.902592903799, 1.0
0.893401462637,0.913926208136, 0.0
0.141760176153,0.40539952951, 0.0
0.0220826369433,0.331958787342, 0.0
0.00796882227566,0.366420173902, 0.0
0.011934812521,0.402755821088, 1.0
0.0969442858278,0.573541947684, 1.0
0.301711575236,0.740987327697, 1.0
0.537231866827,0.840037464693, 0.0
0.345643714825,0.762543170222, 1.0
0.568203833553,0.847980223833, 1.0
0.737664888587,0.888603137883, 1.0
0.847517953062,0.907393436668, 1.0
0.913460501379,0.916185168099, 1.0
0.951521752173,0.920347130113, 1.0
0.97303883833,0.922334749801, 1.0
0.985067247613,0.923291737753, 1.0
0.991749569069,0.92375655047, 1.0
0.141760176153,0.40539952951, 0.0
0.0220826369433,0.331958787342, 0.0
0.00796882227566,0.366420173902, 0.0
0.011934812521,0.402755821088, 1.0
0.0969442858278,0.573541947684, 0.0
0.0663413647916,0.533635441182, 1.0
0.246582110433,0.709178662073, 1.0
0.484934734116,0.823464312001, 0.0
0.301865879667,0.74239601178, 0.0
0.174928346043,0.667807528369, 0.0
0.113831827435,0.608669186719, 0.0
0.0816100418833,0.562992914775, 1.0
0.275808361392,0.731229926536, 1.0
0.512637530744,0.834188388311, 0.0
0.328709851146,0.757426468216, 0.0
0.191862473445,0.683111782416, 1.0
0.141760176153,0.40539952951, 0.0
0.0220826369433,0.331958787342, 1.0
0.101376911092,0.484734144082, 1.0
0.300689016364,0.682017191018, 1.0
0.54351847667,0.818266473441, 1.0
0.727591943156,0.879659915727, 1.0
0.843156007747,0.904599512738, 1.0
0.911268125243,0.915190721365, 1.0
0.950320054537,0.919948221005, 0.0
0.915173088869,0.912089891894, 1.0
0.952082427704,0.918537843647, 1.0
0.973185309067,0.921528290824, 1.0
0.985080220154,0.922930900396, 1.0
0.99172827054,0.92359481038, 1.0
0.99542473441,0.92391189417, 0.0
0.993280070205,0.923413993239, 1.0
