RMSE: 0.442123606883


Errors: (prediction - observation)

[ 0.40539953  0.33195879  0.36642017  0.40275582  0.42904718  0.44645096
 -0.54231028  0.63769887 -0.42227783 -0.25777088 -0.16022617 -0.11455043
 -0.09392505 -0.08441366 -0.07993843 -0.07780501  0.        ]
[ 0.40539953  0.33195879 -0.63357983  0.5248032  -0.49991522 -0.31917843
 -0.19127003  0.87184737 -0.18969899 -0.12941025 -0.10105901 -0.08779701
 -0.08153949  0.92143566 -0.08339041  0.92061144  0.        ]
[ 0.40539953  0.33195879 -0.63357983  0.5248032   0.50008478 -0.51108597
 -0.33042591 -0.19798871 -0.13137985 -0.10145589 -0.08788806 -0.08157597
  0.92141277 -0.08330046  0.92065581 -0.08661093  0.        ]
[-0.59460047 -0.36263505 -0.18762068 -0.11508122 -0.09078647 -0.08214375
 -0.07867285 -0.07714813 -0.07644341 -0.07610845 -0.07594642 -0.07586699
 -0.07582759 -0.07580782 -0.07579781 -0.07579268  0.        ]
[ 0.40539953  0.33195879  0.36642017  0.40275582  0.42904718 -0.55354904
  0.62559786 -0.43089904  0.73612103 -0.34528029 -0.20890889 -0.13738253
 -0.1044494  -0.08933817 -0.08227258 -0.07892182  0.        ]
[ 0.40539953  0.33195879  0.36642017  0.40275582  0.42904718  0.44645096
 -0.54231028 -0.36230113  0.78309342  0.69725468 -0.37180904 -0.22558617
 -0.14547502 -0.10818889 -0.091086   -0.08310116  0.        ]
[ 0.40539953  0.33195879 -0.63357983  0.5248032   0.50008478  0.48891403
 -0.51650006  0.66402054  0.59652722  0.55296855  0.52474786 -0.49328376
 -0.31456857 -0.18953316 -0.12769037 -0.09984872  0.        ]
[-0.59460047 -0.36263505 -0.18762068 -0.11508122 -0.09078647 -0.08214375
 -0.07867285 -0.07714813 -0.07644341 -0.07610845 -0.07594642  0.92413301
 -0.07596101  0.92412952 -0.07603005 -0.07590121  0.        ]
[ 0.40539953 -0.66804121  0.48473414  0.45600229 -0.54188425  0.63923836
  0.5768832  -0.46112558 -0.28720649  0.82499183 -0.25476078 -0.16090847
 -0.11558875 -0.09458037 -0.08475326 -0.08010263  0.        ]
[ 0.40539953 -0.66804121  0.48473414 -0.54399771  0.64009    -0.42797852
 -0.26068231 -0.16105303 -0.11469838 -0.09392899 -0.0843995  -0.07992757
 -0.07779854 -0.07677415  0.92372355 -0.07694247  0.        ]
[-0.59460047 -0.36263505 -0.18762068 -0.11508122 -0.09078647  0.91785625
 -0.09686519 -0.08488971 -0.07992439 -0.07772333  0.92329036 -0.07847974
 -0.07704785 -0.07638348  0.92392802 -0.07663264  0.        ]
[ 0.40539953 -0.66804121 -0.51526586 -0.31798281  0.81826647 -0.28958626
 -0.17365196 -0.11950656 -0.09583807 -0.08520857 -0.08028552 -0.07796056
 -0.0768484  -0.07631077 -0.07604821  0.92408134  0.        ]
[ 0.40539953  0.33195879  0.36642017  0.40275582 -0.57095282 -0.39416857
 -0.23694492 -0.14946393  0.89048752 -0.15579043  0.88640888 -0.16126383
 -0.11743154 -0.09582672  0.91459863 -0.10199389  0.        ]
[ 0.40539953  0.33195879  0.36642017  0.40275582  0.42904718  0.44645096
  0.45768972 -0.53510176 -0.35480233  0.78757136 -0.29792322 -0.18264656
 -0.12535705 -0.0990156  -0.08682039  0.91891698  0.        ]
[ 0.40539953  0.33195879  0.36642017  0.40275582  0.42904718  0.44645096
  0.45768972 -0.53510176 -0.35480233  0.78757136 -0.29792322 -0.18264656
 -0.12535705  0.9009844  -0.13339447 -0.10334763  0.        ]
[ 0.40539953  0.33195879 -0.63357983  0.5248032   0.50008478 -0.51108597
 -0.33042591  0.80201129  0.71711335 -0.35509084 -0.21571146  0.859014
 -0.20561456 -0.13793627 -0.10530808 -0.08986652  0.        ]
[-0.59460047  0.63736495  0.48473414 -0.54399771 -0.35991    -0.21282228
 -0.1371078   0.89633644  0.85471249 -0.21153946 -0.14184559 -0.10743289
  0.90906966  0.88491809 -0.16067034 -0.11869547  0.        ]
[ 0.40539953 -0.66804121 -0.51526586  0.68201719  0.57761474  0.52977104
  0.5068894   0.49455713  0.48758232 -0.51643402  0.66385025 -0.40315319
  0.75527042 -0.32686392 -0.19873279 -0.13284481  0.        ]
[ 0.40539953  0.33195879  0.36642017 -0.59724418  0.57354195  0.53363544
  0.5107705   0.49738008 -0.51051819 -0.33043041  0.801698   -0.28242521
 -0.17469207 -0.12179226 -0.0974071   0.91392621  0.        ]
[ 0.40539953  0.33195879  0.36642017 -0.59724418 -0.42645805 -0.25901267
  0.84003746 -0.23745683 -0.15201978 -0.11139686 -0.09260656 -0.08381483
 -0.07965287 -0.07766525 -0.07670826 -0.07624345  0.        ]
[ 0.40539953  0.33195879  0.36642017 -0.59724418  0.57354195 -0.46636456
 -0.29082134  0.82346431  0.74239601  0.66780753  0.60866919 -0.43700709
 -0.26877007  0.83418839  0.75742647 -0.31688822  0.        ]
[ 0.40539953 -0.66804121 -0.51526586 -0.31798281 -0.18173353 -0.12034008
 -0.09540049 -0.08480928  0.91994822 -0.08791011 -0.08146216 -0.07847171
 -0.0770691  -0.07640519  0.92391189 -0.07658601  0.        ]
