RMSE: 0.4308510406


Errors: (prediction - observation)

[-0.54841033  0.5983744  -0.45512128 -0.33952375 -0.24984283  0.80689387
 -0.24370012 -0.18984759 -0.1621048  -0.14962152 -0.14439424 -0.14228302
 -0.14144617 -0.14111799  0.85900981 -0.14110933  0.        ]
[ 0.45158967 -0.58662311 -0.45512128 -0.33952375 -0.24984283  0.80689387
 -0.24370012  0.81015241  0.76363124 -0.28882992  0.78243051  0.73284286
 -0.31001857  0.76759023  0.72019333 -0.31691017  0.        ]
[ 0.45158967  0.41337689  0.41515535  0.41715837  0.41860407  0.418417
  0.41717662  0.4156269   0.41420394  0.41306818  0.41222915  0.41163726
  0.41123141  0.41095802 -0.58922413  0.55143513  0.        ]
[ 0.45158967  0.41337689  0.41515535  0.41715837 -0.58139593 -0.44232187
 -0.32478504 -0.23858875 -0.18667768  0.83937515 -0.18726581 -0.16094074
 -0.14914536 -0.14420777 -0.14221137 -0.14141888  0.        ]
[ 0.45158967  0.41337689  0.41515535  0.41715837  0.41860407  0.418417
  0.41717662 -0.5843731   0.5569716  -0.47089986 -0.34763658  0.74602097
 -0.31235345 -0.23149897 -0.18288232 -0.15879618  0.        ]
[ 0.45158967  0.41337689  0.41515535 -0.58284163 -0.44619458  0.6706492
  0.62168067 -0.40305836 -0.29748418 -0.22138521 -0.17749951 -0.15633798
 -0.14715849 -0.14338803 -0.14188121 -0.14128775  0.        ]
[-0.54841033 -0.4016256  -0.29200184 -0.21759862 -0.17589091 -0.1558119
 -0.14701628 -0.14335812 -0.14187868 -0.14128988 -0.14105791 -0.14096718
 -0.14093188 -0.14091821 -0.14091294 -0.14091091  0.        ]
[ 0.45158967  0.41337689  0.41515535  0.41715837  0.41860407 -0.581583
  0.5589786  -0.46839042  0.65429241 -0.38792312 -0.28435449 -0.21293923
 -0.17319937 -0.15443015 -0.14636911 -0.14307227  0.        ]
[ 0.45158967  0.41337689  0.41515535  0.41715837  0.41860407  0.418417
 -0.58282338 -0.44162075  0.67691541  0.62380663 -0.40386246 -0.2973625
 -0.22115844 -0.17736827 -0.15628053 -0.1471359   0.        ]
[-0.54841033 -0.4016256  -0.29200184 -0.21759862 -0.17589091 -0.1558119
 -0.14701628 -0.14335812 -0.14187868 -0.14128988 -0.14105791  0.85903282
 -0.14105398  0.85903352 -0.14105854 -0.1409688   0.        ]
[ 0.45158967  0.41337689  0.41515535 -0.58284163  0.55380542 -0.46882306
 -0.34765976 -0.25449156 -0.19539949 -0.16467675 -0.15072664 -0.14484904
 -0.14246579 -0.1415186  -0.14114644 -0.14100129  0.        ]
[ 0.45158967 -0.58662311  0.54487872 -0.47569786 -0.35698231 -0.26225897
  0.7999495  -0.25147768 -0.19414637  0.8359008  -0.19302639 -0.16362399
 -0.15027277 -0.14465927  0.85761179 -0.14467846  0.        ]
[-0.54841033  0.5983744  -0.45512128  0.66047625  0.61343129 -0.40732925
 -0.30242173 -0.22489965  0.8206279   0.78048953 -0.27186018 -0.20647266
 -0.17008001 -0.15304109 -0.14578264 -0.14283225  0.        ]
[ 0.45158967 -0.58662311  0.54487872 -0.47569786 -0.35698231 -0.26225897
 -0.2000505  -0.1669415  -0.15171299  0.85474461 -0.15197563 -0.14539487
 -0.14269472 -0.14161233 -0.14118421 -0.14101634  0.        ]
[ 0.45158967  0.41337689  0.41515535  0.41715837 -0.58139593 -0.44232187
 -0.32478504 -0.23858875  0.81332232 -0.23387207  0.81565699 -0.22834668
 -0.18145385 -0.15818251  0.85205771 -0.15841864  0.        ]
[ 0.45158967  0.41337689  0.41515535  0.41715837  0.41860407 -0.581583
 -0.4410214   0.67708064  0.62441757 -0.40308055 -0.2968388  -0.22084242
  0.82279337  0.78377427 -0.26874254 -0.20447711  0.        ]
[ 0.45158967  0.41337689  0.41515535  0.41715837  0.41860407  0.418417
  0.41717662 -0.5843731   0.5569716  -0.47089986 -0.34763658 -0.25397903
  0.80495796 -0.24514358 -0.19045453 -0.1623439   0.        ]
[ 0.45158967 -0.58662311 -0.45512128 -0.33952375 -0.24984283 -0.19310613
 -0.16368996 -0.15033471  0.85530075 -0.1506612  -0.14485778 -0.14248089
 -0.14152836 -0.14115151  0.85899632 -0.14114675  0.        ]
[ 0.45158967  0.41337689  0.41515535  0.41715837  0.41860407 -0.581583
  0.5589786  -0.46839042 -0.34570759 -0.25266712 -0.19430615 -0.16415413
  0.8494967  -0.16470247 -0.15078467 -0.14488708  0.        ]
[-0.54841033  0.5983744   0.54487872  0.52430214  0.51620158  0.50705215
 -0.50602593  0.63104667 -0.41244081 -0.29924532 -0.22138857 -0.17740438
  0.84368713  0.8223439   0.78140258 -0.27265458  0.        ]
