0.46534317112,0.690367144666, 0.0
0.66141611321,0.431941843638, 0.0
0.787804629048,0.377636904965, 0.0
0.86644579403,0.493038467927, 1.0
0.920350750864,0.199865311187, 0.0
0.950175556517,0.652664647386, 1.0
0.970093489246,0.629766855318, 0.0
0.980625855068,0.624031753572, 0.0
0.987443696729,0.64423550576, 1.0
0.992482191656,0.822662340631, 1.0
0.995432275373,0.210412828113, 0.0
0.997134793569,0.645899587866, 1.0
0.998285115301,0.585407068981, 1.0
0.998978849036,0.510291723205, 0.0
0.999343444903,0.806135550711, 1.0
0.999601717204,0.754818982088, 0.0
0.999738596677,0.596388738929, 0.0
0.999830708514,0.765912773518, 1.0
0.999897655964,0.671010414457, 1.0
0.999938623782,0.73631236478, 1.0
0.999962988669,0.889043082448, 1.0
0.999977388495,0.925792782178, 1.0
0.999986142105,0.722621048058, 1.0
0.999991653062,0.832759876593, 1.0
0.999994925105,0.740778673857, 1.0
0.999996938564,0.849454569734, 1.0
0.999998136002,0.625816281988, 1.0
0.999998886401,0.475691711587, 1.0
0.999999342993,0.52583949398, 0.0
0.999999576997,0.815360543619, 1.0
0.999999743199,0.746791128402, 1.0
0.999999845005,0.58277217061, 0.0
0.999999899734,0.594253895086, 1.0
0.999999940257,0.807244100727, 1.0
0.999999963756,0.791699623073, 1.0
0.999999978041,0.540403907097, 1.0
0.999999986974,0.69986048656, 1.0
0.999999992169,0.438837726851, 1.0
0.999999995394,0.381759484708, 0.0
0.99999999707,0.495812743448, 0.0
0.999999998118,0.200902444714, 0.0
0.99999999882,0.653614461893, 1.0
0.999999999294,0.630352456774, 0.0
0.999999999541,0.624413393038, 1.0
0.999999999726,0.644477562713, 1.0
0.999999999836,0.210474440884, 0.0
0.999999999897,0.822755984302, 1.0
0.999999999938,0.645954725957, 1.0
0.999999999963,0.585441913403, 1.0
0.46534317112,0.690367144666, 1.0
0.674163442222,0.43220146643, 0.0
0.795643275443,0.377789195967, 0.0
0.871328543971,0.493139895612, 1.0
0.923288406882,0.199903563168, 0.0
0.952009485342,0.652699607982, 1.0
0.971196786139,0.629788459051, 1.0
0.982760665895,0.624073805909, 0.0
0.988825233689,0.644262138649, 0.0
0.992740634743,0.822665559862, 1.0
0.995589330086,0.210414946581, 0.0
0.997233297582,0.645901483479, 0.0
0.998201140755,0.585405362717, 0.0
0.998836222578,0.699839822812, 1.0
0.99930034483,0.438823477246, 0.0
0.999552798724,0.38175079647, 0.0
0.999715498424,0.495806833655, 1.0
0.999831864464,0.200900255402, 0.0
0.999894602278,0.653612452695, 0.0
0.999931412061,0.630351113763, 0.0
0.999955453252,0.624412515548, 0.0
0.999971081986,0.644477005245, 1.0
0.999982696499,0.822755768766, 1.0
0.999989488548,0.2104742991, 0.0
0.999993405627,0.645954599056, 0.0
0.999995711417,0.585441826265, 0.0
0.46534317112,0.690367144666, 1.0
0.674163442222,0.43220146643, 1.0
0.803530461642,0.491731549369, 0.0
0.875456493985,0.199280731413, 0.0
0.922184132452,0.652131040597, 0.0
0.949709741905,0.629367719741, 1.0
0.9698675601,0.623819832475, 0.0
0.980489108773,0.644101437127, 1.0
0.988314342714,0.822610424878, 0.0
0.99229583596,0.210370521551, 1.0
0.995548949274,0.645869069845, 1.0
0.997335750932,0.585387779023, 1.0
0.998413452602,0.381728660995, 0.0
0.998990725072,0.736296759831, 1.0
0.999391362111,0.651739935113, 0.0
0.999604006581,0.765909318503, 1.0
0.999760603074,0.671007863225, 1.0
0.999856431611,0.80724219588, 1.0
0.999912900842,0.791698399928, 1.0
0.99994722928,0.582771099782, 0.0
0.999965862716,0.893677950962, 1.0
0.999979136044,0.891901152273, 1.0
0.99998725036,0.510312688197, 0.0
0.999991801974,0.806144193111, 1.0
0.999995026958,0.540403804535, 0.0
0.999996794304,0.596393946926, 1.0
0.999998089558,0.535568493093, 1.0
0.999998867241,0.740778738068, 1.0
0.999999316662,0.849454595769, 1.0
0.99999958394,0.594253888707, 1.0
0.999999752093,0.815360545869, 1.0
0.999999849498,0.889043394805, 1.0
0.999999908053,0.9257929155, 1.0
0.999999943648,0.86238348436, 1.0
0.999999965652,0.625816317979, 1.0
0.999999979479,0.589137812418, 1.0
0.999999987778,0.699860486574, 1.0
0.999999992653,0.43883772686, 1.0
0.999999995678,0.381759484714, 0.0
0.999999997251,0.495812743452, 0.0
0.999999998234,0.200902444715, 0.0
0.999999998893,0.653614461894, 1.0
0.999999999337,0.630352456775, 0.0
0.99999999957,0.624413393038, 0.0
0.999999999721,0.644477562713, 0.0
0.999999999818,0.822755984301, 1.0
0.99999999989,0.210474440884, 0.0
0.999999999931,0.645954725957, 1.0
0.999999999959,0.585441913403, 1.0
0.46534317112,0.690367144666, 0.0
0.66141611321,0.431941843638, 1.0
0.795643275443,0.377789195967, 0.0
0.871328543971,0.493139895612, 0.0
0.918067973128,0.199835586545, 0.0
0.948750653211,0.652637484135, 1.0
0.969236130877,0.629750067324, 0.0
0.980071901595,0.62402084158, 0.0
0.987085289082,0.644228596476, 0.0
0.991611611621,0.822651496472, 0.0
0.994467596153,0.210399815822, 0.0
0.996529769876,0.645887944777, 0.0
0.997743859762,0.58539607131, 1.0
0.998656510286,0.815343283568, 0.0
0.999113774024,0.726771284725, 1.0
0.999465999282,0.77348770786, 0.0
0.999648970359,0.814824425202, 1.0
0.999786900588,0.696795157032, 0.0
0.999860820244,0.766845408382, 1.0
0.999915853224,0.732979791282, 0.0
0.999944872738,0.651750511663, 0.0
0.999964131205,0.475690992488, 0.0
0.999977002617,0.52583902996, 1.0
0.99998637519,0.540403625311, 0.0
0.999991217253,0.807243984943, 1.0
0.999994671758,0.791699548726, 1.0
0.999996771788,0.740778703937, 1.0
0.999998052578,0.84945458193, 0.0
0.999998711448,0.754825221422, 1.0
0.999999221753,0.746791120034, 1.0
0.999999530282,0.8890433921, 1.0
0.999999713033,0.925792914346, 1.0
0.999999824127,0.765915350898, 1.0
0.999999893678,0.832759974708, 1.0
0.999999935357,0.510312951922, 1.0
0.999999961752,0.589137812059, 1.0
0.99999997722,0.72262128292, 1.0
0.999999986279,0.736313374971, 1.0
0.999999991726,0.59639401142, 0.0
0.999999994641,0.699860486696, 1.0
0.999999996779,0.438837726944, 0.0
0.999999997941,0.381759484758, 0.0
0.99999999869,0.495812743481, 0.0
0.999999999159,0.200902444727, 0.0
0.999999999473,0.653614461905, 0.0
0.999999999657,0.630352456782, 0.0
0.999999999777,0.624413393042, 1.0
0.999999999867,0.644477562716, 0.0
0.999999999913,0.822755984302, 1.0
0.999999999947,0.210474440885, 1.0
0.99999999997,0.645954725957, 1.0
0.999999999982,0.585441913404, 1.0
0.46534317112,0.690367144666, 0.0
0.66141611321,0.431941843638, 0.0
0.787804629048,0.377636904965, 0.0
0.86644579403,0.493038467927, 0.0
0.9149863545,0.199795459989, 0.0
0.946827387701,0.652600820493, 1.0
0.968078726382,0.629727404106, 0.0
0.97932421238,0.624006113306, 0.0
0.986601587944,0.644219271818, 1.0
0.991977669867,0.822656056183, 1.0
0.995125673986,0.210408692452, 0.0
0.996942497021,0.645895887307, 1.0
0.998170004882,0.585404730073, 1.0
0.998910297943,0.740761007228, 1.0
0.999342610568,0.849447406003, 0.0
0.999565058523,0.651743254125, 0.0
0.999717012978,0.594248180449, 0.0
0.999816763524,0.889041843341, 1.0
0.999888054233,0.925792253293, 0.0
0.999925442592,0.893677620908, 1.0
0.999954432128,0.891900947619, 1.0
0.999972154169,0.806143931212, 1.0
0.999983108305,0.74679086145, 0.0
0.999988920662,0.726786007481, 1.0
0.999993324299,0.773495566254, 0.0
0.999995611427,0.814828889674, 1.0
0.999997335855,0.69679891414, 0.0
0.999998259955,0.766847497374, 1.0
0.99999894799,0.732981169873, 0.0
0.999999310789,0.582772159737, 1.0
0.999999589731,0.526205607137, 0.0
0.999999735847,0.807244098014, 1.0
0.999999839746,0.79169962133, 0.0
0.999999894486,0.86238348386, 1.0
0.999999935685,0.815360548228, 0.0
0.999999957569,0.765915352932, 1.0
0.999999974349,0.671012319108, 0.0
0.999999983283,0.829045284107, 1.0
0.999999989839,0.824610824191, 1.0
0.999999993827,0.639684622319, 1.0
0.999999996308,0.714087011033, 1.0
0.999999997778,0.921335724196, 1.0
0.999999998638,0.828685886748, 0.0
0.999999999101,0.7611910812, 1.0
0.999999999457,0.540403907541, 1.0
0.999999999678,0.62252333936, 0.0
0.999999999791,0.475691734624, 1.0
0.999999999877,0.525839507624, 0.0
0.999999999921,0.722621283305, 0.0
0.999999999948,0.596394011585, 0.0
0.999999999966,0.5745242041, 0.0
0.999999999978,0.777624710599, 1.0
0.999999999987,0.589137812834, 1.0
0.999999999992,0.673735713246, 1.0
0.999999999995,0.537810751936, 0.0
0.999999999997,0.625816318655, 1.0
0.999999999998,0.705341455696, 1.0
0.999999999999,0.832759975974, 1.0
0.999999999999,0.359917065708, 0.0
1.0,0.53556853271, 1.0
1.0,0.699860486791, 1.0
1.0,0.43883772701, 0.0
1.0,0.381759484798, 0.0
1.0,0.495812743509, 1.0
1.0,0.200902444738, 0.0
1.0,0.653614461915, 1.0
1.0,0.630352456788, 1.0
1.0,0.624413393047, 1.0
1.0,0.644477562719, 0.0
1.0,0.822755984303, 1.0
1.0,0.210474440886, 0.0
1.0,0.645954725958, 1.0
1.0,0.585441913404, 1.0
0.46534317112,0.690367144666, 1.0
0.674163442222,0.43220146643, 1.0
0.803530461642,0.37794243001, 1.0
0.883087032407,0.493384150648, 0.0
0.925497217472,0.199932324665, 0.0
0.953388595438,0.652725898267, 0.0
0.969792806573,0.629760967629, 0.0
0.980431569738,0.624027926463, 1.0
0.988298992293,0.644251993912, 0.0
0.992399128451,0.822661305975, 0.0
0.99498653866,0.210406815694, 1.0
0.99710430245,0.645899001094, 1.0
0.998266863189,0.585406698119, 0.0
0.998878736051,0.754807619402, 1.0
0.999322763854,0.832751912615, 1.0
0.999588237555,0.673728079157, 1.0
0.999753003932,0.705337114403, 1.0
0.999851444423,0.806142322188, 1.0
0.999909883686,0.889042632438, 1.0
0.999944944776,0.925792590102, 1.0
0.999966258336,0.740778206927, 1.0
0.999979645282,0.849454380403, 1.0
0.999987606746,0.736313171171, 0.0
0.999991878428,0.815360444683, 1.0
0.99999506946,0.829045224588, 1.0
0.999997003209,0.59639395114, 0.0
0.999998059161,0.746791101377, 1.0
0.999998828589,0.510312928912, 1.0
0.999999306895,0.80724409232, 1.0
0.999999579513,0.791699617674, 1.0
0.99999974524,0.671012314843, 1.0
0.99999984722,0.76591535125, 0.0
0.999999899628,0.699860485009, 1.0
0.99999993966,0.438837725781, 1.0
0.999999964509,0.381759484108, 1.0
0.999999979223,0.495812743077, 0.0
0.999999986656,0.200902444564, 0.0
0.999999991635,0.653614461756, 1.0
0.999999994991,0.63035245669, 1.0
0.999999997006,0.624413392988, 0.0
0.999999998057,0.644477562681, 1.0
0.999999998837,0.822755984288, 1.0
0.999999999294,0.210474440876, 0.0
0.999999999557,0.645954725949, 1.0
0.999999999735,0.585441913399, 1.0
0.46534317112,0.690367144666, 1.0
0.674163442222,0.43220146643, 1.0
0.803530461642,0.491731549369, 0.0
0.875456493985,0.379339825293, 1.0
0.926332372939,0.199943199441, 0.0
0.953910081428,0.652735839471, 1.0
0.972339987898,0.629810844164, 0.0
0.98207774113,0.624060353391, 1.0
0.989284229036,0.644270987035, 0.0
0.993038527237,0.822669270484, 0.0
0.995407945669,0.210412499937, 0.0
0.997119534165,0.645899294213, 1.0
0.998275980964,0.540368194123, 0.0
0.998888811589,0.62579446022, 1.0
0.999336110379,0.438824205677, 1.0
0.99960948948,0.381751897871, 0.0
0.999751563367,0.49580758282, 0.0
0.999840450086,0.200900367197, 1.0
0.999907964411,0.65361270742, 0.0
0.999940107445,0.630351284028, 1.0
0.999964204927,0.624412687941, 0.0
0.999976763215,0.644477114766, 1.0
0.999986095946,0.822755811111, 0.0
0.999990821093,0.210474317074, 1.0
0.999994701162,0.645954623987, 1.0
0.999996828975,0.585441848972, 0.0
0.999997948203,0.699860450359, 1.0
0.46534317112,0.690367144666, 0.0
0.66141611321,0.431941843638, 0.0
0.787804629048,0.377636904965, 0.0
0.86644579403,0.493038467927, 0.0
0.9149863545,0.199795459989, 0.0
0.946827387701,0.652600820493, 1.0
0.968078726382,0.629727404106, 1.0
0.980891436047,0.62403698509, 0.0
0.987615539458,0.644238818496, 0.0
0.991955646332,0.822655781853, 1.0
0.995112289958,0.210408511919, 1.0
0.997176971354,0.645900399536, 0.0
0.998164527581,0.585404618781, 1.0
0.998907036053,0.699841080173, 0.0
0.999286037593,0.438823185853, 0.0
0.999543654297,0.38175061881, 0.0
0.999709681036,0.495806712813, 0.0
0.999813553116,0.200900016965, 0.0
0.999883123653,0.653612233875, 1.0
0.999930011297,0.630351086335, 1.0
0.999958170894,0.624412569081, 0.0
0.999972846167,0.644477039254, 0.0
0.999982343008,0.822755764363, 1.0
0.999989273811,0.210474296203, 1.0
0.99999380794,0.645954606798, 0.0
0.999995973057,0.585441831581, 1.0
0.46534317112,0.690367144666, 1.0
0.674163442222,0.43220146643, 1.0
0.803530461642,0.37794243001, 0.0
0.876245426933,0.493242032331, 1.0
0.926244612938,0.199942056695, 1.0
0.957122976937,0.652797087618, 0.0
0.972203703107,0.629808175562, 1.0
0.983364171873,0.624085694006, 0.0
0.989215881732,0.644269669454, 0.0
0.992994167643,0.82266871793, 1.0
0.995743398964,0.210417024773, 0.0
0.997329929726,0.64590334307, 0.0
0.998263954425,0.585406639017, 1.0
0.998966247279,0.893669788525, 1.0
0.999368183769,0.891896090978, 1.0
0.999613903326,0.359909757003, 0.0
0.999754811892,0.832757056697, 0.0
0.999838002393,0.510309585283, 0.0
0.999895836514,0.596391910548, 1.0
0.999937923175,0.625815097528, 0.0
0.999959697454,0.594253082954, 0.0
0.999973903251,0.475691194676, 0.0
0.999983267983,0.525839160095, 0.0
0.999989227391,0.806144158792, 0.0
0.999992898423,0.537810604737, 0.0
0.99999542321,0.807244040771, 1.0
0.999997223392,0.791699584573, 0.0
0.999998171841,0.754825212941, 1.0
0.999998895845,0.829045270936, 1.0
0.999999328893,0.705341443901, 0.0
0.99999956136,0.740778749374, 1.0
0.99999973539,0.849454600354, 0.0
0.999999824915,0.76591535091, 1.0
0.999999894154,0.671012317615, 1.0
0.999999936524,0.815360548239, 1.0
0.999999961464,0.736313374563, 0.0
0.999999974747,0.526205615134, 0.0
0.999999983741,0.746791132262, 1.0
0.999999990186,0.889043395997, 1.0
0.999999994005,0.925792916009, 0.0
0.999999996007,0.722621283239, 0.0
0.999999997386,0.582772173711, 0.0
0.999999998309,0.862383484916, 0.0
0.99999999888,0.540403907529, 0.0
0.999999999278,0.699860486778, 1.0
0.999999999566,0.438837727001, 1.0
0.999999999745,0.381759484793, 0.0
0.999999999838,0.495812743505, 1.0
0.999999999904,0.200902444737, 0.0
0.99999999994,0.653614461914, 1.0
0.999999999964,0.630352456788, 1.0
0.999999999978,0.624413393046, 1.0
0.999999999987,0.644477562718, 0.0
0.999999999992,0.822755984303, 1.0
0.999999999995,0.210474440886, 0.0
0.999999999997,0.645954725958, 1.0
0.999999999998,0.585441913404, 0.0
0.46534317112,0.690367144666, 1.0
0.674163442222,0.43220146643, 0.0
0.795643275443,0.377789195967, 0.0
0.871328543971,0.493139895612, 1.0
0.923288406882,0.199903563168, 0.0
0.952009485342,0.652699607982, 0.0
0.968902865027,0.629743541622, 0.0
0.979856594957,0.624016600386, 1.0
0.987954829649,0.644245359239, 0.0
0.992175799907,0.82265852414, 1.0
0.99524607989,0.210410316574, 0.0
0.997018013706,0.645897340551, 1.0
0.998215210094,0.58540564859, 1.0
0.998937218867,0.740761445722, 0.0
0.999303346864,0.849446976135, 0.0
0.999539083036,0.824605129393, 1.0
0.999719956893,0.639679193944, 1.0
0.999832497733,0.714084116836, 1.0
0.99989918168,0.921335094774, 0.0
0.999932879304,0.828685072427, 1.0
0.999959205117,0.761190451104, 1.0
0.999975347727,0.726785779141, 1.0
0.999985146107,0.773495444379, 0.0
0.999990235134,0.814828820432, 1.0
0.999994072099,0.696798855869, 0.0
0.999996128285,0.766847464974, 1.0
0.999997659208,0.732981148491, 1.0
0.999998588848,0.765915332072, 1.0
0.999999146902,0.671012303705, 1.0
0.999999488395,0.596394001267, 1.0
0.999999695108,0.889043393497, 1.0
0.999999813731,0.925792914942, 1.0
0.999999885841,0.806144300866, 0.0
0.999999924744,0.537810750376, 0.0
0.999999951499,0.832759975396, 1.0
0.999999970512,0.574524203498, 1.0
0.999999982459,0.582772173407, 0.0
0.999999988652,0.540403907317, 0.0
0.999999992685,0.594253896964, 1.0
0.999999995642,0.807244101462, 1.0
0.999999997356,0.791699623545, 1.0
0.999999998398,0.82904528429, 1.0
0.999999999026,0.589137812815, 1.0
0.99999999942,0.722621283297, 1.0
0.999999999651,0.622523339359, 1.0
0.999999999791,0.815360549052, 1.0
0.999999999873,0.359917065706, 0.0
0.99999999992,0.705341455695, 1.0
0.999999999952,0.746791132522, 1.0
0.999999999971,0.625816318654, 0.0
0.999999999981,0.475691734628, 1.0
0.999999999989,0.525839507626, 0.0
0.999999999993,0.673735713246, 1.0
0.999999999996,0.777624710599, 0.0
0.999999999997,0.893678229712, 1.0
0.999999999998,0.891901325115, 1.0
0.999999999999,0.862383484933, 1.0
0.999999999999,0.53556853271, 0.0
1.0,0.651751565042, 1.0
1.0,0.526205615659, 0.0
1.0,0.699860486791, 1.0
1.0,0.43883772701, 1.0
1.0,0.381759484798, 0.0
1.0,0.495812743509, 0.0
1.0,0.200902444738, 0.0
1.0,0.653614461915, 1.0
1.0,0.630352456788, 1.0
1.0,0.624413393047, 0.0
1.0,0.644477562719, 1.0
1.0,0.822755984303, 1.0
1.0,0.210474440886, 0.0
1.0,0.645954725958, 1.0
1.0,0.585441913404, 1.0
0.46534317112,0.690367144666, 1.0
0.674163442222,0.43220146643, 1.0
0.803530461642,0.37794243001, 1.0
0.883087032407,0.493384150648, 0.0
0.925497217472,0.199932324665, 0.0
0.953388595438,0.652725898267, 1.0
0.972026336437,0.629804702533, 1.0
0.983257869794,0.624083600026, 0.0
0.989147069734,0.644268342916, 0.0
0.992949506985,0.822668161626, 0.0
0.995349271631,0.210411708499, 0.0
0.99708273434,0.645898586037, 1.0
0.998253952396,0.585406435787, 1.0
0.998960290845,0.740761821523, 1.0
0.999372771128,0.849447736207, 1.0
0.999618098117,0.535560613023, 1.0
0.999773553428,0.622518870565, 1.0
0.999864750936,0.807242306306, 1.0
0.999917947975,0.791698470835, 1.0
0.999950287191,0.589136805103, 1.0
0.999970391458,0.540403294205, 1.0
0.99998243709,0.829045071577, 1.0
0.999989325229,0.673735515335, 1.0
0.999993596844,0.88904334182, 1.0
0.999996088092,0.925792892885, 1.0
0.999997602512,0.537810702241, 1.0
0.999998578191,0.746791109706, 1.0
0.999999141855,0.359917049464, 0.0
0.999999455031,0.475691723353, 1.0
0.999999678476,0.525839500948, 1.0
0.999999809513,0.625816314908, 0.0
0.999999876328,0.705341453522, 1.0
0.999999925619,0.832759975088, 1.0
0.999999954776,0.722621282539, 1.0
0.999999972761,0.777624710199, 1.0
0.999999983516,0.582772173429, 0.0
0.999999989337,0.765915353416, 1.0
0.999999993554,0.671012319465, 1.0
0.999999996134,0.594253897033, 1.0
0.999999997697,0.893678229694, 1.0
0.999999998592,0.891901325104, 1.0
0.99999999914,0.651751565025, 1.0
0.999999999485,0.726786193862, 1.0
0.99999999969,0.773495665733, 1.0
0.999999999812,0.814828946193, 1.0
0.999999999886,0.696798961704, 1.0
0.999999999932,0.76684752382, 1.0
0.999999999959,0.732981187326, 1.0
0.999999999975,0.526205615658, 1.0
0.999999999985,0.806144302388, 1.0
0.999999999991,0.815360549055, 1.0
0.999999999995,0.862383484933, 1.0
0.999999999997,0.574524204101, 0.0
0.999999999998,0.824610824316, 1.0
0.999999999999,0.639684622439, 1.0
0.999999999999,0.714087011096, 1.0
1.0,0.92133572421, 1.0
1.0,0.828685886764, 1.0
1.0,0.761191081214, 0.0
1.0,0.596394011587, 1.0
1.0,0.699860486791, 1.0
1.0,0.43883772701, 1.0
1.0,0.381759484798, 1.0
1.0,0.495812743509, 1.0
1.0,0.200902444738, 0.0
1.0,0.653614461915, 1.0
1.0,0.630352456788, 1.0
1.0,0.624413393047, 1.0
1.0,0.644477562719, 1.0
1.0,0.822755984303, 1.0
1.0,0.210474440886, 1.0
1.0,0.645954725958, 1.0
1.0,0.585441913404, 1.0
0.46534317112,0.690367144666, 1.0
0.674163442222,0.43220146643, 0.0
0.795643275443,0.377789195967, 0.0
0.871328543971,0.493139895612, 0.0
0.918067973128,0.199835586545, 0.0
0.948750653211,0.652637484135, 1.0
0.969236130877,0.629750067324, 1.0
0.981585351222,0.624050654102, 1.0
0.988989550136,0.644265306296, 0.0
0.992847274973,0.822666888199, 1.0
0.995654134298,0.210415820707, 0.0
0.997273942744,0.645902265655, 0.0
0.998227561147,0.585405899549, 1.0
0.998944574229,0.651731397834, 0.0
0.999313343685,0.754814449884, 0.0
0.999549343166,0.829039825685, 1.0
0.999726087099,0.589132260327, 1.0
0.999836857677,0.777622310126, 1.0
0.999901275179,0.806142986417, 1.0
0.999940111942,0.535567290782, 1.0
0.999964490431,0.699859856285, 1.0
0.999978652876,0.438837292237, 0.0
0.999986354932,0.381759219698, 0.0
0.999991319057,0.495812563182, 1.0
0.999994869808,0.200902377936, 0.0
0.999996784065,0.653614400609, 1.0
0.999998074222,0.630352419079, 1.0
0.999998849053,0.624413370375, 0.0
0.999999252847,0.644477548315, 1.0
0.999999552931,0.822755978734, 1.0
0.999999728417,0.210474437222, 0.0
0.999999829622,0.645954722679, 0.0
0.999999889196,0.585441911153, 1.0
0.46534317112,0.635665778775, 0.0
0.66211060735,0.693860938236, 1.0
0.794010035584,0.434642362653, 1.0
0.876931985544,0.379368491478, 0.0
0.92219236616,0.494196472295, 0.0
0.950288245719,0.20025513508, 0.0
0.968878340127,0.65302118274, 1.0
0.981336150051,0.629986998642, 1.0
0.988834999656,0.624193460509, 0.0
0.992758963376,0.644337972007, 1.0
0.995665707675,0.822701995291, 1.0
0.99736674497,0.210438921638, 0.0
0.998348143968,0.740751850749, 1.0
0.999003457456,0.849443692878, 1.0
0.999393228808,0.58275982484, 0.0
0.999607497999,0.625808597661, 0.0
0.999745180517,0.540398628911, 0.0
0.999835742617,0.754822660133, 1.0
0.999900792812,0.594251893012, 1.0
0.999940887525,0.862382883667, 1.0
0.999963968638,0.53781000509, 0.0
0.99997677873,0.824610537403, 1.0
0.999985891412,0.639684348951, 1.0
0.999991561336,0.714086865285, 1.0
0.999994920865,0.9213356925, 1.0
0.99999688835,0.828685849012, 1.0
0.999998108792,0.761191052003, 1.0
0.999998857148,0.746791114183, 1.0
0.999999310222,0.806144293193, 1.0
0.99999958157,0.705341448342, 1.0
0.999999748338,0.893678227657, 1.0
0.99999984619,0.891901323841, 1.0
0.999999906009,0.526205613706, 0.0
0.999999939484,0.475691733376, 1.0
0.999999964296,0.525839506885, 1.0
0.999999978847,0.807244101239, 0.0
0.999999986054,0.791699623386, 1.0
0.999999991551,0.589137812663, 1.0
0.999999994968,0.722621283221, 1.0
0.999999996969,0.535568532648, 1.0
0.999999998203,0.777624710573, 1.0
0.999999998912,0.510312953244, 1.0
0.999999999357,0.574524204088, 0.0
0.999999999584,0.3599170657, 0.0
0.999999999736,0.829045284307, 1.0
0.999999999839,0.726786193868, 1.0
0.999999999903,0.773495665736, 1.0
0.999999999941,0.814828946195, 1.0
0.999999999964,0.696798961705, 1.0
0.999999999979,0.766847523821, 1.0
0.999999999987,0.732981187326, 1.0
0.999999999992,0.673735713246, 1.0
0.999999999995,0.622523339366, 0.0
0.999999999997,0.832759975974, 1.0
0.999999999998,0.88904339608, 1.0
0.999999999999,0.925792916045, 1.0
0.999999999999,0.651751565042, 1.0
1.0,0.815360549055, 1.0
1.0,0.736313375197, 0.0
1.0,0.765915353579, 1.0
1.0,0.671012319585, 1.0
1.0,0.596394011587, 1.0
1.0,0.699860486791, 1.0
1.0,0.43883772701, 1.0
1.0,0.381759484798, 0.0
1.0,0.495812743509, 1.0
1.0,0.200902444738, 0.0
1.0,0.653614461915, 1.0
1.0,0.630352456788, 1.0
1.0,0.624413393047, 1.0
1.0,0.644477562719, 1.0
1.0,0.822755984303, 1.0
1.0,0.210474440886, 0.0
1.0,0.645954725958, 0.0
1.0,0.585441913404, 1.0
0.46534317112,0.690367144666, 1.0
0.674163442222,0.43220146643, 1.0
0.803530461642,0.37794243001, 0.0
0.876245426933,0.493242032331, 0.0
0.921173148493,0.19987601984, 1.0
0.954150102895,0.652740415054, 1.0
0.972484345309,0.629813670837, 1.0
0.983532366724,0.624089007174, 0.0
0.989324761009,0.644271768399, 0.0
0.993064834041,0.822669598168, 0.0
0.995425284944,0.210412733821, 0.0
0.997130409224,0.645899503493, 1.0
0.998282490817,0.585407015654, 0.0
0.998888845065,0.740760657799, 0.0
0.99927164142,0.849446629016, 1.0
0.999556522168,0.537801559682, 1.0
0.999736992166,0.722616818545, 0.0
0.999827849315,0.57452068425, 0.0
0.999888713887,0.806142818978, 0.0
0.999926638195,0.475690216742, 1.0
0.999956717416,0.525838608627, 1.0
0.999974357179,0.705341004989, 0.0
0.99998323973,0.832759776422, 1.0
0.999989809841,0.765915198277, 1.0
0.999993839639,0.67101220491, 0.0
0.999995985207,0.862383444097, 1.0
0.999997552829,0.510312902389, 0.0
0.999998426467,0.746791107271, 1.0
0.99999905028,0.526205595933, 0.0
0.99999938852,0.622523327299, 0.0
0.999999603113,0.582772165687, 0.0
0.999999743253,0.58913780763, 0.0
0.999999833822,0.54040390411, 0.0
0.999999892879,0.625816316547, 0.0
0.999999930453,0.673735711956, 1.0
0.999999958283,0.594253896269, 1.0
0.999999975143,0.777624710234, 1.0
0.999999984958,0.596394011283, 1.0
0.999999991036,0.754825241533, 0.0
0.999999994116,0.535568532588, 1.0
0.999999996511,0.829045284268, 1.0
0.99999999788,0.651751565001, 1.0
0.99999999873,0.736313375176, 0.0
0.999999999168,0.893678229706, 1.0
0.999999999492,0.891901325111, 1.0
0.999999999689,0.359917065702, 0.0
0.999999999803,0.824610824314, 1.0
0.99999999988,0.639684622437, 1.0
0.999999999928,0.714087011095, 1.0
0.999999999957,0.92133572421, 1.0
0.999999999974,0.828685886764, 1.0
0.999999999984,0.761191081214, 1.0
0.99999999999,0.72678619387, 1.0
0.999999999994,0.773495665737, 1.0
0.999999999996,0.814828946196, 1.0
0.999999999998,0.696798961706, 0.0
0.999999999999,0.766847523821, 1.0
0.999999999999,0.732981187326, 1.0
0.999999999999,0.88904339608, 1.0
1.0,0.925792916045, 1.0
1.0,0.80724410152, 0.0
1.0,0.791699623582, 1.0
1.0,0.815360549055, 1.0
1.0,0.699860486791, 1.0
1.0,0.43883772701, 1.0
1.0,0.381759484798, 1.0
1.0,0.495812743509, 1.0
1.0,0.200902444738, 0.0
1.0,0.653614461915, 1.0
1.0,0.630352456788, 1.0
1.0,0.624413393047, 1.0
1.0,0.644477562719, 1.0
1.0,0.822755984303, 1.0
1.0,0.210474440886, 0.0
1.0,0.645954725958, 1.0
1.0,0.585441913404, 0.0
0.46534317112,0.690367144666, 0.0
0.66141611321,0.431941843638, 1.0
0.795643275443,0.377789195967, 0.0
0.871328543971,0.493139895612, 1.0
0.923288406882,0.199903563168, 0.0
0.952009485342,0.652699607982, 1.0
0.971196786139,0.629788459051, 0.0
0.981338833239,0.624045798094, 0.0
0.9879050429,0.644244399464, 1.0
0.992758574562,0.822665783325, 1.0
0.99560023196,0.210415093633, 0.0
0.997240135221,0.645901615062, 0.0
0.998205585381,0.585405453027, 0.0
0.998839097632,0.889033558634, 1.0
0.999290752191,0.925788717092, 1.0
0.999565320751,0.740771676374, 1.0
0.999737775229,0.849451732355, 1.0
0.999840339987,0.746788570342, 1.0
0.999903635251,0.832758828629, 1.0
0.999941410613,0.777623848516, 1.0
0.999964545018,0.673735055909, 0.0
0.999976888247,0.806143994315, 1.0
0.999985980069,0.510312661787, 1.0
0.999991704619,0.807243991412, 0.0
0.99999453096,0.791699546747, 1.0
0.999996686484,0.754825189597, 1.0
0.999997998733,0.722621249334, 1.0
0.99999879459,0.596393987273, 1.0
0.999999281633,0.651751551315, 1.0
0.999999569892,0.736313368116, 1.0
0.999999740635,0.705341451137, 1.0
0.999999844007,0.765915351201, 0.0
0.999999897517,0.671012317677, 1.0
0.999999938541,0.815360548265, 1.0
0.999999962689,0.535568531937, 1.0
0.999999977877,0.829045284042, 1.0
0.999999986554,0.47569173435, 1.0
0.999999992067,0.525839507462, 0.0
0.999999994892,0.589137812731, 1.0
0.999999996958,0.699860486737, 1.0
0.999999998171,0.438837726973, 1.0
0.999999998924,0.381759484777, 0.0
0.999999999316,0.495812743494, 0.0
0.999999999561,0.200902444732, 0.0
0.999999999724,0.65361446191, 1.0
0.999999999835,0.630352456785, 0.0
0.999999999893,0.624413393045, 0.0
0.99999999993,0.644477562717, 1.0
0.999999999958,0.822755984302, 1.0
0.999999999975,0.210474440885, 1.0
0.999999999985,0.645954725958, 1.0
0.999999999991,0.585441913404, 0.0
0.46534317112,0.690367144666, 1.0
0.674163442222,0.43220146643, 0.0
0.795643275443,0.377789195967, 0.0
0.871328543971,0.493139895612, 0.0
0.918067973128,0.199835586545, 0.0
0.948750653211,0.652637484135, 1.0
0.969236130877,0.629750067324, 1.0
0.981585351222,0.624050654102, 1.0
0.988989550136,0.644265306296, 1.0
0.993408231585,0.822673875612, 0.0
0.995651633812,0.210415786978, 0.0
0.997272374437,0.645902235475, 1.0
0.998367471117,0.585408742353, 0.0
0.99894381655,0.736295987591, 0.0
0.999307932836,0.889037531527, 1.0
0.999577187904,0.925790412875, 1.0
0.999740870403,0.80724066199, 0.0
0.999829163909,0.791697223511, 1.0
0.999896495381,0.510310801372, 0.0
0.999933446885,0.596392669171, 0.0
0.999956897818,0.722620551614, 1.0
0.999974038507,0.765914957917, 1.0
0.999984305225,0.671012027428, 1.0
0.999990587804,0.829045170304, 0.0
0.999993783097,0.754825143966, 1.0
0.999996245172,0.815360500801, 1.0
0.999997720475,0.746791095942, 1.0
0.999998624173,0.832759959593, 1.0
0.999999163504,0.622523322858, 0.0
0.999999457064,0.475691723395, 1.0
0.999999679676,0.525839500973, 1.0
0.999999810224,0.574524200221, 1.0
0.999999887109,0.726786191971, 1.0
0.999999931979,0.773495664724, 1.0
0.999999958852,0.814828945666, 1.0
0.999999975021,0.69679896126, 0.0
0.999999983685,0.766847523574, 1.0
0.999999990136,0.732981187163, 1.0
0.999999994054,0.589137812714, 0.0
0.999999996151,0.651751564968, 1.0
0.999999997696,0.777624710565, 1.0
0.999999998606,0.806144302369, 0.0
0.999999999081,0.740778756503, 1.0
0.999999999445,0.849454603245, 1.0
0.999999999662,0.89367822971, 1.0
0.999999999794,0.891901325114, 1.0
0.999999999874,0.824610824315, 1.0
0.999999999923,0.639684622437, 1.0
0.999999999954,0.714087011096, 1.0
0.999999999972,0.92133572421, 1.0
0.999999999983,0.828685886764, 1.0
0.99999999999,0.761191081214, 0.0
0.999999999993,0.53556853271, 0.0
0.999999999996,0.699860486791, 1.0
0.999999999997,0.43883772701, 0.0
0.999999999998,0.381759484798, 0.0
0.999999999999,0.495812743509, 0.0
0.999999999999,0.200902444738, 1.0
1.0,0.653614461915, 0.0
1.0,0.630352456788, 0.0
1.0,0.624413393047, 1.0
1.0,0.644477562719, 1.0
1.0,0.822755984303, 1.0
1.0,0.210474440886, 1.0
1.0,0.645954725958, 1.0
1.0,0.585441913404, 0.0
0.46534317112,0.690367144666, 0.0
0.66141611321,0.431941843638, 1.0
0.795643275443,0.377789195967, 0.0
0.871328543971,0.493139895612, 0.0
0.918067973128,0.199835586545, 0.0
0.948750653211,0.652637484135, 0.0
0.966800802662,0.629702380992, 0.0
0.978498839301,0.623989854784, 0.0
0.986067702223,0.644208979716, 1.0
0.991657788434,0.822652071662, 1.0
0.994931275888,0.21040607027, 0.0
0.996820574662,0.64589354103, 0.0
0.997932871033,0.585399911795, 0.0
0.998662693175,0.535540800319, 0.0
0.999138382996,0.824600178488, 1.0
0.999476495182,0.63967447456, 1.0
0.999686872162,0.714081600581, 1.0
0.999811529698,0.921334547538, 0.0
0.999874525629,0.828684364455, 1.0
0.999923738583,0.761189903294, 1.0
0.999953915313,0.765914651232, 1.0
0.999972139921,0.671011800971, 1.0
0.999983292231,0.829045081935, 1.0
0.999989844986,0.540403697189, 0.0
0.999993453931,0.806144215131, 1.0
0.99999602906,0.746791068799, 1.0
0.999997603303,0.596393963244, 0.0
0.999998447805,0.736313349644, 1.0
0.999999063991,0.594253878203, 0.0
0.999999393913,0.582772161429, 0.0
0.999999607922,0.77762470483, 0.0
0.999999742159,0.510312947906, 1.0
0.999999847439,0.740778754033, 1.0
0.999999907968,0.849454602243, 0.0
0.999999939105,0.625816317457, 0.0
0.999999960464,0.832759975503, 1.0
0.999999975963,0.815360548746, 0.0
0.999999984141,0.80724410131, 1.0
0.999999990379,0.791699623447, 1.0
0.999999994171,0.754825241582, 0.0
0.999999996174,0.889043396048, 0.0
0.99999999746,0.92579291603, 1.0
0.999999998443,0.699860486763, 0.0
0.999999998983,0.438837726989, 1.0
0.999999999402,0.381759484786, 0.0
0.999999999619,0.495812743501, 0.0
0.999999999756,0.200902444735, 0.0
0.999999999847,0.653614461912, 1.0
0.999999999908,0.630352456786, 0.0
0.99999999994,0.624413393046, 1.0
0.999999999964,0.644477562718, 0.0
0.999999999977,0.822755984303, 0.0
0.999999999985,0.210474440886, 0.0
0.99999999999,0.645954725958, 0.0
0.999999999994,0.585441913404, 0.0
0.46534317112,0.690367144666, 1.0
0.674163442222,0.43220146643, 0.0
0.795643275443,0.377789195967, 0.0
0.871328543971,0.493139895612, 1.0
0.923288406882,0.199903563168, 0.0
0.952009485342,0.652699607982, 1.0
0.971196786139,0.629788459051, 1.0
0.982760665895,0.624073805909, 0.0
0.988825233689,0.644262138649, 1.0
0.993309804794,0.822672649584, 0.0
0.995586754448,0.210414911839, 0.0
0.997231682147,0.645901452391, 0.0
0.998200090684,0.585405341381, 1.0
0.998928214866,0.58275036094, 0.0
0.999306719986,0.53779638187, 0.0
0.999553220513,0.832754656495, 1.0
0.999728357631,0.722616671967, 0.0
0.999822197768,0.736310448097, 0.0
0.999883484231,0.651749338644, 1.0
0.999930238163,0.81535965253, 0.0
0.999953975355,0.86238301679, 0.0
0.999969513273,0.359916488603, 0.0
0.999980639278,0.754824937392, 0.0
0.999987292556,0.510312689074, 0.0
0.999991829106,0.596393846775, 1.0
0.999995130535,0.589137714125, 1.0
0.999997099794,0.746791085981, 0.0
0.999998097739,0.889043379961, 0.0
0.99999873705,0.925792908568, 1.0
0.999999225977,0.740778743911, 1.0
0.99999953307,0.849454598139, 1.0
0.999999715703,0.807244097746, 0.0
0.999999812566,0.791699620949, 0.0
0.999999876591,0.475691732075, 1.0
0.999999927191,0.525839506114, 1.0
0.999999956864,0.765915352921, 1.0
0.999999973923,0.6710123191, 0.0
0.999999983005,0.526205615306, 0.0
0.999999989058,0.699860486597, 0.0
0.999999992851,0.438837726864, 1.0
0.999999995795,0.381759484716, 0.0
0.999999997325,0.495812743453, 0.0
0.999999998282,0.200902444716, 0.0
0.999999998923,0.653614461894, 0.0
0.999999999299,0.630352456775, 0.0
0.999999999545,0.624413393038, 0.0
0.999999999705,0.644477562713, 1.0
0.999999999823,0.822755984301, 0.0
0.999999999883,0.210474440884, 0.0
0.999999999927,0.645954725957, 0.0
0.999999999952,0.585441913403, 0.0
0.46534317112,0.690367144666, 1.0
0.674163442222,0.43220146643, 1.0
0.803530461642,0.37794243001, 0.0
0.876245426933,0.493242032331, 0.0
0.921173148493,0.19987601984, 0.0
0.950688936778,0.652674434069, 1.0
0.970402359628,0.62977290333, 1.0
0.982284474985,0.624064425715, 1.0
0.989407947909,0.644273372053, 0.0
0.993118826112,0.822670270707, 0.0
0.99546087239,0.21041321385, 0.0
0.997152729427,0.645899933024, 0.0
0.998148769955,0.585404298605, 1.0
0.998897651924,0.832746851115, 1.0
0.999329761096,0.815351935665, 1.0
0.999593096586,0.746784602645, 1.0
0.999754406364,0.726782062203, 1.0
0.999852019656,0.773493460479, 1.0
0.999910481865,0.81482779327, 1.0
0.999945656629,0.69679799146, 0.0
0.999964506651,0.766846984346, 1.0
0.999978541125,0.732980831311, 1.0
0.999987063458,0.754825038357, 1.0
0.999992186705,0.740778629254, 1.0
0.99999528662,0.849454551648, 1.0
0.999997130194,0.58913775466, 1.0
0.999998290772,0.736313347059, 0.0
0.999998879904,0.722621264292, 1.0
0.99999932534,0.82461081598, 1.0
0.999999590096,0.639684614493, 1.0
0.999999754827,0.71408700686, 1.0
0.999999852433,0.921335723289, 1.0
0.999999909596,0.828685885667, 1.0
0.999999945054,0.761191080365, 1.0
0.999999966796,0.705341455113, 1.0
0.99999998003,0.622523338972, 1.0
0.999999988073,0.807244101362, 1.0
0.999999992764,0.79169962348, 1.0
0.999999995616,0.651751564958, 1.0
0.999999997375,0.475691734574, 1.0
0.999999998451,0.525839507594, 0.0
0.999999999003,0.596394011566, 0.0
0.999999999354,0.510312953253, 0.0
0.999999999585,0.574524204092, 0.0
0.999999999732,0.89367822971, 1.0
0.999999999836,0.891901325114, 1.0
0.9999999999,0.765915353577, 1.0
0.999999999939,0.671012319584, 0.0
0.999999999961,0.88904339608, 0.0
0.999999999974,0.925792916045, 1.0
0.999999999984,0.699860486791, 1.0
0.99999999999,0.43883772701, 1.0
0.999999999994,0.381759484798, 1.0
0.999999999997,0.495812743509, 1.0
0.999999999998,0.200902444738, 0.0
0.999999999999,0.653614461915, 1.0
0.999999999999,0.630352456788, 1.0
1.0,0.624413393047, 1.0
1.0,0.644477562719, 1.0
1.0,0.822755984303, 1.0
1.0,0.210474440886, 0.0
1.0,0.645954725958, 0.0
1.0,0.585441913404, 0.0
