RMSE: 0.454517918225


Errors: (prediction - observation)

[ 0.69036714  0.43194184  0.3776369  -0.50696153  0.19986531 -0.34733535
  0.62976686  0.62403175 -0.35576449 -0.17733766  0.21041283 -0.35410041
 -0.41459293  0.51029172 -0.19386445  0.75481898  0.59638874 -0.23408723
 -0.32898959 -0.26368764 -0.11095692 -0.07420722 -0.27737895 -0.16724012
 -0.25922133 -0.15054543 -0.37418372 -0.52430829  0.52583949 -0.18463946
 -0.25320887  0.58277217 -0.4057461  -0.1927559  -0.20830038 -0.45959609
 -0.30013951 -0.56116227  0.38175948  0.49581274  0.20090244 -0.34638554
  0.63035246 -0.37558661 -0.35552244  0.21047444 -0.17724402 -0.35404527
 -0.41455809  0.          0.          0.          0.          0.          0.
  0.          0.          0.          0.          0.          0.          0.
  0.          0.          0.          0.          0.          0.          0.
  0.          0.          0.          0.          0.          0.          0.
  0.          0.          0.          0.        ]
[-0.30963286  0.43220147  0.3777892  -0.5068601   0.19990356 -0.34730039
 -0.37021154  0.62407381  0.64426214 -0.17733444  0.21041495  0.64590148
  0.58540536 -0.30016018  0.43882348  0.3817508  -0.50419317  0.20090026
  0.65361245  0.63035111  0.62441252 -0.35552299 -0.17724423  0.2104743
  0.6459546   0.58544183  0.          0.          0.          0.          0.
  0.          0.          0.          0.          0.          0.          0.
  0.          0.          0.          0.          0.          0.          0.
  0.          0.          0.          0.          0.          0.          0.
  0.          0.          0.          0.          0.          0.          0.
  0.          0.          0.          0.          0.          0.          0.
  0.          0.          0.          0.          0.          0.          0.
  0.          0.          0.          0.          0.          0.          0.        ]
[-0.30963286 -0.56779853  0.49173155  0.19928073  0.65213104 -0.37063228
  0.62381983 -0.35589856  0.82261042 -0.78962948 -0.35413093 -0.41461222
  0.38172866 -0.26370324  0.65173994 -0.23409068 -0.32899214 -0.1927578
 -0.2083016   0.5827711  -0.10632205 -0.10809885  0.51031269 -0.19385581
  0.5404038  -0.40360605 -0.46443151 -0.25922126 -0.1505454  -0.40574611
 -0.18463945 -0.11095661 -0.07420708 -0.13761652 -0.37418368 -0.41086219
 -0.30013951 -0.56116227  0.38175948  0.49581274  0.20090244 -0.34638554
  0.63035246  0.62441339  0.64447756 -0.17724402  0.21047444 -0.35404527
 -0.41455809  0.          0.          0.          0.          0.          0.
  0.          0.          0.          0.          0.          0.          0.
  0.          0.          0.          0.          0.          0.          0.
  0.          0.          0.          0.          0.          0.          0.
  0.          0.          0.          0.        ]
[ 0.69036714 -0.56805816  0.3777892   0.4931399   0.19983559 -0.34736252
  0.62975007  0.62402084  0.6442286   0.8226515   0.21039982  0.64588794
 -0.41460393  0.81534328 -0.27322872  0.77348771 -0.18517557  0.69679516
 -0.23315459  0.73297979  0.65175051  0.47569099 -0.47416097  0.54040363
 -0.19275602 -0.20830045 -0.2592213   0.84945458 -0.24517478 -0.25320888
 -0.11095661 -0.07420709 -0.23408465 -0.16724003 -0.48968705 -0.41086219
 -0.27737872 -0.26368663  0.59639401 -0.30013951  0.43883773  0.38175948
  0.49581274  0.20090244  0.65361446  0.63035246 -0.37558661  0.64447756
 -0.17724402 -0.78952556 -0.35404527 -0.41455809  0.          0.          0.
  0.          0.          0.          0.          0.          0.          0.
  0.          0.          0.          0.          0.          0.          0.
  0.          0.          0.          0.          0.          0.          0.
  0.          0.          0.          0.        ]
[ 0.69036714  0.43194184  0.3776369   0.49303847  0.19979546 -0.34739918
  0.6297274   0.62400611 -0.35578073 -0.17734394  0.21040869 -0.35410411
 -0.41459527 -0.25923899  0.84944741  0.65174325  0.59424818 -0.11095816
  0.92579225 -0.10632238 -0.10809905 -0.19385607  0.74679086 -0.27321399
  0.77349557 -0.18517111  0.69679891 -0.2331525   0.73298117 -0.41722784
  0.52620561 -0.1927559   0.79169962 -0.13761652  0.81536055 -0.23408465
  0.67101232 -0.17095472 -0.17538918 -0.36031538 -0.28591299 -0.07866428
  0.82868589 -0.23880892 -0.45959609  0.62252334 -0.52430827  0.52583951
  0.72262128  0.59639401  0.5745242  -0.22237529 -0.41086219 -0.32626429
  0.53781075 -0.37418368 -0.29465854 -0.16724002  0.35991707 -0.46443147
 -0.30013951  0.43883773  0.38175948 -0.50418726  0.20090244 -0.34638554
 -0.36964754 -0.37558661  0.64447756 -0.17724402  0.21047444 -0.35404527
 -0.41455809  0.          0.          0.          0.          0.          0.
  0.        ]
[-0.30963286 -0.56779853 -0.62205757  0.49338415  0.19993232  0.6527259
  0.62976097 -0.37597207  0.64425199  0.82266131 -0.78959318 -0.354101
  0.5854067  -0.24519238 -0.16724809 -0.32627192 -0.29466289 -0.19385768
 -0.11095737 -0.07420741 -0.25922179 -0.15054562  0.73631317 -0.18463956
 -0.17095478  0.59639395 -0.2532089  -0.48968707 -0.19275591 -0.20830038
 -0.32898769  0.76591535 -0.30013951 -0.56116227 -0.61824052  0.49581274
  0.20090244 -0.34638554 -0.36964754  0.62441339 -0.35552244 -0.17724402
  0.21047444 -0.35404527 -0.41455809  0.          0.          0.          0.
  0.          0.          0.          0.          0.          0.          0.
  0.          0.          0.          0.          0.          0.          0.
  0.          0.          0.          0.          0.          0.          0.
  0.          0.          0.          0.          0.          0.          0.
  0.          0.          0.        ]
[-0.30963286 -0.56779853  0.49173155 -0.62066017  0.1999432  -0.34726416
  0.62981084 -0.37593965  0.64427099  0.82266927  0.2104125  -0.35410071
  0.54036819 -0.37420554 -0.56117579  0.3817519   0.49580758 -0.79909963
  0.65361271 -0.36964872  0.62441269 -0.35552289  0.82275581 -0.78952568
 -0.35404538  0.58544185 -0.30013955  0.          0.          0.          0.
  0.          0.          0.          0.          0.          0.          0.
  0.          0.          0.          0.          0.          0.          0.
  0.          0.          0.          0.          0.          0.          0.
  0.          0.          0.          0.          0.          0.          0.
  0.          0.          0.          0.          0.          0.          0.
  0.          0.          0.          0.          0.          0.          0.
  0.          0.          0.          0.          0.          0.          0.        ]
[ 0.69036714  0.43194184  0.3776369   0.49303847  0.19979546 -0.34739918
 -0.3702726   0.62403699  0.64423882 -0.17734422 -0.78959149  0.6459004
 -0.41459538  0.69984108  0.43882319  0.38175062  0.49580671  0.20090002
 -0.34638777 -0.36964891  0.62441257  0.64447704 -0.17724424 -0.7895257
  0.64595461 -0.41455817  0.          0.          0.          0.          0.
  0.          0.          0.          0.          0.          0.          0.
  0.          0.          0.          0.          0.          0.          0.
  0.          0.          0.          0.          0.          0.          0.
  0.          0.          0.          0.          0.          0.          0.
  0.          0.          0.          0.          0.          0.          0.
  0.          0.          0.          0.          0.          0.          0.
  0.          0.          0.          0.          0.          0.          0.        ]
[-0.30963286 -0.56779853  0.37794243 -0.50675797 -0.80005794  0.65279709
 -0.37019182  0.62408569  0.64426967 -0.17733128  0.21041702  0.64590334
 -0.41459336 -0.10633021 -0.10810391  0.35990976  0.83275706  0.51030959
 -0.40360809  0.6258151   0.59425308  0.47569119  0.52583916  0.80614416
  0.5378106  -0.19275596  0.79169958 -0.24517479 -0.17095473  0.70534144
 -0.25922125  0.8494546  -0.23408465 -0.32898768 -0.18463945  0.73631337
  0.52620562 -0.25320887 -0.1109566   0.92579292  0.72262128  0.58277217
  0.86238348  0.54040391 -0.30013951 -0.56116227  0.38175948 -0.50418726
  0.20090244 -0.34638554 -0.36964754 -0.37558661  0.64447756 -0.17724402
  0.21047444 -0.35404527  0.58544191  0.          0.          0.          0.
  0.          0.          0.          0.          0.          0.          0.
  0.          0.          0.          0.          0.          0.          0.
  0.          0.          0.          0.          0.        ]
[-0.30963286  0.43220147  0.3777892  -0.5068601   0.19990356  0.65269961
  0.62974354 -0.3759834   0.64424536 -0.17734148  0.21041032 -0.35410266
 -0.41459435  0.74076145  0.84944698 -0.17539487 -0.36032081 -0.28591588
  0.92133509 -0.17131493 -0.23880955 -0.27321422  0.77349544 -0.18517118
  0.69679886 -0.23315254 -0.26701885 -0.23408467 -0.3289877  -0.403606
 -0.11095661 -0.07420709  0.8061443   0.53781075 -0.16724002 -0.4254758
  0.58277217  0.54040391 -0.4057461  -0.1927559  -0.20830038 -0.17095472
 -0.41086219 -0.27737872 -0.37747666 -0.18463945  0.35991707 -0.29465854
 -0.25320887  0.62581632 -0.52430827  0.52583951 -0.32626429  0.77762471
 -0.10632177 -0.10809867 -0.13761652  0.53556853 -0.34824843  0.52620562
 -0.30013951 -0.56116227  0.38175948  0.49581274  0.20090244 -0.34638554
 -0.36964754  0.62441339 -0.35552244 -0.17724402  0.21047444 -0.35404527
 -0.41455809  0.          0.          0.          0.          0.          0.
  0.        ]
[-0.30963286 -0.56779853 -0.62205757  0.49338415  0.19993232 -0.3472741
 -0.3701953   0.6240836   0.64426834  0.82266816  0.21041171 -0.35410141
 -0.41459356 -0.25923818 -0.15055226 -0.46443939 -0.37748113 -0.19275769
 -0.20830153 -0.41086319 -0.45959671 -0.17095493 -0.32626448 -0.11095666
 -0.07420711 -0.4621893  -0.25320889  0.35991705 -0.52430828 -0.4741605
  0.62581631 -0.29465855 -0.16724002 -0.27737872 -0.22237529  0.58277217
 -0.23408465 -0.32898768 -0.4057461  -0.10632177 -0.10809867 -0.34824843
 -0.27321381 -0.22650433 -0.18517105 -0.30320104 -0.23315248 -0.26701881
 -0.47379438 -0.1938557  -0.18463945 -0.13761652  0.5745242  -0.17538918
 -0.36031538 -0.28591299 -0.07866428 -0.17131411  0.76119108 -0.40360599
 -0.30013951 -0.56116227 -0.61824052 -0.50418726  0.20090244 -0.34638554
 -0.36964754 -0.37558661 -0.35552244 -0.17724402 -0.78952556 -0.35404527
 -0.41455809  0.          0.          0.          0.          0.          0.
  0.        ]
[-0.30963286  0.43220147  0.3777892   0.4931399   0.19983559 -0.34736252
 -0.37024993 -0.37594935  0.64426531 -0.17733311  0.21041582  0.64590227
 -0.4145941   0.6517314   0.75481445 -0.17096017 -0.41086774 -0.22237769
 -0.19385701 -0.46443271 -0.30014014  0.43883729  0.38175922 -0.50418744
  0.20090238 -0.3463856  -0.36964758  0.62441337 -0.35552245 -0.17724402
  0.21047444  0.64595472 -0.41455809  0.          0.          0.          0.
  0.          0.          0.          0.          0.          0.          0.
  0.          0.          0.          0.          0.          0.          0.
  0.          0.          0.          0.          0.          0.          0.
  0.          0.          0.          0.          0.          0.          0.
  0.          0.          0.          0.          0.          0.          0.
  0.          0.          0.          0.          0.          0.          0.
  0.        ]
[ 0.63566578 -0.30613906 -0.56535764  0.37936849  0.49419647  0.20025514
 -0.34697882 -0.370013    0.62419346 -0.35566203 -0.177298    0.21043892
 -0.25924815 -0.15055631  0.58275982  0.6258086   0.54039863 -0.24517734
 -0.40574811 -0.13761712  0.53781001 -0.17538946 -0.36031565 -0.28591313
 -0.07866431 -0.17131415 -0.23880895 -0.25320889 -0.19385571 -0.29465855
 -0.10632177 -0.10809868  0.52620561 -0.52430827 -0.47416049  0.8072441
 -0.20830038 -0.41086219 -0.27737872 -0.46443147 -0.22237529 -0.48968705
  0.5745242   0.35991707 -0.17095472 -0.27321381 -0.22650433 -0.18517105
 -0.30320104 -0.23315248 -0.26701881 -0.32626429  0.62252334 -0.16724002
 -0.1109566  -0.07420708 -0.34824843 -0.18463945  0.73631338 -0.23408465
 -0.32898768 -0.40360599 -0.30013951 -0.56116227  0.38175948 -0.50418726
  0.20090244 -0.34638554 -0.36964754 -0.37558661 -0.35552244 -0.17724402
  0.21047444  0.64595473 -0.41455809  0.          0.          0.          0.
  0.        ]
[-0.30963286 -0.56779853  0.37794243  0.49324203 -0.80012398 -0.34725958
 -0.37018633  0.62408901  0.64427177  0.8226696   0.21041273 -0.3541005
  0.58540702  0.74076066 -0.15055337 -0.46219844  0.72261682  0.57452068
  0.80614282 -0.52430978 -0.47416139  0.705341   -0.16724022 -0.2340848
  0.6710122  -0.13761656  0.5103129  -0.25320889  0.5262056   0.62252333
  0.58277217  0.58913781  0.5404039   0.62581632 -0.32626429 -0.4057461
 -0.22237529 -0.40360599  0.75482524 -0.46443147 -0.17095472 -0.34824843
  0.73631338 -0.10632177 -0.10809867  0.35991707 -0.17538918 -0.36031538
 -0.28591299 -0.07866428 -0.17131411 -0.23880892 -0.27321381 -0.22650433
 -0.18517105  0.69679896 -0.23315248 -0.26701881 -0.1109566  -0.07420708
  0.8072441  -0.20830038 -0.18463945 -0.30013951 -0.56116227 -0.61824052
 -0.50418726  0.20090244 -0.34638554 -0.36964754 -0.37558661 -0.35552244
 -0.17724402  0.21047444 -0.35404527  0.58544191  0.          0.          0.
  0.        ]
[ 0.69036714 -0.56805816  0.3777892  -0.5068601   0.19990356 -0.34730039
  0.62978846  0.6240458  -0.3557556  -0.17733422  0.21041509  0.64590162
  0.58540545 -0.11096644 -0.07421128 -0.25922832 -0.15054827 -0.25321143
 -0.16724117 -0.22237615  0.67373506 -0.19385601 -0.48968734  0.80724399
 -0.20830045 -0.24517481 -0.27737875 -0.40360601 -0.34824845 -0.26368663
 -0.29465855  0.76591535 -0.32898768 -0.18463945 -0.46443147 -0.17095472
 -0.52430827  0.52583951 -0.41086219 -0.30013951 -0.56116227  0.38175948
  0.49581274  0.20090244 -0.34638554  0.63035246  0.62441339 -0.35552244
 -0.17724402 -0.78952556 -0.35404527  0.58544191  0.          0.          0.
  0.          0.          0.          0.          0.          0.          0.
  0.          0.          0.          0.          0.          0.          0.
  0.          0.          0.          0.          0.          0.          0.
  0.          0.          0.          0.        ]
[-0.30963286  0.43220147  0.3777892   0.4931399   0.19983559 -0.34736252
 -0.37024993 -0.37594935 -0.35573469  0.82267388  0.21041579 -0.35409776
  0.58540874  0.73629599 -0.11096247 -0.07420959  0.80724066 -0.20830278
  0.5103108   0.59639267 -0.27737945 -0.23408504 -0.32898797  0.82904517
 -0.24517486 -0.1846395  -0.2532089  -0.16724004  0.62252332 -0.52430828
 -0.4741605  -0.4254758  -0.27321381 -0.22650434 -0.18517105  0.69679896
 -0.23315248 -0.26701881  0.58913781 -0.34824844 -0.22237529  0.8061443
 -0.25922124 -0.1505454  -0.10632177 -0.10809867 -0.17538918 -0.36031538
 -0.28591299 -0.07866428 -0.17131411  0.76119108  0.53556853 -0.30013951
  0.43883773  0.38175948  0.49581274 -0.79909756  0.65361446  0.63035246
 -0.37558661 -0.35552244 -0.17724402 -0.78952556 -0.35404527  0.58544191
  0.          0.          0.          0.          0.          0.          0.
  0.          0.          0.          0.          0.          0.          0.        ]
[ 0.69036714 -0.56805816  0.3777892   0.4931399   0.19983559  0.65263748
  0.62970238  0.62398985 -0.35579102 -0.17734793  0.21040607  0.64589354
  0.58539991  0.5355408  -0.17539982 -0.36032553 -0.2859184   0.92133455
 -0.17131564 -0.2388101  -0.23408535 -0.3289882  -0.17095492  0.5404037
 -0.19385578 -0.25320893  0.59639396 -0.26368665  0.59425388  0.58277216
  0.7776247  -0.48968705 -0.25922125  0.8494546   0.62581632 -0.16724002
  0.81536055 -0.1927559  -0.20830038  0.75482524  0.8890434  -0.07420708
  0.69986049 -0.56116227  0.38175948  0.49581274  0.20090244 -0.34638554
  0.63035246 -0.37558661  0.64447756  0.82275598  0.21047444  0.64595473
  0.58544191  0.          0.          0.          0.          0.          0.
  0.          0.          0.          0.          0.          0.          0.
  0.          0.          0.          0.          0.          0.          0.
  0.          0.          0.          0.          0.        ]
[-0.30963286  0.43220147  0.3777892  -0.5068601   0.19990356 -0.34730039
 -0.37021154  0.62407381 -0.35573786  0.82267265  0.21041491  0.64590145
 -0.41459466  0.58275036  0.53779638 -0.16724534  0.72261667  0.73631045
 -0.34825066  0.81535965  0.86238302  0.35991649  0.75482494  0.51031269
 -0.40360615 -0.41086229  0.74679109  0.88904338 -0.07420709 -0.25922126
 -0.1505454   0.8072441   0.79169962 -0.52430827 -0.47416049 -0.23408465
  0.67101232  0.52620562  0.69986049 -0.56116227  0.38175948  0.49581274
  0.20090244  0.65361446  0.63035246  0.62441339 -0.35552244  0.82275598
  0.21047444  0.64595473  0.58544191  0.          0.          0.          0.
  0.          0.          0.          0.          0.          0.          0.
  0.          0.          0.          0.          0.          0.          0.
  0.          0.          0.          0.          0.          0.          0.
  0.          0.          0.          0.        ]
[-0.30963286 -0.56779853  0.37794243  0.49324203  0.19987602 -0.34732557
 -0.3702271  -0.37593557  0.64427337  0.82267027  0.21041321  0.64589993
 -0.4145957  -0.16725315 -0.18464806 -0.2532154  -0.27321794 -0.22650654
 -0.18517221  0.69679799 -0.23315302 -0.26701917 -0.24517496 -0.25922137
 -0.15054545 -0.41086225  0.73631335 -0.27737874 -0.17538918 -0.36031539
 -0.28591299 -0.07866428 -0.17131411 -0.23880892 -0.29465854 -0.37747666
 -0.1927559  -0.20830038 -0.34824844 -0.52430827  0.52583951  0.59639401
  0.51031295  0.5745242  -0.10632177 -0.10809867 -0.23408465  0.67101232
  0.8890434  -0.07420708 -0.30013951 -0.56116227 -0.61824052 -0.50418726
  0.20090244 -0.34638554 -0.36964754 -0.37558661 -0.35552244 -0.17724402
  0.21047444  0.64595473  0.58544191  0.          0.          0.          0.
  0.          0.          0.          0.          0.          0.          0.
  0.          0.          0.          0.          0.          0.        ]
