0.774503252724,0.0540684372189, 0.0
0.801519429366,0.355042569086, 0.0
0.910418439496,0.653482099067, 1.0
0.877282456402,0.509961312484, 0.0
0.962546462242,0.287377147191, 1.0
0.910115907628,0.714361719552, 1.0
0.88490181667,0.901554881824, 1.0
0.877445505687,0.507765550213, 1.0
0.80056741927,0.701602645309, 0.0
0.948736027304,0.383948636887, 0.0
0.982529192649,0.589627595506, 1.0
0.973897733123,0.837365913262, 1.0
0.970418873355,0.969119025987, 1.0
0.970287258774,0.741525264962, 1.0
0.962876404822,0.859750725445, 1.0
0.95883806771,0.0314736482179, 0.0
0.774503252724,0.0540684372189, 0.0
0.801519429366,0.973615766179, 1.0
0.801577345739,0.777273430895, 1.0
0.763727352788,0.462268467935, 0.0
0.907441594022,0.866354032442, 1.0
0.898172284719,0.499769292309, 1.0
0.831590924205,0.693064884959, 0.0
0.957945461502,0.597407963301, 1.0
0.938004356928,0.842255130678, 1.0
0.930158458894,0.647794862981, 1.0
0.903466314256,0.310740018018, 0.0
0.959296965685,0.47840950708, 1.0
0.929507650584,0.709647930099, 1.0
0.909120778434,0.899369095673, 1.0
0.902993099954,0.313264675716, 0.0
0.959283707661,0.0314190240241, 0.0
0.774503252724,0.0540684372189, 0.0
0.801519429366,0.740759601117, 1.0
0.755086123532,0.913270881336, 1.0
0.742637599334,0.561760541254, 0.0
0.911915801007,0.970676598413, 1.0
0.911668990053,0.753945967215, 1.0
0.891495047345,0.868253559865, 1.0
0.880895600174,0.412667564823, 0.0
0.957376627529,0.597587990389, 1.0
0.937185135304,0.64577042892, 1.0
0.912900437168,0.306640278114, 0.0
0.963497041574,0.838782643802, 1.0
0.958703403933,0.289047704113, 0.0
0.983270554608,0.466938927678, 1.0
0.970344074154,0.654879607548, 0.0
0.9934323421,0.0272332645957, 0.0
0.774503252724,0.0540684372189, 0.0
0.801519429366,0.684856656895, 1.0
0.740809900152,0.666127984631, 1.0
0.658088443893,0.592392092356, 1.0
0.524450345391,0.777590881019, 1.0
0.450413600447,0.507620884083, 1.0
0.262623496426,0.987963208323, 1.0
0.273775612616,0.889110036083, 1.0
0.245997896653,0.936516813373, 1.0
0.237748168591,0.946126854227, 1.0
0.233526958376,0.878828516602, 1.0
0.205378214116,0.962882584225, 1.0
0.208890560889,0.123398256598, 0.0
0.774503252724,0.0540684372189, 0.0
0.801519429366,0.684856656895, 1.0
0.740809900152,0.560478687121, 1.0
0.618606345477,0.751678871206, 1.0
0.543746145293,0.467061823953, 1.0
0.334018975634,0.924527019211, 1.0
0.31782738818,0.858336574345, 1.0
0.275590580868,0.95654584608, 1.0
0.273916671028,0.987662541424, 1.0
0.284675582012,0.886800427195, 1.0
0.255345216051,0.594793751903, 1.0
0.145753141055,0.723875854626, 1.0
0.102879859059,0.868022901144, 1.0
0.0958817305369,0.96302575998, 1.0
0.107140233436,0.806242760301, 1.0
0.0903431404322,0.137929173896, 0.0
0.774503252724,0.0540684372189, 0.0
0.801519429366,0.0507569368336, 1.0
0.774503252724,0.0540684372189, 0.0
0.801519429366,0.539108109883, 1.0
0.695691427284,0.875261794341, 1.0
0.670379249502,0.977107212353, 1.0
0.671678681044,0.804797830241, 1.0
0.622689945495,0.435110959922, 1.0
0.406142901472,0.926067939945, 1.0
0.389656379011,0.840876218141, 0.0
0.753220315096,0.913439272461, 1.0
0.740725790962,0.702371724492, 1.0
0.670030686077,0.412182978728, 0.0
0.836195830033,0.43159034482, 1.0
0.709321563622,0.676093552429, 1.0
0.62231006587,0.606195160243, 1.0
0.486848831072,0.787938929016, 0.0
0.812386400023,0.0494249209087, 0.0
0.774503252724,0.0540684372189, 0.0
0.801519429366,0.684856656895, 1.0
0.740809900152,0.755517013031, 1.0
0.686547370863,0.919456574093, 1.0
0.67287852087,0.977040672323, 1.0
0.674145423645,0.804275148898, 1.0
0.625276480726,0.702692511408, 1.0
0.531874511414,0.897576120912, 1.0
0.505800410066,0.651143835323, 1.0
0.375621949235,0.818548895997, 1.0
0.315148170288,0.936907088425, 1.0
0.304442463016,0.571054835766, 1.0
0.171505100165,0.127980769114, 0.0
0.774503252724,0.0540684372189, 0.0
0.801519429366,0.973615766179, 1.0
0.801577345739,0.777273430895, 1.0
0.763727352788,0.553647101293, 1.0
0.647436852213,0.422001468814, 0.0
0.82192307956,0.735799834926, 0.0
0.957373477945,0.895014240029, 1.0
0.954273054024,0.640847281378, 1.0
0.936097042482,0.862940640738, 1.0
0.929413275191,0.606437955624, 0.0
0.982532697728,0.836189701275, 1.0
0.980176231248,0.370639036851, 0.0
0.99339011529,0.46303486632, 1.0
0.988181836869,0.64997060247, 1.0
0.983601224225,0.278224754606, 0.0
0.993458616273,0.0272300440462, 0.0
0.774503252724,0.0540684372189, 0.0
0.801519429366,0.740759601117, 1.0
0.755086123532,0.913270881336, 1.0
0.742637599334,0.0579743608761, 0.0
0.774503252724,0.0540684372189, 1.0
0.392003969468,0.802840892589, 1.0
0.324720910629,0.925793555441, 1.0
0.309268332158,0.726964645637, 1.0
0.21960288685,0.861485803596, 0.0
0.554341589599,0.464821625196, 0.0
0.758367041136,0.66057142312, 1.0
0.678515509573,0.408495771153, 1.0
0.462489236646,0.669536429948, 0.0
0.753849507702,0.466450061908, 0.0
0.902796227001,0.970919395867, 1.0
0.902548776002,0.755878461396, 1.0
0.880604486424,0.721535423655, 0.0
0.972919937645,0.893611156089, 1.0
0.970903662889,0.858794531158, 1.0
0.967701827209,0.0303871753471, 0.0
0.774503252724,0.0540684372189, 0.0
0.801519429366,0.355042569086, 0.0
0.910418439496,0.865999435317, 0.0
0.98325722861,0.696582359118, 0.0
0.996521871271,0.891481057361, 0.0
0.999417272497,0.460709627875, 0.0
0.999837485845,0.646762933385, 0.0
0.999964854572,0.362261907295, 0.0
0.999988438712,0.968331772637, 1.0
0.999988377623,0.735231855725, 0.0
0.999997728963,0.833810701472, 0.0
0.999999599241,0.584098484078, 0.0
0.999999906273,0.271096335101, 0.0
0.999999962987,0.627673042715, 1.0
0.999999947164,0.46275066132, 0.0
0.999999985323,0.0264282375428, 0.0
0.774503252724,0.0540684372189, 0.0
0.801519429366,0.537057341619, 1.0
0.694961907755,0.730665594545, 1.0
0.624389613533,0.702973191054, 1.0
0.53095736723,0.472619379673, 0.0
0.739649087754,0.472461534041, 1.0
0.57863489141,0.454261456644, 1.0
0.36512766164,0.810584142718, 0.0
0.717797534417,0.872250610233, 1.0
0.693246607886,0.891868600463, 0.0
0.928543342245,0.709882336386, 1.0
0.907908659988,0.899478490606, 1.0
0.901711469481,0.500563225809, 0.0
0.970580142809,0.969114732386, 0.0
0.995295832116,0.73622616538, 1.0
0.994079296771,0.0271539643057, 0.0
0.774503252724,0.0540684372189, 0.0
0.801519429366,0.860846429565, 1.0
0.781332833019,0.881375908625, 1.0
0.763622269662,0.658908225189, 1.0
0.684698071752,0.58405045941, 1.0
0.55442893012,0.756045138297, 1.0
0.473929880689,0.584948602326, 0.0
0.730908248954,0.757923929164, 1.0
0.675627039353,0.920442145217, 1.0
0.661852201334,0.415737062193, 0.0
0.831086333693,0.344522162971, 0.0
0.925638465129,0.489173016744, 1.0
0.874296858798,0.6813120854, 0.0
0.969795890537,0.969135612139, 0.0
0.995167090662,0.736253444577, 1.0
0.993917492095,0.0271737974691, 0.0
