0.422137443873,0.429475595931, 0.0
0.663887854298,0.551159021612, 1.0
0.601778694712,0.453427605139, 0.0
0.810276730356,0.167079818079, 1.0
0.572590278772,0.635497450815, 1.0
0.506649664642,0.826390289337, 1.0
0.513941129207,0.586303100237, 1.0
0.438993042422,0.69490286209, 0.0
0.768427362514,0.165283476402, 0.0
0.855429591463,0.527339357305, 1.0
0.793596602106,0.600859585921, 1.0
0.7353922411,0.792532270595, 1.0
0.723657961685,0.84612406121, 1.0
0.725742495651,0.650988167039, 1.0
0.674200977817,0.0244353289385, 0.0
0.422137443873,0.627484875592, 1.0
0.421784876595,0.533058960139, 0.0
0.629263726483,0.814808057108, 1.0
0.622945795479,0.862564723475, 1.0
0.630956421009,0.683016604607, 1.0
0.582185265789,0.25839231867, 1.0
0.387291563843,0.756255342765, 1.0
0.396504302838,0.714687603806, 1.0
0.39363975122,0.856823937332, 1.0
0.434673581534,0.631149445209, 1.0
0.40091355516,0.717128514784, 0.0
0.747777557222,0.176080296712, 1.0
0.494748967595,0.678932738549, 1.0
0.460019580631,0.465344945909, 1.0
0.375039811033,0.0471157701213, 0.0
0.422137443873,0.727251430466, 1.0
0.454641081701,0.640637040092, 1.0
0.442454020959,0.277508759176, 0.0
0.587159801081,0.634332813347, 1.0
0.519383619029,0.580755105043, 1.0
0.438365661726,0.692610232302, 1.0
0.411031798945,0.554083744864, 0.0
0.675281986755,0.219233756919, 1.0
0.441276760683,0.733559335872, 1.0
0.428063879906,0.861695573074, 1.0
0.459671765479,0.891657690917, 1.0
0.497623458946,0.441942242339, 1.0
0.387827033679,0.720484159034, 0.0
0.731621257967,0.771739651975, 1.0
0.714432164178,0.0213111960615, 0.0
0.422137443873,0.58821968744, 1.0
0.409028803758,0.695163716227, 1.0
0.423127175963,0.540175926807, 1.0
0.36309653063,0.343371619264, 1.0
0.305244973089,0.890098305052, 1.0
0.37036529897,0.907524093425, 1.0
0.428833876579,0.0405476323436, 0.0
0.422137443873,0.627484875592, 1.0
0.421784876595,0.689427348124, 1.0
0.430176239054,0.843545143817, 1.0
0.453102064408,0.529127919069, 1.0
0.374001550893,0.651232932816, 1.0
0.355293225885,0.730188249903, 0.0
0.689465013227,0.662259753305, 1.0
0.635909811227,0.659644449393, 1.0
0.579651984877,0.236981921403, 1.0
0.382175549562,0.873151008326, 0.0
0.783383118551,0.835749416289, 1.0
0.780969404017,0.18274200383, 1.0
0.53767848802,0.422291430067, 1.0
0.408833941364,0.716453125943, 1.0
0.406221759446,0.0438805639978, 0.0
0.422137443873,0.627484875592, 1.0
0.421784876595,0.694767601481, 1.0
0.431214430732,0.618911116757, 1.0
0.387423756908,0.712849434378, 1.0
0.378034764725,0.492939860291, 1.0
0.327241571444,0.88493710552, 1.0
0.385437833449,0.904792567153, 1.0
0.439943480137,0.737472872214, 1.0
0.434246533657,0.758283721039, 1.0
0.437661733679,0.699668571151, 1.0
0.42360785682,0.850284532295, 1.0
0.460427372059,0.0410600496353, 0.0
0.422137443873,0.727251430466, 1.0
0.454641081701,0.031125696304, 0.0
0.422137443873,0.288409094774, 0.0
0.614592836111,0.815671047632, 1.0
0.622045605858,0.862336252285, 1.0
0.630179754897,0.68270711778, 1.0
0.580613910607,0.679822468918, 1.0
0.531255378704,0.253217790957, 1.0
0.358815993388,0.586359588814, 1.0
0.340793327485,0.710182541845, 1.0
0.35859328877,0.739322738174, 1.0
0.379318097793,0.727026622058, 1.0
0.392377139162,0.859097644179, 1.0
0.44067732819,0.633931702099, 1.0
0.412241885354,0.716510388423, 0.0
0.767265377225,0.309564093066, 0.0
0.899438575228,0.0113186263721, 0.0
0.422137443873,0.627484875592, 1.0
0.421784876595,0.689427348124, 1.0
0.430176239054,0.843545143817, 1.0
0.453102064408,0.278322934074, 1.0
0.327557030103,0.676499757761, 1.0
0.336975619867,0.740565717348, 0.0
0.672423964688,0.645897863601, 1.0
0.612672735427,0.454802761395, 0.0
0.829667442969,0.16180911638, 1.0
0.597767648837,0.823237728816, 1.0
0.598206411517,0.867589598262, 1.0
0.613037684887,0.38319429485, 1.0
0.452568047855,0.696556340681, 1.0
0.431345712145,0.759397194642, 1.0
0.435787369461,0.0414197563665, 0.0
0.422137443873,0.429475595931, 0.0
0.663887854298,0.666053184995, 0.0
0.83242607465,0.528966185999, 0.0
0.948994027366,0.718842353619, 0.0
0.990467964064,0.368067770555, 0.0
0.997291276455,0.463953707473, 0.0
0.999356923881,0.0860260886952, 0.0
0.999624999403,0.734026853248, 1.0
0.999569442969,0.799242137737, 0.0
0.999935347953,0.524689074542, 0.0
0.999986167271,0.469719627725, 0.0
0.999996768148,0.099653393738, 0.0
0.99999821272,0.413696005129, 1.0
0.999996814701,0.269554448792, 0.0
0.999998949824,0.00645858512546, 0.0
0.422137443873,0.262279874739, 0.0
0.605757313551,0.817598761271, 1.0
0.614071877544,0.863678672031, 1.0
0.62309955107,0.614304220558, 0.0
0.87362094066,0.736909702554, 1.0
0.857326120077,0.151788502562, 0.0
0.91800042312,0.235216352541, 0.0
0.965673619292,0.379082641011, 1.0
0.936030930913,0.488687472507, 1.0
0.901192498391,0.316347214087, 1.0
0.80233088128,0.623617642795, 1.0
0.753416708337,0.570556991272, 1.0
0.679260784734,0.645692546689, 1.0
0.623341447932,0.581072702243, 1.0
0.542003935886,0.0340414410273, 1.0
0.422137443873,0.668983209505, 0.0
0.735800690986,0.520675689205, 0.0
0.847056440451,0.767261297013, 1.0
0.834963866544,0.826942910896, 1.0
0.830815529045,0.144845264759, 0.0
0.898370782148,0.503059356821, 1.0
0.848106105708,0.743397694728, 1.0
0.8311829134,0.277177195479, 0.0
0.928387889004,0.395924071358, 1.0
0.872767758228,0.514599545382, 1.0
0.814690827428,0.35827498829, 0.0
0.932794797392,0.124199350641, 0.0
0.962713673385,0.538312783149, 1.0
0.945852858789,0.572467559751, 1.0
0.925336135188,0.0101752544328, 0.0
0.422137443873,0.505034994613, 1.0
0.383529117001,0.865952945058, 1.0
0.438406360083,0.893447527127, 1.0
0.47561398162,0.297361464716, 1.0
0.339312380454,0.741259592244, 1.0
0.357054645202,0.784753618426, 1.0
0.382756630353,0.689255313679, 1.0
0.37823002741,0.658129453118, 1.0
0.370462012657,0.73026289101, 0.0
0.71765764637,0.577750974821, 1.0
0.63915876708,0.794790405192, 1.0
0.630254329943,0.222984354472, 1.0
0.41300965207,0.750071897974, 1.0
0.420892066252,0.490954750051, 1.0
0.364486407801,0.0502932484297, 0.0
