0.764172965245,0.706928480508, 0.0
0.98732332805,0.221604732662, 0.0
0.999288405746,0.415525030092, 0.0
0.999961180394,0.113308509985, 0.0
0.999997805073,0.848143423523, 1.0
0.999999871996,0.701274939163, 1.0
0.764172965245,0.706928480508, 1.0
0.9861276669,0.701607501236, 1.0
0.764172965245,0.706928480508, 1.0
0.9861276669,0.701607501236, 1.0
0.764172965245,0.706928480508, 0.0
0.98732332805,0.415868809406, 0.0
0.999301277707,0.221354761292, 0.0
0.999960997486,0.11330851224, 0.0
0.999997794731,0.848143423672, 1.0
0.999999871393,0.701274939177, 1.0
0.764172965245,0.706928480508, 1.0
0.9861276669,0.415903163013, 1.0
0.999163574919,0.701294987936, 1.0
0.764172965245,0.706928480508, 1.0
0.9861276669,0.701607501236, 1.0
0.764172965245,0.706928480508, 0.0
0.98732332805,0.415868809406, 1.0
0.999234581145,0.701293285684, 1.0
0.764172965245,0.706928480508, 1.0
0.9861276669,0.415903163013, 1.0
0.999163574919,0.113318341943, 0.0
0.999952697955,0.22134116661, 1.0
0.999997032288,0.848143434724, 1.0
0.999999826928,0.701274940243, 1.0
0.764172965245,0.706928480508, 0.0
0.98732332805,0.221604732662, 0.0
0.999288405746,0.848153706583, 0.0
0.999963049339,0.113308486947, 0.0
0.999997910748,0.415504644671, 0.0
0.999999886094,0.701274938825, 0.0
0.764172965245,0.706928480508, 1.0
0.9861276669,0.701607501236, 1.0
0.764172965245,0.706928480508, 1.0
0.9861276669,0.415903163013, 1.0
0.999163574919,0.848155516061, 1.0
0.999951233314,0.221341197176, 0.0
0.999997278682,0.113308065007, 0.0
0.999999846133,0.701274939783, 1.0
0.764172965245,0.706928480508, 1.0
0.9861276669,0.848344477368, 0.0
0.999263501596,0.415525745635, 0.0
0.999959820939,0.221341017958, 1.0
0.999997479152,0.113308062536, 0.0
0.999999857468,0.701274939511, 0.0
0.764172965245,0.706928480508, 0.0
0.98732332805,0.701578837332, 0.0
0.764172965245,0.706928480508, 0.0
0.98732332805,0.701578837332, 0.0
