0.0880652638732,0.226729482419, 0.0
0.234961370727,0.33376290154, 1.0
0.447131560073,0.946500072351, 1.0
0.516636914426,0.833072743573, 0.0
0.0880652638732,0.904840092086, 1.0
0.319443090964,0.767257754457, 1.0
0.0880652638732,0.157545109254, 0.0
0.248718023469,0.342922282121, 0.0
0.33618329481,0.937107337875, 1.0
0.417406569023,0.42783932513, 0.0
0.242418421783,0.749855633299, 1.0
0.0880652638732,0.157545109254, 0.0
0.248718023469,0.74449690046, 0.0
0.0880652638732,0.226729482419, 1.0
0.533032932175,0.531556034025, 0.0
0.447131560073,0.368102425518, 0.0
0.327433810363,0.937529803098, 1.0
0.389553358362,0.794761229817, 1.0
0.0880652638732,0.249634386142, 0.0
0.230958652187,0.308761811193, 1.0
0.447131560073,0.368102425518, 0.0
0.327433810363,0.937529803098, 1.0
0.389553358362,0.794761229817, 1.0
0.0880652638732,0.157545109254, 0.0
0.248718023469,0.320563074674, 1.0
0.477869108866,0.949152875264, 1.0
0.545359861056,0.53579852804, 1.0
0.858329035675,0.938234573618, 1.0
