0.210603928451,0.455970121474, 0.0
0.178909186809,0.444430278226, 0.0
0.249607662123,0.505771775356, 1.0
0.474415219376,0.622658201996, 1.0
0.679454326822,0.707778429685, 1.0
0.828194687559,0.766905205506, 1.0
0.916079900924,0.801636648559, 1.0
0.961113013076,0.819419729127, 1.0
0.982446923317,0.827843407499, 1.0
0.9921730387,0.831683705677, 1.0
0.996529181448,0.833403699425, 1.0
0.998464679078,0.834167917507, 1.0
0.210603928451,0.455970121474, 0.0
0.178909186809,0.444430278226, 0.0
0.249607662123,0.505771775356, 1.0
0.474415219376,0.622658201996, 0.0
0.393748440123,0.592009998701, 0.0
0.363348327647,0.581097510495, 1.0
0.565747156983,0.663136211144, 1.0
0.746430188756,0.734642416175, 1.0
0.869376140116,0.783197533755, 1.0
0.937741407768,0.810191712576, 1.0
0.971512483969,0.823526025056, 1.0
0.987217610995,0.829727089194, 1.0
0.994315750653,0.832529741376, 1.0
0.997482412579,0.833780076272, 1.0
0.998886942249,0.834334645246, 1.0
0.210603928451,0.455970121474, 0.0
0.178909186809,0.444430278226, 1.0
0.37368741931,0.569380933042, 1.0
0.602957713074,0.675594069338, 0.0
0.464822165608,0.621354001399, 1.0
0.665988157195,0.702726838193, 0.0
0.513720348286,0.642610786856, 1.0
0.70442931624,0.718059268597, 1.0
0.843398185398,0.772940328003, 1.0
0.924158271766,0.804828503703, 0.0
0.822942556489,0.764864148738, 1.0
0.913149584498,0.800481830657, 1.0
0.959679699742,0.818853932457, 1.0
0.981784530374,0.827581874403, 1.0
0.991874586077,0.831565864176, 1.0
0.996396223252,0.833351201815, 1.0
0.998405744867,0.834144647737, 1.0
0.999295527105,0.834495972193, 1.0
0.210603928451,0.455970121474, 0.0
0.178909186809,0.444430278226, 0.0
0.210603928451,0.455970121474, 1.0
0.473411760667,0.602450220413, 1.0
0.686577173089,0.705462148973, 1.0
0.8425979628,0.772037043762, 1.0
0.925010006995,0.805118239508, 1.0
0.965535256843,0.821162730382, 1.0
0.210603928451,0.455970121474, 0.0
0.178909186809,0.444430278226, 1.0
0.37368741931,0.569380933042, 0.0
0.336210975401,0.561239003884, 0.0
0.331858434015,0.563897280278, 0.0
0.336400355629,0.568336376381, 1.0
0.539954411881,0.652783015687, 1.0
0.726448163802,0.726741638486, 0.0
0.563587073471,0.662435757668, 0.0
0.447910424889,0.616765448815, 1.0
0.645916189733,0.694965194227, 0.0
0.499779334655,0.637264138335, 0.0
0.414716115231,0.603677789985, 0.0
0.377435315352,0.588958010036, 0.0
0.363150656154,0.583318032833, 1.0
0.560979722701,0.661429928109, 0.0
0.44651097918,0.616232730072, 0.0
0.390551225288,0.594137410163, 1.0
0.589777683664,0.672800639659, 1.0
0.764300696264,0.741709863817, 1.0
0.8799686083,0.787380551096, 1.0
0.943155547947,0.812329483821, 0.0
0.861104951427,0.779932364674, 1.0
0.933461895787,0.808502011294, 1.0
0.969477785037,0.822722639841, 1.0
0.986288624226,0.829360285188, 1.0
0.993899412566,0.832365353123, 1.0
0.997297376624,0.833707016086, 1.0
0.998805010451,0.834302295033, 1.0
0.999472074561,0.834565680753, 1.0
0.210603928451,0.455970121474, 0.0
0.178909186809,0.444430278226, 0.0
0.249607662123,0.505771775356, 1.0
0.474415219376,0.622658201996, 1.0
0.679454326822,0.707778429685, 1.0
0.828194687559,0.766905205506, 0.0
0.672399440191,0.705381762956, 1.0
0.822647871359,0.764745243192, 1.0
0.912995361225,0.800420790312, 1.0
0.959604770744,0.818824339249, 1.0
0.981749909747,0.827568204255, 1.0
0.991858983062,0.831559703408, 1.0
0.996389271116,0.83334845681, 1.0
0.99840266307,0.83414343091, 1.0
