RMSE: 0.402425247431


Errors: (prediction - observation)

[ 0.45597012  0.44443028 -0.49422822 -0.3773418  -0.29222157 -0.23309479
 -0.19836335 -0.18058027 -0.17215659 -0.16831629 -0.1665963  -0.16583208
  0.          0.          0.          0.          0.          0.          0.
  0.          0.          0.          0.          0.          0.          0.
  0.          0.          0.          0.          0.          0.          0.
  0.          0.        ]
[ 0.45597012  0.44443028 -0.49422822  0.6226582   0.59201    -0.41890249
 -0.33686379 -0.26535758 -0.21680247 -0.18980829 -0.17647397 -0.17027291
 -0.16747026 -0.16621992 -0.16566535  0.          0.          0.          0.
  0.          0.          0.          0.          0.          0.          0.
  0.          0.          0.          0.          0.          0.          0.
  0.          0.        ]
[ 0.45597012 -0.55556972 -0.43061907  0.67559407 -0.378646    0.70272684
 -0.35738921 -0.28194073 -0.22705967  0.8048285  -0.23513585 -0.19951817
 -0.18114607 -0.17241813 -0.16843414 -0.1666488  -0.16585535 -0.16550403
  0.          0.          0.          0.          0.          0.          0.
  0.          0.          0.          0.          0.          0.          0.
  0.          0.          0.        ]
[ 0.45597012  0.44443028  0.          0.          0.          0.          0.
  0.          0.          0.          0.          0.          0.          0.
  0.          0.          0.          0.          0.          0.          0.
  0.          0.          0.          0.          0.          0.          0.
  0.          0.          0.          0.          0.          0.          0.        ]
[-0.54402988 -0.39754978 -0.29453785 -0.22796296 -0.19488176 -0.17883727
  0.          0.          0.          0.          0.          0.          0.
  0.          0.          0.          0.          0.          0.          0.
  0.          0.          0.          0.          0.          0.          0.
  0.          0.          0.          0.          0.          0.          0.
  0.        ]
[ 0.45597012 -0.55556972  0.56938093  0.561239    0.56389728 -0.43166362
 -0.34721698  0.72674164  0.66243576 -0.38323455  0.69496519  0.63726414
  0.60367779  0.58895801 -0.41668197  0.66142993  0.61623273 -0.40586259
 -0.32719936 -0.25829014 -0.21261945  0.81232948 -0.22006764 -0.19149799
 -0.17727736 -0.17063971 -0.16763465 -0.16629298 -0.1656977  -0.16543432
  0.          0.          0.          0.          0.        ]
[ 0.45597012  0.44443028 -0.49422822 -0.3773418  -0.29222157  0.76690521
 -0.29461824 -0.23525476 -0.19957921 -0.18117566 -0.1724318  -0.1684403
 -0.16665154 -0.16585657  0.          0.          0.          0.          0.
  0.          0.          0.          0.          0.          0.          0.
  0.          0.          0.          0.          0.          0.          0.
  0.          0.        ]
