0.0941,0.280728604897, 1.0
0.437622763402,0.529424545061, 1.0
0.744959887321,0.725112904491, 1.0
0.918197605097,0.828743967412, 1.0
0.976959496164,0.862973943039, 1.0
0.993720765196,0.87263011177, 0.0
0.973409352401,0.860981394102, 1.0
0.992680995048,0.872039463734, 1.0
0.998011414696,0.87509186557, 1.0
0.999461397376,0.875921530108, 1.0
0.999854223153,0.876146232765, 0.0
0.999362049954,0.875864735053, 1.0
0.999827288694,0.87613083109, 1.0
0.999953256198,0.876202875196, 0.0
0.99979533211,0.876112556116, 1.0
0.999944604055,0.8761979271, 1.0
0.999985008036,0.876221034568, 1.0
0.999995942795,0.876227288253, 1.0
0.0941,0.280728604897, 0.0
0.201140297173,0.351844608214, 1.0
0.404101586555,0.507365281758, 1.0
0.714482069133,0.706684331281, 1.0
0.905660660443,0.82141105078, 1.0
0.973178941383,0.860792444572, 1.0
0.992673146325,0.87202887828, 1.0
0.998015321737,0.875093460802, 1.0
0.999463091598,0.875922432325, 1.0
0.99985474812,0.876146526042, 1.0
0.999960698531,0.876207130553, 1.0
0.999989365002,0.876223526235, 1.0
0.999997122029,0.876227962653, 0.0
0.999987395547,0.876222399951, 1.0
0.999996588978,0.876227657804, 1.0
0.999999076904,0.876229080673, 1.0
0.99999975019,0.876229465731, 1.0
0.999999932396,0.876229569936, 1.0
0.0941,0.280728604897, 0.0
0.201140297173,0.351844608214, 1.0
0.404101586555,0.507365281758, 1.0
0.714482069133,0.706684331281, 1.0
0.905660660443,0.82141105078, 1.0
0.973178941383,0.860792444572, 0.0
0.897897735193,0.817408337468, 1.0
0.970231549261,0.859155986271, 0.0
0.88881900324,0.812434121922, 1.0
0.967042404717,0.857356748668, 1.0
0.990852030221,0.870995226598, 1.0
0.997507808414,0.874804033639, 1.0
0.999324414499,0.875843207797, 1.0
0.999817095689,0.876125001294, 1.0
0.999950497251,0.876201297299, 1.0
0.999986603173,0.876221946822, 1.0
0.999996374503,0.876227535148, 1.0
0.999999018858,0.876229047477, 1.0
0.0941,0.280728604897, 0.0
0.201140297173,0.351844608214, 0.0
0.340327311908,0.444689247885, 0.0
0.362905745278,0.460634811885, 0.0
0.368090808099,0.46498327004, 0.0
0.369922078364,0.466978461412, 1.0
0.705151396613,0.695298245643, 1.0
0.908433954066,0.822125800442, 1.0
0.974967294049,0.861716797297, 1.0
0.993277463058,0.872364028511, 1.0
0.998191194714,0.875192947936, 1.0
0.999511924127,0.875950245657, 1.0
0.99986808789,0.876154143236, 1.0
0.999964321217,0.876209201152, 1.0
0.999990346675,0.876224087532, 1.0
0.999997387824,0.87622811465, 1.0
0.999999293111,0.876229204322, 1.0
0.999999808702,0.876229499195, 1.0
0.0941,0.280728604897, 1.0
0.437622763402,0.529424545061, 1.0
0.744959887321,0.725112904491, 1.0
0.918197605097,0.828743967412, 1.0
0.976959496164,0.862973943039, 1.0
0.993720765196,0.87263011177, 1.0
0.998300007068,0.875256494635, 1.0
0.999540154042,0.875966527916, 1.0
0.999875597628,0.87615845243, 1.0
0.999966339786,0.876210357079, 0.0
0.999852599431,0.876145304082, 1.0
0.999960110082,0.876206794733, 1.0
0.999989205033,0.876223434823, 1.0
0.999997078662,0.876227937859, 0.0
0.999987205701,0.876222291416, 1.0
0.999996537561,0.876227628402, 1.0
0.999999062985,0.876229072714, 1.0
0.999999746422,0.876229463577, 1.0
0.0941,0.280728604897, 0.0
0.201140297173,0.351844608214, 0.0
0.340327311908,0.444689247885, 0.0
0.362905745278,0.460634811885, 0.0
0.368090808099,0.46498327004, 0.0
0.369922078364,0.466978461412, 0.0
0.37097682201,0.468336040793, 1.0
0.705303916129,0.695627116997, 0.0
0.505550648296,0.571989897057, 1.0
0.79910800951,0.757347102239, 0.0
0.586993614096,0.630936998696, 0.0
0.461717820956,0.555313037196, 0.0
0.422272825668,0.530426283717, 0.0
0.411497933879,0.522530890488, 0.0
0.407620640119,0.518707916864, 0.0
0.405250188948,0.515756350073, 0.0
0.403195340181,0.512978378085, 1.0
0.70509118583,0.702747490796, 1.0
0.0941,0.280728604897, 0.0
0.201140297173,0.351844608214, 0.0
0.340327311908,0.444689247885, 0.0
0.362905745278,0.460634811885, 0.0
0.368090808099,0.46498327004, 1.0
0.704321229541,0.694503885635, 1.0
0.908424773797,0.822072853883, 0.0
0.731380042949,0.716799996747, 0.0
0.53316932053,0.598110884715, 0.0
0.44238427527,0.542712409598, 1.0
0.735356683727,0.721924679763, 1.0
0.911339905518,0.825127035923, 1.0
0.974493405265,0.861597463255, 1.0
0.992991496027,0.872216629362, 1.0
0.998096869767,0.875140694877, 1.0
0.999484641718,0.875934819228, 0.0
0.997749275714,0.87494213922, 1.0
0.99939001289,0.875880724914, 1.0
0.0941,0.280728604897, 0.0
0.201140297173,0.351844608214, 0.0
0.340327311908,0.444689247885, 1.0
0.674111434472,0.675085647978, 1.0
0.896294212129,0.814750806924, 1.0
0.971535415853,0.859702317425, 1.0
0.992358021447,0.871832602761, 1.0
0.997944916629,0.875051511653, 1.0
0.999445642298,0.875912277158, 1.0
0.99985019566,0.87614390413, 1.0
0.999959484367,0.876206434254, 1.0
0.99998903829,0.876223339187, 1.0
0.999997033808,0.876227912178, 1.0
0.999999197312,0.876229149533, 1.0
0.999999782778,0.876229484368, 1.0
0.999999941215,0.87622957498, 1.0
0.999999984091,0.876229599502, 1.0
0.999999995695,0.876229606138, 1.0
0.0941,0.280728604897, 0.0
0.201140297173,0.351844608214, 0.0
0.340327311908,0.444689247885, 0.0
0.362905745278,0.460634811885, 0.0
0.368090808099,0.46498327004, 1.0
0.704321229541,0.694503885635, 1.0
0.908424773797,0.822072853883, 0.0
0.731380042949,0.716799996747, 1.0
0.91283670999,0.825592898968, 1.0
0.975369619555,0.862054711401, 1.0
0.993282858353,0.872378597272, 0.0
0.971621622563,0.859953854286, 1.0
0.992179308354,0.871751991713, 0.0
0.967221573724,0.857459625477, 1.0
0.990902888098,0.871024356793, 1.0
0.997521740484,0.874812006146, 1.0
0.99932819597,0.875845370934, 1.0
0.999818119716,0.876125586993, 1.0
0.0941,0.280728604897, 0.0
0.201140297173,0.351844608214, 0.0
0.340327311908,0.444689247885, 0.0
0.362905745278,0.460634811885, 0.0
0.368090808099,0.46498327004, 0.0
0.369922078364,0.466978461412, 0.0
0.37097682201,0.468336040793, 0.0
0.371770442897,0.46941634209, 0.0
0.372421870354,0.47031589361, 0.0
0.372969770365,0.471075057, 1.0
0.705323263874,0.696138075674, 1.0
0.907631124338,0.821773562419, 1.0
0.974601552174,0.861519609964, 1.0
0.993162182284,0.872299368444, 1.0
0.998158379519,0.875174313561, 0.0
0.99200167816,0.871644988448, 0.0
0.966462715347,0.856999453093, 1.0
0.990711992862,0.870912374042, 1.0
0.0941,0.280728604897, 1.0
0.437622763402,0.529424545061, 1.0
0.744959887321,0.725112904491, 0.0
0.542980254099,0.604434453785, 0.0
0.446112015581,0.545548427903, 1.0
0.737973628017,0.723585059457, 1.0
0.912314857416,0.825707789894, 0.0
0.745463812095,0.729413872139, 1.0
0.913854006789,0.826796925634, 0.0
0.749440830716,0.732379469434, 1.0
0.914803893489,0.827432262851, 1.0
0.975247725249,0.862065399006, 1.0
0.99316786123,0.872321384881, 0.0
0.971234663111,0.85977424775, 1.0
0.992027509053,0.871669627594, 1.0
0.997828407214,0.874987610823, 1.0
0.99941129348,0.875892917963, 1.0
0.999840608854,0.876138451091, 1.0
0.0941,0.280728604897, 0.0
0.201140297173,0.351844608214, 0.0
0.340327311908,0.444689247885, 0.0
0.362905745278,0.460634811885, 1.0
0.69987198877,0.691417537061, 0.0
0.50068361323,0.5675803722, 1.0
0.797457997919,0.756054532643, 0.0
0.584586032081,0.628821450664, 1.0
0.839634715154,0.782915929773, 1.0
0.951589897423,0.848350540132, 1.0
0.986541277104,0.868511501414, 1.0
0.996337125391,0.874132573827, 1.0
0.99900788248,0.875661978229, 1.0
0.999731515663,0.876076036313, 1.0
0.999927349488,0.876188056718, 1.0
0.999980340396,0.876218364864, 1.0
0.999994679832,0.876226565929, 1.0
0.999998560261,0.8762287852, 1.0
0.0941,0.280728604897, 0.0
0.201140297173,0.351844608214, 0.0
0.340327311908,0.444689247885, 0.0
0.362905745278,0.460634811885, 1.0
0.69987198877,0.691417537061, 1.0
0.906967653216,0.821151851855, 1.0
0.974643756755,0.861516133302, 1.0
0.99320180498,0.87231908837, 1.0
0.998172146383,0.875181878813, 1.0
0.999506927111,0.875947369534, 0.0
0.997844399568,0.874995556435, 1.0
0.999416826714,0.875895957135, 1.0
0.999842231829,0.876139366218, 1.0
0.999957312124,0.876205193668, 1.0
0.999988448671,0.876223002161, 0.0
0.999949411133,0.8762006757, 1.0
0.999986309654,0.876221778911, 1.0
0.999996295114,0.876227489739, 1.0
0.0941,0.280728604897, 0.0
0.201140297173,0.351844608214, 0.0
0.340327311908,0.444689247885, 1.0
0.674111434472,0.675085647978, 1.0
0.896294212129,0.814750806924, 1.0
0.971535415853,0.859702317425, 0.0
0.891455349431,0.81307784494, 1.0
0.968813304088,0.858270392838, 1.0
0.991457818018,0.871331074709, 1.0
0.997684748818,0.874904114107, 1.0
0.999373595043,0.875871218311, 1.0
0.999830534655,0.876132675024, 1.0
0.99995414721,0.876203383475, 1.0
0.999987592264,0.876222512359, 1.0
0.99999664231,0.876227688295, 1.0
0.999999091346,0.876229088932, 1.0
0.999999754099,0.876229467967, 1.0
0.999999933454,0.876229570542, 1.0
0.0941,0.280728604897, 1.0
0.437622763402,0.529424545061, 1.0
0.744959887321,0.725112904491, 1.0
0.918197605097,0.828743967412, 1.0
0.976959496164,0.862973943039, 1.0
0.993720765196,0.87263011177, 1.0
0.998300007068,0.875256494635, 1.0
0.999540154042,0.875966527916, 1.0
0.999875597628,0.87615845243, 1.0
0.999966339786,0.876210357079, 1.0
0.999990891501,0.876224399277, 1.0
0.999997535115,0.876228198903, 1.0
0.999999332955,0.876229227111, 1.0
0.999999819483,0.876229505361, 1.0
0.999999951148,0.876229580661, 1.0
0.99999998678,0.876229601039, 1.0
0.999999996422,0.876229606554, 1.0
0.999999999032,0.876229608046, 1.0
0.0941,0.280728604897, 1.0
0.437622763402,0.529424545061, 0.0
0.404101586555,0.507365281758, 1.0
0.714482069133,0.706684331281, 0.0
0.522289419883,0.591476790514, 1.0
0.79893618414,0.759186958593, 0.0
0.592378645051,0.638399434109, 1.0
0.838198136914,0.782942513912, 0.0
0.635780510001,0.665992523109, 1.0
0.860457979156,0.796133026637, 1.0
0.957548522008,0.851916886577, 1.0
0.988122885209,0.869433280366, 1.0
0.996757183818,0.874374626485, 0.0
0.986061819741,0.868256313386, 1.0
0.996185389748,0.874047799299, 1.0
0.998964573427,0.875637418944, 1.0
0.999719567855,0.876069225119, 1.0
0.999924093024,0.876186196598, 1.0
0.0941,0.280728604897, 0.0
0.201140297173,0.351844608214, 1.0
0.404101586555,0.507365281758, 1.0
0.714482069133,0.706684331281, 1.0
0.905660660443,0.82141105078, 1.0
0.973178941383,0.860792444572, 1.0
0.992673146325,0.87202887828, 1.0
0.998015321737,0.875093460802, 1.0
0.999463091598,0.875922432325, 1.0
0.99985474812,0.876146526042, 1.0
0.999960698531,0.876207130553, 1.0
0.999989365002,0.876223526235, 1.0
0.999997122029,0.876227962653, 1.0
0.999999221167,0.876229163178, 1.0
0.999999789231,0.876229488059, 1.0
0.999999942961,0.876229575979, 1.0
0.999999984564,0.876229599772, 1.0
0.999999995823,0.876229606211, 1.0
0.0941,0.280728604897, 0.0
0.201140297173,0.351844608214, 0.0
0.340327311908,0.444689247885, 0.0
0.362905745278,0.460634811885, 0.0
0.368090808099,0.46498327004, 1.0
0.704321229541,0.694503885635, 0.0
0.503949093124,0.570158398791, 1.0
0.799080854277,0.757143195128, 0.0
0.58643619137,0.63019654491, 0.0
0.460902891933,0.55426734044, 0.0
0.421430426741,0.529297829761, 1.0
0.716519685488,0.710736670071, 0.0
0.529597129724,0.600901662498, 0.0
0.447795528121,0.552108777583, 0.0
0.424610847544,0.537464828627, 0.0
0.418095210304,0.532498760818, 1.0
0.706449504209,0.706065031237, 0.0
0.526091716605,0.60100950013, 1.0
0.0941,0.280728604897, 1.0
0.437622763402,0.529424545061, 1.0
0.744959887321,0.725112904491, 1.0
0.918197605097,0.828743967412, 1.0
0.976959496164,0.862973943039, 0.0
0.910595775952,0.82474826335, 0.0
0.742363216057,0.727726845588, 0.0
0.550867534544,0.617053815791, 0.0
0.459742917244,0.564068673364, 0.0
0.433336381015,0.548336152054, 0.0
0.426488230373,0.543832811047, 0.0
0.424322054582,0.541968956639, 0.0
0.42315929106,0.540613520388, 0.0
0.422147626673,0.539268130933, 1.0
0.704951976417,0.706160230887, 1.0
0.895469763027,0.816263620642, 0.0
0.716538653532,0.713539664925, 1.0
0.900061540379,0.818995236605, 1.0
