-0.1463,0.273214806056, 1.0
-0.0935346654269,0.307525486445, 0.0
0.438766204975,0.580639211678, 1.0
0.691651907016,0.721468896417, 0.0
0.582313695922,0.655425756855, 0.0
0.55303445792,0.634107985088, 0.0
0.552402360778,0.630318036482, 0.0
0.556881892573,0.630585594403, 0.0
0.56096301788,0.631411856144, 1.0
0.821167015183,0.785095968745, 1.0
0.948322425007,0.859826939714, 1.0
0.986721347653,0.882274545992, 1.0
0.9966380804,0.88803484512, 1.0
0.999134398428,0.889473806096, 1.0
0.999771167015,0.889837619804, 0.0
0.99903198947,0.889411017651, 1.0
0.999750412807,0.889824688801, 1.0
0.999933801479,0.889929338411, 1.0
-0.1463,0.273214806056, 0.0
0.265184399847,0.481070045258, 0.0
0.493806956634,0.60203717627, 0.0
0.537373474908,0.622765787838, 0.0
0.552022288284,0.628511805614, 1.0
0.811303172237,0.780564613124, 0.0
0.662811713363,0.692664880813, 0.0
0.590205706855,0.648692806241, 0.0
0.570795921356,0.636221035033, 0.0
0.567420593787,0.633525475647, 1.0
0.828231951786,0.788347927985, 0.0
0.67852463174,0.699303926271, 1.0
0.892394374723,0.826267420129, 1.0
0.972127790047,0.873509334947, 1.0
0.993290721435,0.886018632352, 1.0
0.998398787452,0.889028616779, 1.0
0.999613752581,0.889741633306, 1.0
0.999905107073,0.889911721741, 1.0
-0.1463,0.273214806056, 0.0
0.265184399847,0.481070045258, 0.0
0.493806956634,0.60203717627, 1.0
0.754873117972,0.751926442965, 0.0
0.621258660377,0.672728162973, 1.0
0.850877677649,0.805236123402, 0.0
0.694195646791,0.713474511772, 0.0
0.598141945037,0.655547972684, 0.0
0.569917873464,0.637270296501, 0.0
0.565206257516,0.63326924831, 0.0
0.565688059148,0.632732465248, 1.0
0.826685675743,0.787559766244, 1.0
0.951401887485,0.861342817593, 1.0
0.987954654994,0.882901819325, 1.0
0.997077656082,0.888261853079, 1.0
0.999284063687,0.889551766214, 1.0
0.999821002169,0.889863718641, 1.0
0.999954091356,0.889940456998, 1.0
-0.1463,0.273214806056, 0.0
0.265184399847,0.481070045258, 0.0
0.493806956634,0.60203717627, 0.0
0.537373474908,0.622765787838, 1.0
0.796417189386,0.773387126334, 1.0
0.935225173548,0.853227908759, 1.0
0.9816349036,0.879655359778, 1.0
0.994862551358,0.887111103956, 1.0
0.998538522342,0.889161949945, 1.0
0.999574715678,0.889734417313, 1.0
0.999873573017,0.889898069859, 0.0
0.999478420253,0.889675416624, 1.0
0.999854020559,0.889885901432, 1.0
0.99995803137,0.889943607394, 1.0
0.999987643444,0.889959884052, 1.0
0.999996288406,0.88996459705, 1.0
0.999998867002,0.889965993186, 1.0
0.999999649763,0.889966414653, 1.0
-0.1463,0.273214806056, 0.0
0.265184399847,0.481070045258, 1.0
0.438766204975,0.580639211678, 0.0
0.514091155752,0.615442113845, 1.0
0.769874064649,0.761269899928, 1.0
0.91998642078,0.845661114169, 1.0
0.975430972956,0.876485599094, 1.0
0.992643334746,0.885961954746, 1.0
0.997783821599,0.8887681604, 1.0
0.999323966368,0.889602952778, 1.0
0.999791310399,0.889854804412, 1.0
0.999934952475,0.889931863455, 0.0
0.99973414372,0.889819784791, 1.0
0.999923341743,0.889924639677, 1.0
0.999977374419,0.889954310478, 1.0
0.999993190263,0.88996292565, 1.0
0.999997917993,0.889965483647, 1.0
0.999999355624,0.889966257302, 0.0
-0.1463,0.273214806056, 0.0
0.265184399847,0.481070045258, 0.0
0.493806956634,0.60203717627, 1.0
0.754873117972,0.751926442965, 0.0
0.621258660377,0.672728162973, 0.0
0.571123767897,0.64083830513, 1.0
0.823041753788,0.787953770284, 1.0
0.946328384469,0.859298528999, 1.0
0.985266988121,0.881629904613, 0.0
0.943390151949,0.857387852354, 1.0
0.984750996086,0.881270055577, 1.0
0.995937515191,0.88767255932, 1.0
0.998896373363,0.889349712938, 1.0
0.999692037829,0.889796156281, 1.0
0.999911728768,0.889918188191, 1.0
0.999974080292,0.889952497648, 0.0
0.999892724978,0.889906546335, 1.0
0.999970222347,0.889950097172, 1.0
-0.1463,0.273214806056, 0.0
0.265184399847,0.481070045258, 0.0
0.493806956634,0.60203717627, 1.0
0.754873117972,0.751926442965, 1.0
0.914766156588,0.842453717026, 0.0
0.775018143957,0.761835392699, 1.0
0.9256228098,0.848027630298, 1.0
0.97836429756,0.877890495854, 1.0
0.993828450079,0.886555514353, 1.0
0.998215628032,0.888989111536, 1.0
0.999473630421,0.889680464008, 1.0
0.999841764848,0.889881129012, 1.0
0.999951676615,0.889940631013, 0.0
0.999801655554,0.889856558521, 1.0
0.99994353146,0.889935563318, 1.0
0.999983514787,0.889957614831, 1.0
0.999995082901,0.889963939878, 1.0
0.999998507378,0.889965798483, 1.0
-0.1463,0.273214806056, 0.0
0.265184399847,0.481070045258, 0.0
0.493806956634,0.60203717627, 0.0
0.537373474908,0.622765787838, 0.0
0.552022288284,0.628511805614, 1.0
0.811303172237,0.780564613124, 1.0
0.942956342535,0.85715639798, 1.0
0.984601452514,0.881190223612, 0.0
0.940884228206,0.855776068896, 0.0
0.823238326728,0.786706775317, 1.0
0.948442680876,0.860040707929, 1.0
0.986546603563,0.882218076985, 0.0
0.947412300202,0.859333117639, 1.0
0.986421951634,0.882112652491, 1.0
0.99654491545,0.887984702477, 1.0
0.999105538005,0.88945833647, 1.0
0.999762172733,0.889832814209, 1.0
0.999934887539,0.889930343399, 1.0
