0.0951,0.372336594922, 0.0
0.189143513874,0.41912642852, 1.0
0.372450330457,0.521401421322, 1.0
0.647243605323,0.679328436037, 1.0
0.866380817473,0.80650343107, 1.0
0.960640374191,0.861466827302, 1.0
0.989542079394,0.878371142599, 1.0
0.997325505297,0.8829337468, 1.0
0.999327485523,0.884109319992, 1.0
0.99983256156,0.884406310785, 1.0
0.999958610239,0.884480511874, 1.0
0.999989827302,0.884498905453, 1.0
0.99999751174,0.884503436764, 1.0
0.99999939385,0.884504547326, 1.0
0.999999852858,0.884504818323, 1.0
0.999999964391,0.884504884204, 1.0
0.999999991405,0.884504900168, 1.0
0.99999999793,0.884504904025, 1.0
0.0951,0.372336594922, 0.0
0.189143513874,0.41912642852, 1.0
0.372450330457,0.521401421322, 0.0
0.412173404873,0.542234155463, 1.0
0.69041718016,0.703642148261, 0.0
0.54012906988,0.614866229816, 1.0
0.803863173977,0.76931091769, 1.0
0.94032249439,0.84940856227, 1.0
0.984292957835,0.87525750201, 1.0
0.996058040197,0.882182002811, 1.0
0.999026854182,0.883931017039, 1.0
0.999761577765,0.884364210788, 1.0
0.99994186904,0.884470582778, 0.0
0.999742603672,0.884352776678, 1.0
0.999937878164,0.884468176569, 1.0
0.999985044364,0.884496060197, 1.0
0.999996406973,0.884502779682, 1.0
0.999999138361,0.884504395395, 0.0
0.0951,0.372336594922, 0.0
0.189143513874,0.41912642852, 0.0
0.348272739896,0.507163733551, 1.0
0.617968853126,0.662201906041, 0.0
0.497696790804,0.590840337208, 1.0
0.770281641166,0.749892616739, 0.0
0.593915097337,0.645867313471, 0.0
0.518627974279,0.601021400133, 0.0
0.504399393843,0.592170579258, 0.0
0.506072089265,0.592797758977, 0.0
0.510210191901,0.594967438687, 1.0
0.785039458999,0.757390142472, 1.0
0.935529843765,0.846370096473, 1.0
0.983547586503,0.874770624781, 1.0
0.995997255205,0.882136089501, 1.0
0.999038870297,0.883935994807, 1.0
0.999770177391,0.884368844163, 1.0
0.999945149317,0.884472426866, 1.0
0.0951,0.372336594922, 0.0
0.189143513874,0.41912642852, 0.0
0.348272739896,0.507163733551, 1.0
0.617968853126,0.662201906041, 0.0
0.497696790804,0.590840337208, 1.0
0.770281641166,0.749892616739, 1.0
0.926695100112,0.841472019775, 1.0
0.98024523195,0.87289151398, 1.0
0.994977912751,0.881549106943, 1.0
0.998749337705,0.883768110703, 1.0
0.999691492132,0.884323010257, 1.0
0.999924354206,0.884460274504, 1.0
0.999981536857,0.884494005735, 1.0
0.999995510827,0.884502253788, 1.0
0.999998912063,0.884504262396, 0.0
0.999995188256,0.884502059671, 1.0
0.999998843526,0.884504221139, 1.0
0.999999722565,0.884504741092, 1.0
0.0951,0.372336594922, 0.0
0.189143513874,0.41912642852, 0.0
0.348272739896,0.507163733551, 0.0
0.410299442943,0.540982660493, 1.0
0.688466356568,0.702440425506, 1.0
0.88958672559,0.819822798399, 1.0
0.968799002795,0.866192860447, 1.0
0.991903104411,0.879745792429, 1.0
0.997960841334,0.883304918835, 1.0
0.999493064271,0.884206294788, 1.0
0.999874935435,0.884431175437, 0.0
0.999444810019,0.884177155749, 1.0
0.999864941372,0.884425135121, 1.0
0.999967264587,0.884485562211, 1.0
0.999992088907,0.884500228884, 1.0
0.999998092951,0.884503777587, 1.0
0.999999541298,0.884504633933, 1.0
0.999999889883,0.884504840099, 1.0
0.0951,0.372336594922, 0.0
0.189143513874,0.41912642852, 0.0
0.348272739896,0.507163733551, 1.0
0.617968853126,0.662201906041, 1.0
0.850253814568,0.797061024476, 0.0
0.658763788557,0.684493303849, 1.0
0.876024478064,0.811711678772, 1.0
0.964944251685,0.863893056457, 1.0
0.990971352779,0.879190298287, 1.0
0.997745312788,0.883176468471, 1.0
0.999443713739,0.884176890398, 1.0
0.99986365088,0.884424453343, 1.0
0.999966736143,0.88448526695, 0.0
0.999852659481,0.88441782894, 1.0
0.999964426947,0.884483874474, 1.0
0.999991432617,0.884499838611, 1.0
0.999997940993,0.884503687238, 1.0
0.999999506074,0.884504612993, 1.0
