0.1272,0.336486538403, 0.0
0.10117126153,0.394050448565, 1.0
0.362636713993,0.544930123917, 1.0
0.632977079474,0.690113558781, 1.0
0.849086006303,0.804922199949, 1.0
0.950403036819,0.858682006457, 1.0
0.985124499839,0.877102676476, 1.0
0.995668819478,0.882696599576, 1.0
0.998750043951,0.884331231235, 1.0
0.999640197279,0.884803469516, 1.0
0.999896506923,0.884939445211, 1.0
0.999970237787,0.884978560421, 1.0
0.999991441604,0.884989809329, 1.0
0.999997538998,0.884993044078, 1.0
0.999999292333,0.884993974246, 1.0
0.999999796509,0.884994241718, 1.0
0.999999941486,0.88499431863, 1.0
0.999999983174,0.884994340746, 1.0
0.1272,0.336486538403, 0.0
0.10117126153,0.394050448565, 0.0
0.312326920987,0.518059792517, 1.0
0.566622286807,0.654877883536, 0.0
0.534991063721,0.638249548171, 1.0
0.781863440361,0.769266477579, 0.0
0.633914931066,0.690779933517, 0.0
0.559933553783,0.651532819705, 0.0
0.53672162643,0.639218878649, 1.0
0.782737650359,0.769733760957, 1.0
0.923680141971,0.844505643993, 1.0
0.976560312493,0.872559281968, 1.0
0.993125317186,0.881347238502, 1.0
0.998011757861,0.883939560628, 1.0
0.999427326247,0.884690538588, 1.0
0.999835247736,0.884906946393, 1.0
0.999952618639,0.884969213227, 1.0
0.999986374856,0.884987121352, 1.0
0.1272,0.336486538403, 0.0
0.10117126153,0.394050448565, 0.0
0.312326920987,0.518059792517, 1.0
0.566622286807,0.654877883536, 0.0
0.534991063721,0.638249548171, 1.0
0.781863440361,0.769266477579, 1.0
0.923325410038,0.844317274768, 1.0
0.976444800861,0.872497993493, 1.0
0.993090796114,0.881328924269, 1.0
0.998001717576,0.883934234108, 1.0
0.999424429574,0.884689001864, 0.0
0.997689270685,0.883768476869, 0.0
0.990825086486,0.880126935354, 1.0
0.997341367116,0.883583909373, 1.0
0.999233803859,0.884587872373, 1.0
0.999779537722,0.884877391486, 1.0
0.999936593959,0.88496071192, 1.0
0.999981766501,0.884984676558, 0.0
0.1272,0.336486538403, 0.0
0.10117126153,0.394050448565, 1.0
0.362636713993,0.544930123917, 1.0
0.632977079474,0.690113558781, 1.0
0.849086006303,0.804922199949, 1.0
0.950403036819,0.858682006457, 0.0
0.848425067142,0.804581466301, 1.0
0.9501003773,0.858521915529, 1.0
0.985027486668,0.877051230376, 1.0
0.995640119144,0.882681374541, 0.0
0.982910509768,0.875928146532, 1.0
0.995014743967,0.882349604677, 1.0
0.998560487358,0.884230668965, 1.0
0.999585567113,0.884774487484, 1.0
0.999880787742,0.884931105975, 1.0
0.999965716864,0.884976162011, 1.0
0.999990141534,0.884989119624, 1.0
0.999997165155,0.88499284575, 1.0
0.1272,0.336486538403, 1.0
0.391068203421,0.552543323198, 1.0
0.74955794014,0.751387148261, 0.0
0.594689393826,0.669697727024, 0.0
0.541817315118,0.641849795564, 0.0
0.530662183867,0.635986850514, 0.0
0.528762869827,0.634992598569, 0.0
0.528512844462,0.634863127131, 0.0
0.528503525994,0.634858932933, 1.0
0.776382165567,0.766362081991, 1.0
0.920935063334,0.843049342585, 1.0
0.975657639645,0.872080401928, 1.0
0.992855077242,0.881203872596, 1.0
0.997933132088,0.883897848604, 1.0
0.999404640499,0.884678503495, 1.0
0.999828718037,0.884903482301, 1.0
0.999950740484,0.884968216841, 1.0
0.999985834745,0.884986834816, 1.0
0.1272,0.336486538403, 1.0
0.391068203421,0.552543323198, 0.0
0.362636713993,0.544930123917, 0.0
0.469849720098,0.603376931094, 0.0
0.509599588327,0.624751193079, 0.0
0.522682087978,0.631752645972, 0.0
0.526786610375,0.633944065042, 0.0
0.528022084161,0.634602751408, 1.0
0.776012203952,0.766165759219, 1.0
0.920774479073,0.842964147749, 1.0
0.97560471048,0.872052322176, 0.0
0.915019603714,0.839911112839, 1.0
0.973697290413,0.871040410475, 1.0
0.992266757874,0.880891761305, 1.0
0.997761838215,0.883806974914, 1.0
0.999355207062,0.884652278396, 1.0
0.999814488622,0.884895933406, 1.0
0.999946647568,0.884966045494, 1.0
0.1272,0.336486538403, 0.0
0.10117126153,0.394050448565, 0.0
0.312326920987,0.518059792517, 1.0
0.566622286807,0.654877883536, 1.0
0.806405602125,0.782276589329, 1.0
0.933673797404,0.849806746406, 1.0
0.979812817563,0.874284749934, 1.0
0.994095744892,0.881862062123, 1.0
0.998293813665,0.884089194952, 1.0
0.99950868298,0.884733699421, 1.0
0.999858662835,0.884919368417, 1.0
0.999959353419,0.884972786118, 1.0
0.999988311598,0.884988148819, 1.0
0.999996638944,0.884992566587, 1.0
0.999999033519,0.884993836942, 1.0
0.999999722086,0.884994202236, 1.0
0.999999920085,0.884994307277, 1.0
0.99999997702,0.884994337482, 1.0
0.1272,0.336486538403, 0.0
0.10117126153,0.394050448565, 1.0
0.362636713993,0.544930123917, 0.0
0.469849720098,0.603376931094, 1.0
0.73014309829,0.741804282107, 1.0
0.900005046815,0.831944211791, 1.0
0.968634204216,0.868354308083, 1.0
0.990738444488,0.880080967717, 1.0
0.997316078315,0.883570493204, 1.0
0.999226500021,0.884583997585, 1.0
0.999777434809,0.884876275862, 1.0
0.99993598904,0.884960391002, 0.0
0.999742172301,0.884857568631, 1.0
0.999925845166,0.884955009541, 1.0
0.999978675309,0.884983036639, 1.0
0.999993867933,0.884991096529, 1.0
0.999998236703,0.88499341422, 1.0
0.99999949296,0.884994080681, 0.0
0.1272,0.336486538403, 0.0
0.10117126153,0.394050448565, 0.0
0.312326920987,0.518059792517, 1.0
0.566622286807,0.654877883536, 0.0
0.534991063721,0.638249548171, 0.0
0.529281797431,0.635259787894, 1.0
0.777097742549,0.76674087618, 1.0
0.921250875193,0.843216842391, 1.0
0.975761926364,0.87213572552, 0.0
0.915493375533,0.840162453654, 1.0
0.973855070312,0.871124114756, 1.0
0.992314182276,0.880916920582, 1.0
0.997775652497,0.883814303575, 1.0
0.999359194231,0.884654393642, 1.0
0.999815636372,0.884896542302, 1.0
0.999946977708,0.884966220638, 0.0
0.999786418133,0.884881041636, 1.0
0.999938573152,0.884961761909, 1.0
