0.0101,0.281191328457, 0.0
0.183401573886,0.403752659156, 1.0
0.351051235108,0.514276404878, 1.0
0.628187398742,0.681344003397, 0.0
0.451251396881,0.576910630065, 0.0
0.401649627271,0.547817369925, 1.0
0.677309791466,0.710990568013, 1.0
0.879428869715,0.830464707202, 1.0
0.0101,0.281191328457, 0.0
0.183401573886,0.403752659156, 0.0
0.337505562331,0.503648896194, 1.0
0.61766259958,0.674641634261, 1.0
0.84950898308,0.81265992128, 0.0
0.604985162279,0.668113479068, 1.0
0.839714664975,0.806981758561, 0.0
0.594196122691,0.661901520834, 1.0
0.0101,0.281191328457, 0.0
0.183401573886,0.403752659156, 0.0
0.337505562331,0.503648896194, 0.0
0.369128921609,0.525510629593, 1.0
0.648851983947,0.693666956481, 1.0
0.865647259674,0.82226573032, 1.0
0.958620091195,0.877256944699, 0.0
0.823628893953,0.797486605703, 1.0
0.0101,0.281191328457, 1.0
0.216856965862,0.430106528176, 0.0
0.351051235108,0.514276404878, 0.0
0.376310280277,0.53106673622, 0.0
0.384157111356,0.536652747028, 0.0
0.387523767583,0.539158472161, 0.0
0.389234901674,0.540456673374, 0.0
0.390166842348,0.541168523408, 0.0
0.0101,0.281191328457, 1.0
0.216856965862,0.430106528176, 1.0
0.4166890931,0.55502574511, 1.0
0.697266966239,0.722531617204, 1.0
0.889930430173,0.836643945798, 1.0
0.966806034317,0.882096475756, 1.0
0.990627223794,0.896174258976, 1.0
0.997404664555,0.900179067573, 1.0
0.0101,0.281191328457, 1.0
0.216856965862,0.430106528176, 0.0
0.351051235108,0.514276404878, 1.0
0.628187398742,0.681344003397, 1.0
0.85443042266,0.815623840519, 1.0
0.954713842473,0.874947540304, 1.0
0.98708661223,0.894081881917, 1.0
0.996414206742,0.899593806763, 1.0
0.0101,0.281191328457, 1.0
0.216856965862,0.430106528176, 0.0
0.351051235108,0.514276404878, 0.0
0.376310280277,0.53106673622, 0.0
0.384157111356,0.536652747028, 1.0
0.660298396483,0.700806399596, 0.0
0.466162434771,0.586116949847, 1.0
0.739004266109,0.747474246322, 1.0
0.0101,0.281191328457, 0.0
0.183401573886,0.403752659156, 0.0
0.337505562331,0.503648896194, 0.0
0.369128921609,0.525510629593, 0.0
0.380219674325,0.53362510936, 1.0
0.657656790341,0.699132085843, 0.0
0.464579283441,0.585082128973, 1.0
0.737871458001,0.746791046535, 0.0
0.0101,0.281191328457, 0.0
0.183401573886,0.403752659156, 1.0
0.351051235108,0.514276404878, 0.0
0.376310280277,0.53106673622, 0.0
0.384157111356,0.536652747028, 1.0
0.660298396483,0.700806399596, 1.0
0.870907654806,0.825415346974, 1.0
0.960353415278,0.878284741607, 1.0
0.0101,0.281191328457, 0.0
0.183401573886,0.403752659156, 1.0
0.351051235108,0.514276404878, 1.0
0.628187398742,0.681344003397, 1.0
0.85443042266,0.815623840519, 1.0
0.954713842473,0.874947540304, 1.0
0.98708661223,0.894081881917, 0.0
0.934212625641,0.862839020729, 1.0
0.0101,0.281191328457, 1.0
0.216856965862,0.430106528176, 0.0
0.351051235108,0.514276404878, 0.0
0.376310280277,0.53106673622, 0.0
0.384157111356,0.536652747028, 0.0
0.387523767583,0.539158472161, 1.0
0.662733472182,0.702327556141, 1.0
0.87200242466,0.826071123949, 1.0
0.0101,0.281191328457, 0.0
0.183401573886,0.403752659156, 1.0
0.351051235108,0.514276404878, 0.0
0.376310280277,0.53106673622, 1.0
0.653812549509,0.696818467781, 0.0
0.462770737572,0.583978685734, 1.0
0.736370468167,0.745899202959, 1.0
0.907600817528,0.847112229157, 0.0
0.0101,0.281191328457, 0.0
0.183401573886,0.403752659156, 0.0
0.337505562331,0.503648896194, 0.0
0.369128921609,0.525510629593, 1.0
0.648851983947,0.693666956481, 1.0
0.865647259674,0.82226573032, 0.0
0.626459670469,0.680900769954, 0.0
0.452619030506,0.57819925828, 1.0
0.0101,0.281191328457, 0.0
0.183401573886,0.403752659156, 1.0
0.351051235108,0.514276404878, 0.0
0.376310280277,0.53106673622, 0.0
0.384157111356,0.536652747028, 1.0
0.660298396483,0.700806399596, 1.0
0.870907654806,0.825415346974, 0.0
0.634191287162,0.6855337391, 1.0
0.0101,0.281191328457, 0.0
0.183401573886,0.403752659156, 0.0
0.337505562331,0.503648896194, 1.0
0.61766259958,0.674641634261, 0.0
0.445678296401,0.573237009915, 1.0
0.722562340146,0.737647290897, 1.0
0.90153261244,0.843517262981, 1.0
0.970584110215,0.884330380836, 1.0
