0.1104,0.325306872335, 0.0
0.220156824576,0.395190810996, 1.0
0.431413213459,0.518990592596, 1.0
0.709337982913,0.669976061519, 0.0
0.563384194865,0.591184767971, 0.0
0.483360700825,0.547997257207, 1.0
0.753247264813,0.69373788734, 1.0
0.915383049786,0.781272671345, 1.0
0.1104,0.325306872335, 0.0
0.220156824576,0.395190810996, 1.0
0.431413213459,0.518990592596, 0.0
0.43290241652,0.520194740351, 0.0
0.434449839389,0.521269055852, 1.0
0.71019226184,0.670474760702, 0.0
0.564157578055,0.591636365384, 0.0
0.483813001633,0.548265840741, 1.0
0.1104,0.325306872335, 0.0
0.220156824576,0.395190810996, 1.0
0.431413213459,0.518990592596, 1.0
0.709337982913,0.669976061519, 0.0
0.563384194865,0.591184767971, 0.0
0.483360700825,0.547997257207, 1.0
0.753247264813,0.69373788734, 0.0
0.59693375324,0.6093483851, 0.0
0.1104,0.325306872335, 0.0
0.220156824576,0.395190810996, 0.0
0.362786440245,0.477926356789, 0.0
0.404049717988,0.502471895042, 1.0
0.687212239375,0.657920492363, 0.0
0.548093983342,0.582835612272, 1.0
0.803130487424,0.720663310641, 1.0
0.935851938824,0.792323095001, 0.0
0.1104,0.325306872335, 0.0
0.220156824576,0.395190810996, 0.0
0.362786440245,0.477926356789, 1.0
0.647785360785,0.636469364078, 1.0
0.865201894537,0.754166742583, 1.0
0.95865458054,0.804633401016, 1.0
0.988329787807,0.820654745501, 1.0
0.996787729711,0.825220979699, 1.0
0.1104,0.325306872335, 0.0
0.220156824576,0.395190810996, 0.0
0.362786440245,0.477926356789, 0.0
0.404049717988,0.502471895042, 0.0
0.420385612682,0.512451129266, 0.0
0.428059749814,0.517243086367, 1.0
0.705828849305,0.668084972449, 1.0
0.894003925226,0.769728491832, 1.0
0.1104,0.325306872335, 1.0
0.432543685414,0.518932642221, 1.0
0.712656459729,0.671728493392, 0.0
0.565521183356,0.592302357885, 1.0
0.814860962475,0.726999249646, 0.0
0.654903679645,0.640641995858, 0.0
0.529178290258,0.572767029006, 1.0
0.789115479855,0.713104033139, 0.0
0.1104,0.325306872335, 0.0
0.220156824576,0.395190810996, 0.0
0.362786440245,0.477926356789, 0.0
0.404049717988,0.502471895042, 0.0
0.420385612682,0.512451129266, 0.0
0.428059749814,0.517243086367, 1.0
0.705828849305,0.668084972449, 1.0
0.894003925226,0.769728491832, 1.0
0.1104,0.325306872335, 0.0
0.220156824576,0.395190810996, 0.0
0.362786440245,0.477926356789, 0.0
0.404049717988,0.502471895042, 0.0
0.420385612682,0.512451129266, 0.0
0.428059749814,0.517243086367, 1.0
0.705828849305,0.668084972449, 0.0
0.560973654069,0.589886793112, 0.0
0.1104,0.325306872335, 0.0
0.220156824576,0.395190810996, 1.0
0.431413213459,0.518990592596, 1.0
0.709337982913,0.669976061519, 0.0
0.563384194865,0.591184767971, 1.0
0.813319319877,0.726168686628, 1.0
0.939770663234,0.794438883744, 1.0
0.982717051369,0.817624590779, 1.0
0.1104,0.325306872335, 0.0
0.220156824576,0.395190810996, 0.0
0.362786440245,0.477926356789, 1.0
0.647785360785,0.636469364078, 0.0
0.523781914274,0.56958477496, 1.0
0.785955386022,0.711384304996, 0.0
0.625735626267,0.624885079359, 0.0
0.513141120245,0.564101403581, 0.0
0.1104,0.325306872335, 0.0
0.220156824576,0.395190810996, 0.0
0.362786440245,0.477926356789, 1.0
0.647785360785,0.636469364078, 1.0
0.865201894537,0.754166742583, 0.0
0.715922194443,0.673570570613, 1.0
0.898670199397,0.772249179948, 1.0
0.96983958541,0.81067236614, 1.0
0.1104,0.325306872335, 1.0
0.432543685414,0.518932642221, 1.0
0.712656459729,0.671728493392, 1.0
0.897358464653,0.771537819817, 1.0
0.969420578062,0.810446048121, 1.0
0.991447326004,0.822337833577, 1.0
0.997651972146,0.825687561656, 1.0
0.999358708431,0.826608983478, 1.0
0.1104,0.325306872335, 0.0
0.220156824576,0.395190810996, 0.0
0.362786440245,0.477926356789, 0.0
0.404049717988,0.502471895042, 0.0
0.420385612682,0.512451129266, 1.0
0.700300124741,0.665060658352, 0.0
0.557030259288,0.587723034473, 1.0
0.809111906649,0.723895667354, 1.0
0.1104,0.325306872335, 0.0
0.220156824576,0.395190810996, 0.0
0.362786440245,0.477926356789, 0.0
0.404049717988,0.502471895042, 1.0
0.687212239375,0.657920492363, 1.0
0.885248749719,0.764997031632, 1.0
0.96543873671,0.808296251707, 1.0
0.990300916624,0.821718914173, 1.0
0.1104,0.325306872335, 0.0
0.220156824576,0.395190810996, 0.0
0.362786440245,0.477926356789, 1.0
0.647785360785,0.636469364078, 0.0
0.523781914274,0.56958477496, 1.0
0.785955386022,0.711384304996, 1.0
0.929059768978,0.788655930523, 1.0
0.979451878472,0.815861796551, 0.0
0.1104,0.325306872335, 0.0
0.220156824576,0.395190810996, 1.0
0.431413213459,0.518990592596, 1.0
0.709337982913,0.669976061519, 1.0
0.895682819034,0.770634753094, 0.0
0.761408050905,0.698142451191, 0.0
0.603769807398,0.613037719808, 1.0
0.83893998602,0.74000301488, 1.0
0.1104,0.325306872335, 0.0
0.220156824576,0.395190810996, 1.0
0.431413213459,0.518990592596, 1.0
0.709337982913,0.669976061519, 1.0
0.895682819034,0.770634753094, 0.0
0.761408050905,0.698142451191, 1.0
0.918877603551,0.783159241966, 1.0
0.97628811783,0.814153778783, 1.0
0.1104,0.325306872335, 0.0
0.220156824576,0.395190810996, 0.0
0.362786440245,0.477926356789, 0.0
0.404049717988,0.502471895042, 1.0
0.687212239375,0.657920492363, 1.0
0.885248749719,0.764997031632, 1.0
0.96543873671,0.808296251707, 1.0
0.990300916624,0.821718914173, 1.0
0.1104,0.325306872335, 0.0
0.220156824576,0.395190810996, 0.0
0.362786440245,0.477926356789, 0.0
0.404049717988,0.502471895042, 1.0
0.687212239375,0.657920492363, 1.0
0.885248749719,0.764997031632, 0.0
0.744981018185,0.689267772609, 0.0
0.590188914006,0.605699865792, 1.0
0.1104,0.325306872335, 1.0
0.432543685414,0.518932642221, 0.0
0.431413213459,0.518990592596, 0.0
0.43290241652,0.520194740351, 0.0
0.434449839389,0.521269055852, 0.0
0.435578902168,0.522021742764, 0.0
0.436320106376,0.522507981753, 1.0
0.711250633744,0.6710594748, 0.0
