-0.0614,0.32240618652, 0.0
0.328960803209,0.451601743707, 0.0
0.570334759483,0.530475379103, 0.0
0.663144329688,0.560923430314, 0.0
0.711450275346,0.576860022422, 1.0
0.872622124458,0.628531154387, 0.0
0.864767132977,0.626389742505, 1.0
0.944420639988,0.649736436923, 0.0
-0.0614,0.32240618652, 0.0
0.328960803209,0.451601743707, 0.0
0.570334759483,0.530475379103, 1.0
0.784806975986,0.602385484646, 1.0
0.907288316896,0.639151325267, 1.0
0.962355420902,0.654848407887, 1.0
0.985049004387,0.661175354479, 1.0
0.994111610982,0.663679248394, 1.0
-0.0614,0.32240618652, 0.0
0.328960803209,0.451601743707, 1.0
0.539235862254,0.529443956725, 1.0
0.75414855761,0.595686539656, 1.0
0.888794777526,0.634375338219, 1.0
0.953702474822,0.652520616391, 1.0
0.98141071201,0.660183691439, 1.0
0.992645988056,0.663277883618, 1.0
-0.0614,0.32240618652, 0.0
0.328960803209,0.451601743707, 0.0
0.570334759483,0.530475379103, 0.0
0.663144329688,0.560923430314, 0.0
0.711450275346,0.576860022422, 0.0
0.740584363846,0.586540659739, 1.0
0.887580332206,0.633007872966, 1.0
0.954482158866,0.652563180377, 1.0
-0.0614,0.32240618652, 1.0
0.257333011391,0.44506586189, 1.0
0.445317741277,0.507813182726, 0.0
0.60201972185,0.552524887441, 1.0
0.796158239423,0.608596606966, 0.0
0.801727693949,0.610181811659, 0.0
0.806082284998,0.611425515563, 1.0
0.914409732203,0.641684381682, 0.0
-0.0614,0.32240618652, 0.0
0.328960803209,0.451601743707, 0.0
0.570334759483,0.530475379103, 0.0
0.663144329688,0.560923430314, 0.0
0.711450275346,0.576860022422, 0.0
0.740584363846,0.586540659739, 1.0
0.887580332206,0.633007872966, 1.0
0.954482158866,0.652563180377, 1.0
-0.0614,0.32240618652, 0.0
0.328960803209,0.451601743707, 0.0
0.570334759483,0.530475379103, 1.0
0.784806975986,0.602385484646, 0.0
0.791938418538,0.604734596297, 1.0
0.910545079816,0.640120033038, 0.0
0.90145054165,0.637598023555, 1.0
0.959703853589,0.65412792972, 1.0
-0.0614,0.32240618652, 1.0
0.257333011391,0.44506586189, 1.0
0.445317741277,0.507813182726, 1.0
0.670915555189,0.573681803488, 1.0
0.839355123308,0.620938797593, 1.0
0.930414330935,0.646146579899, 1.0
0.971565717138,0.657483126036, 1.0
0.988669751664,0.662186316358, 1.0
-0.0614,0.32240618652, 0.0
0.328960803209,0.451601743707, 0.0
0.570334759483,0.530475379103, 0.0
0.663144329688,0.560923430314, 1.0
0.845608695055,0.620474255136, 1.0
0.936156701306,0.647350209442, 1.0
0.974504608707,0.658230595576, 1.0
0.989940321099,0.662525979853, 0.0
-0.0614,0.32240618652, 1.0
0.257333011391,0.44506586189, 0.0
0.539235862254,0.529443956725, 0.0
0.645940630236,0.561442943305, 1.0
0.828864274987,0.616959029268, 1.0
0.926659798623,0.644925562185, 0.0
0.918007354174,0.642535091315, 1.0
0.966480006364,0.656053297022, 1.0
-0.0614,0.32240618652, 0.0
0.328960803209,0.451601743707, 0.0
0.570334759483,0.530475379103, 1.0
0.784806975986,0.602385484646, 1.0
0.907288316896,0.639151325267, 1.0
0.962355420902,0.654848407887, 1.0
0.985049004387,0.661175354479, 1.0
0.994111610982,0.663679248394, 1.0
-0.0614,0.32240618652, 1.0
0.257333011391,0.44506586189, 0.0
0.539235862254,0.529443956725, 1.0
0.75414855761,0.595686539656, 0.0
0.770205759496,0.600347793115, 0.0
0.781821654725,0.603732261803, 0.0
0.790471816973,0.606263748777, 1.0
0.907455198418,0.639617782715, 1.0
-0.0614,0.32240618652, 0.0
0.328960803209,0.451601743707, 1.0
0.539235862254,0.529443956725, 0.0
0.645940630236,0.561442943305, 0.0
0.701134569976,0.578040759394, 1.0
0.861928750323,0.626382463003, 1.0
0.942109831623,0.64923202572, 1.0
0.976698951673,0.658872860974, 1.0
-0.0614,0.32240618652, 0.0
0.328960803209,0.451601743707, 0.0
0.570334759483,0.530475379103, 0.0
0.663144329688,0.560923430314, 0.0
0.711450275346,0.576860022422, 0.0
0.740584363846,0.586540659739, 1.0
0.887580332206,0.633007872966, 0.0
0.878733493075,0.630565215371, 1.0
-0.0614,0.32240618652, 0.0
0.328960803209,0.451601743707, 1.0
0.539235862254,0.529443956725, 0.0
0.645940630236,0.561442943305, 0.0
0.701134569976,0.578040759394, 0.0
0.734302202304,0.588051894469, 1.0
0.880241996876,0.631609249719, 1.0
0.950345990815,0.651529015873, 0.0
-0.0614,0.32240618652, 0.0
0.328960803209,0.451601743707, 0.0
0.570334759483,0.530475379103, 1.0
0.784806975986,0.602385484646, 0.0
0.791938418538,0.604734596297, 1.0
0.910545079816,0.640120033038, 1.0
0.963693336766,0.655228215865, 1.0
0.985581637592,0.661323596939, 1.0
-0.0614,0.32240618652, 0.0
0.328960803209,0.451601743707, 1.0
0.539235862254,0.529443956725, 0.0
0.645940630236,0.561442943305, 1.0
0.828864274987,0.616959029268, 0.0
0.827498501865,0.616651092157, 0.0
0.826415208594,0.616418573327, 1.0
0.925291252574,0.644572224803, 1.0
