RMSE: 0.476938041341


Errors: (prediction - observation)

[ 0.28119133 -0.59624734 -0.4857236   0.681344    0.57691063 -0.45218263
 -0.28900943 -0.16953529  0.        ]
[ 0.28119133  0.40375266 -0.4963511  -0.32535837  0.81265992 -0.33188652
  0.80698176 -0.33809848  0.        ]
[ 0.28119133  0.40375266  0.5036489  -0.47448937 -0.30633304 -0.17773427
  0.87725694 -0.20251339  0.        ]
[-0.71880867  0.43010653  0.5142764   0.53106674  0.53665275  0.53915847
  0.54045667  0.54116852  0.        ]
[-0.71880867 -0.56989347 -0.44497425 -0.27746838 -0.16335605 -0.11790352
 -0.10382574 -0.09982093  0.        ]
[-0.71880867  0.43010653 -0.4857236  -0.318656   -0.18437616 -0.12505246
 -0.10591812 -0.10040619  0.        ]
[-0.71880867  0.43010653  0.5142764   0.53106674 -0.46334725  0.7008064
 -0.41388305 -0.25252575  0.        ]
[ 0.28119133  0.40375266  0.5036489   0.52551063 -0.46637489  0.69913209
 -0.41491787  0.74679105  0.        ]
[ 0.28119133 -0.59624734  0.5142764   0.53106674 -0.46334725 -0.2991936
 -0.17458465 -0.12171526  0.        ]
[ 0.28119133 -0.59624734 -0.4857236  -0.318656   -0.18437616 -0.12505246
  0.89408188 -0.13716098  0.        ]
[-0.71880867  0.43010653  0.5142764   0.53106674  0.53665275 -0.46084153
 -0.29767244 -0.17392888  0.        ]
[ 0.28119133 -0.59624734  0.5142764  -0.46893326  0.69681847 -0.41602131
 -0.2541008   0.84711223  0.        ]
[ 0.28119133  0.40375266  0.5036489  -0.47448937 -0.30633304  0.82226573
  0.68090077 -0.42180074  0.        ]
[ 0.28119133 -0.59624734  0.5142764   0.53106674 -0.46334725 -0.2991936
  0.82541535 -0.31446626  0.        ]
[ 0.28119133  0.40375266 -0.4963511   0.67464163 -0.42676299 -0.26235271
 -0.15648274 -0.11566962  0.        ]
