RMSE: 0.385269647902


Errors: (prediction - observation)

[ 0.33648654 -0.60594955 -0.45506988 -0.30988644 -0.1950778  -0.14131799
 -0.12289732 -0.1173034  -0.11566877 -0.11519653 -0.11506055 -0.11502144
 -0.11501019 -0.11500696 -0.11500603 -0.11500576 -0.11500568 -0.11500566
  0.        ]
[ 0.33648654  0.39405045 -0.48194021  0.65487788 -0.36175045  0.76926648
  0.69077993  0.65153282 -0.36078112 -0.23026624 -0.15549436 -0.12744072
 -0.11865276 -0.11606044 -0.11530946 -0.11509305 -0.11503079 -0.11501288
  0.        ]
[ 0.33648654  0.39405045 -0.48194021  0.65487788 -0.36175045 -0.23073352
 -0.15568273 -0.12750201 -0.11867108 -0.11606577  0.884689    0.88376848
 -0.11987306 -0.11641609 -0.11541213 -0.11512261 -0.11503929  0.88498468
  0.        ]
[ 0.33648654 -0.60594955 -0.45506988 -0.30988644 -0.1950778   0.85868201
 -0.19541853 -0.14147808 -0.12294877  0.88268137 -0.12407185 -0.1176504
 -0.11576933 -0.11522551 -0.11506889 -0.11502384 -0.11501088 -0.11500715
  0.        ]
[-0.66351346 -0.44745668  0.75138715  0.66969773  0.6418498   0.63598685
  0.6349926   0.63486313 -0.36514107 -0.23363792 -0.15695066 -0.1279196
 -0.11879613 -0.11610215 -0.1153215  -0.11509652 -0.11503178 -0.11501317
  0.        ]
[-0.66351346  0.55254332  0.54493012  0.60337693  0.62475119  0.63175265
  0.63394407 -0.36539725 -0.23383424 -0.15703585  0.87205232 -0.16008889
 -0.12895959 -0.11910824 -0.11619303 -0.11534772 -0.11510407 -0.11503395
  0.        ]
[ 0.33648654  0.39405045 -0.48194021 -0.34512212 -0.21772341 -0.15019325
 -0.12571525 -0.11813794 -0.11591081 -0.1152663  -0.11508063 -0.11502721
 -0.11501185 -0.11500743 -0.11500616 -0.1150058  -0.11500569 -0.11500566
  0.        ]
[ 0.33648654 -0.60594955  0.54493012 -0.39662307 -0.25819572 -0.16805579
 -0.13164569 -0.11991903 -0.11642951 -0.115416   -0.11512372  0.88496039
 -0.11514243 -0.11504499 -0.11501696 -0.1150089  -0.11500659  0.88499408
  0.        ]
[ 0.33648654  0.39405045 -0.48194021  0.65487788  0.63824955 -0.36474021
 -0.23325912 -0.15678316  0.87213573 -0.15983755 -0.12887589 -0.11908308
 -0.1161857  -0.11534561 -0.11510346  0.88496622 -0.11511896 -0.11503824
  0.        ]
