RMSE: 0.36352977195


Errors: (prediction - observation)

[ 0.37233659 -0.58087357 -0.47859858 -0.32067156 -0.19349657 -0.13853317
 -0.12162886 -0.11706625 -0.11589068 -0.11559369 -0.11551949 -0.11550109
 -0.11549656 -0.11549545 -0.11549518 -0.11549512 -0.1154951  -0.1154951   0.        ]
[ 0.37233659 -0.58087357  0.52140142 -0.45776584  0.70364215 -0.38513377
 -0.23068908 -0.15059144 -0.1247425  -0.117818   -0.11606898 -0.11563579
  0.88447058 -0.11564722 -0.11553182 -0.11550394 -0.11549722  0.8845044   0.        ]
[ 0.37233659  0.41912643 -0.49283627  0.66220191 -0.40915966  0.74989262
  0.64586731  0.6010214   0.59217058  0.59279776 -0.40503256 -0.24260986
 -0.1536299  -0.12522938 -0.11786391 -0.11606401 -0.11563116 -0.11552757
  0.        ]
[ 0.37233659  0.41912643 -0.49283627  0.66220191 -0.40915966 -0.25010738
 -0.15852798 -0.12710849 -0.11845089 -0.11623189 -0.11567699 -0.11553973
 -0.11550599 -0.11549775  0.88450426 -0.11549794 -0.11549578 -0.11549526
  0.        ]
[ 0.37233659  0.41912643  0.50716373 -0.45901734 -0.29755957 -0.1801772
 -0.13380714 -0.12025421 -0.11669508 -0.11579371  0.88443118 -0.11582284
 -0.11557486 -0.11551444 -0.11549977 -0.11549622 -0.11549537 -0.11549516
  0.        ]
[ 0.37233659  0.41912643 -0.49283627 -0.33779809  0.79706102 -0.3155067
 -0.18828832 -0.13610694 -0.1208097  -0.11682353 -0.11582311 -0.11557555
  0.88448527 -0.11558217 -0.11551613 -0.11550016 -0.11549631 -0.11549539
  0.        ]
