RMSE: 0.466313830464


Errors: (prediction - observation)

[ 0.32240619  0.45160174  0.53047538  0.56092343 -0.42313998  0.62853115
 -0.37361026  0.64973644  0.        ]
[ 0.32240619  0.45160174 -0.46952462 -0.39761452 -0.36084867 -0.34515159
 -0.33882465 -0.33632075  0.        ]
[ 0.32240619 -0.54839826 -0.47055604 -0.40431346 -0.36562466 -0.34747938
 -0.33981631 -0.33672212  0.        ]
[ 0.32240619  0.45160174  0.53047538  0.56092343  0.57686002 -0.41345934
 -0.36699213 -0.34743682  0.        ]
[-0.67759381 -0.55493414  0.50781318 -0.44747511  0.60859661  0.61018181
 -0.38857448  0.64168438  0.        ]
[ 0.32240619  0.45160174  0.53047538  0.56092343  0.57686002 -0.41345934
 -0.36699213 -0.34743682  0.        ]
[ 0.32240619  0.45160174 -0.46952462  0.60238548 -0.3952654   0.64012003
 -0.36240198 -0.34587207  0.        ]
[-0.67759381 -0.55493414 -0.49218682 -0.4263182  -0.3790612  -0.35385342
 -0.34251687 -0.33781368  0.        ]
[ 0.32240619  0.45160174  0.53047538 -0.43907657 -0.37952574 -0.35264979
 -0.3417694   0.66252598  0.        ]
[-0.67759381  0.44506586  0.52944396 -0.43855706 -0.38304097  0.64492556
 -0.35746491 -0.3439467   0.        ]
[ 0.32240619  0.45160174 -0.46952462 -0.39761452 -0.36084867 -0.34515159
 -0.33882465 -0.33632075  0.        ]
[-0.67759381  0.44506586 -0.47055604  0.59568654  0.60034779  0.60373226
 -0.39373625 -0.36038222  0.        ]
[ 0.32240619 -0.54839826  0.52944396  0.56144294 -0.42195924 -0.37361754
 -0.35076797 -0.34112714  0.        ]
[ 0.32240619  0.45160174  0.53047538  0.56092343  0.57686002 -0.41345934
  0.63300787 -0.36943478  0.        ]
[ 0.32240619 -0.54839826  0.52944396  0.56144294  0.57804076 -0.41194811
 -0.36839075  0.65152902  0.        ]
[ 0.32240619  0.45160174 -0.46952462  0.60238548 -0.3952654  -0.35987997
 -0.34477178 -0.3386764   0.        ]
[ 0.32240619 -0.54839826  0.52944396 -0.43855706  0.61695903  0.61665109
 -0.38358143 -0.35542778  0.        ]
