RMSE: 0.404916973986


Errors: (prediction - observation)

[-0.7192714  -0.47057545 -0.2748871  -0.17125603 -0.13702606  0.87263011
 -0.13901861 -0.12796054 -0.12490813 -0.12407847  0.87614623 -0.12413526
 -0.12386917  0.87620288 -0.12388744 -0.12380207 -0.12377897 -0.12377271
  0.        ]
[ 0.2807286  -0.64815539 -0.49263472 -0.29331567 -0.17858895 -0.13920756
 -0.12797112 -0.12490654 -0.12407757 -0.12385347 -0.12379287 -0.12377647
  0.87622796 -0.1237776  -0.12377234 -0.12377092 -0.12377053 -0.12377043
  0.        ]
[ 0.2807286  -0.64815539 -0.49263472 -0.29331567 -0.17858895  0.86079244
 -0.18259166  0.85915599 -0.18756588 -0.14264325 -0.12900477 -0.12519597
 -0.12415679 -0.123875   -0.1237987  -0.12377805 -0.12377246 -0.12377095
  0.        ]
[ 0.2807286   0.35184461  0.44468925  0.46063481  0.46498327 -0.53302154
 -0.30470175 -0.1778742  -0.1382832  -0.12763597 -0.12480705 -0.12404975
 -0.12384586 -0.1237908  -0.12377591 -0.12377189 -0.1237708  -0.1237705   0.        ]
[-0.7192714  -0.47057545 -0.2748871  -0.17125603 -0.13702606 -0.12736989
 -0.12474351 -0.12403347 -0.12384155  0.87621036 -0.1238547  -0.12379321
 -0.12377657  0.87622794 -0.12377771 -0.12377237 -0.12377093 -0.12377054
  0.        ]
[ 0.2807286   0.35184461  0.44468925  0.46063481  0.46498327  0.46697846
 -0.53166396  0.69562712 -0.4280101   0.7573471   0.630937    0.55531304
  0.53042628  0.52253089  0.51870792  0.51575635 -0.48702162 -0.29725251
  0.        ]
[ 0.2807286   0.35184461  0.44468925  0.46063481 -0.53501673 -0.30549611
  0.82207285  0.7168      0.59811088 -0.45728759 -0.27807532 -0.17487296
 -0.13840254 -0.12778337 -0.12485931  0.87593482 -0.12505786 -0.12411928
  0.        ]
[ 0.2807286   0.35184461 -0.55531075 -0.32491435 -0.18524919 -0.14029768
 -0.1281674  -0.12494849 -0.12408772 -0.1238561  -0.12379357 -0.12377666
 -0.12377209 -0.12377085 -0.12377052 -0.12377043 -0.1237704  -0.12377039
  0.        ]
[ 0.2807286   0.35184461  0.44468925  0.46063481 -0.53501673 -0.30549611
  0.82207285 -0.2832     -0.1744071  -0.13794529  0.8723786  -0.14004615
  0.87175199 -0.14254037 -0.12897564 -0.12518799 -0.12415463 -0.12387441
  0.        ]
[ 0.2807286   0.35184461  0.44468925  0.46063481  0.46498327  0.46697846
  0.46833604  0.46941634  0.47031589 -0.52892494 -0.30386192 -0.17822644
 -0.13848039 -0.12770063  0.87517431  0.87164499 -0.14300055 -0.12908763
  0.        ]
[-0.7192714  -0.47057545  0.7251129   0.60443445 -0.45445157 -0.27641494
  0.82570779 -0.27058613  0.82679693 -0.26762053 -0.17256774 -0.1379346
  0.87232138 -0.14022575 -0.12833037 -0.12501239 -0.12410708 -0.12386155
  0.        ]
[ 0.2807286   0.35184461  0.44468925 -0.53936519  0.69141754 -0.43241963
  0.75605453 -0.37117855 -0.21708407 -0.15164946 -0.1314885  -0.12586743
 -0.12433802 -0.12392396 -0.12381194 -0.12378164 -0.12377343 -0.12377121
  0.        ]
[ 0.2807286   0.35184461  0.44468925 -0.53936519 -0.30858246 -0.17884815
 -0.13848387 -0.12768091 -0.12481812  0.87594737 -0.12500444 -0.12410404
 -0.12386063 -0.12379481  0.876223   -0.12379932 -0.12377822 -0.12377251
  0.        ]
[ 0.2807286   0.35184461 -0.55531075 -0.32491435 -0.18524919  0.85970232
 -0.18692216 -0.14172961 -0.12866893 -0.12509589 -0.12412878 -0.12386732
 -0.12379662 -0.12377749 -0.12377231 -0.12377091 -0.12377053 -0.12377043
  0.        ]
[-0.7192714  -0.47057545 -0.2748871  -0.17125603 -0.13702606 -0.12736989
 -0.12474351 -0.12403347 -0.12384155 -0.12378964 -0.1237756  -0.1237718
 -0.12377077 -0.12377049 -0.12377042 -0.1237704  -0.12377039 -0.12377039
  0.        ]
[-0.7192714   0.52942455 -0.49263472  0.70668433 -0.40852321  0.75918696
 -0.36160057  0.78294251 -0.33400748 -0.20386697 -0.14808311 -0.13056672
  0.87437463 -0.13174369 -0.1259522  -0.12436258 -0.12393077 -0.1238138   0.        ]
[ 0.2807286  -0.64815539 -0.49263472 -0.29331567 -0.17858895 -0.13920756
 -0.12797112 -0.12490654 -0.12407757 -0.12385347 -0.12379287 -0.12377647
 -0.12377204 -0.12377084 -0.12377051 -0.12377042 -0.1237704  -0.12377039
  0.        ]
[ 0.2807286   0.35184461  0.44468925  0.46063481 -0.53501673  0.69450389
 -0.4298416   0.7571432   0.63019654  0.55426734 -0.47070217  0.71073667
  0.60090166  0.55210878  0.53746483 -0.46750124  0.70606503 -0.3989905   0.        ]
[-0.7192714  -0.47057545 -0.2748871  -0.17125603  0.86297394  0.82474826
  0.72772685  0.61705382  0.56406867  0.54833615  0.54383281  0.54196896
  0.54061352 -0.46073187 -0.29383977  0.81626362 -0.28646034 -0.18100476
  0.        ]
