RMSE: 0.471220992


Errors: (prediction - observation)

[ 0.32530687 -0.60480919 -0.48100941  0.66997606  0.59118477 -0.45200274
 -0.30626211 -0.21872733  0.        ]
[ 0.32530687 -0.60480919  0.51899059  0.52019474 -0.47873094  0.67047476
  0.59163637 -0.45173416  0.        ]
[ 0.32530687 -0.60480919 -0.48100941  0.66997606  0.59118477 -0.45200274
  0.69373789  0.60934839  0.        ]
[ 0.32530687  0.39519081  0.47792636 -0.4975281   0.65792049 -0.41716439
 -0.27933669  0.7923231   0.        ]
[ 0.32530687  0.39519081 -0.52207364 -0.36353064 -0.24583326 -0.1953666
 -0.17934525 -0.17477902  0.        ]
[ 0.32530687  0.39519081  0.47792636  0.5024719   0.51245113 -0.48275691
 -0.33191503 -0.23027151  0.        ]
[-0.67469313 -0.48106736  0.67172849 -0.40769764  0.72699925  0.640642
 -0.42723297  0.71310403  0.        ]
[ 0.32530687  0.39519081  0.47792636  0.5024719   0.51245113 -0.48275691
 -0.33191503 -0.23027151  0.        ]
[ 0.32530687  0.39519081  0.47792636  0.5024719   0.51245113 -0.48275691
  0.66808497  0.58988679  0.        ]
[ 0.32530687 -0.60480919 -0.48100941  0.66997606 -0.40881523 -0.27383131
 -0.20556112 -0.18237541  0.        ]
[ 0.32530687  0.39519081 -0.52207364  0.63646936 -0.43041523  0.7113843
  0.62488508  0.5641014   0.        ]
[ 0.32530687  0.39519081 -0.52207364 -0.36353064  0.75416674 -0.32642943
 -0.22775082 -0.18932763  0.        ]
[-0.67469313 -0.48106736 -0.32827151 -0.22846218 -0.18955395 -0.17766217
 -0.17431244 -0.17339102  0.        ]
[ 0.32530687  0.39519081  0.47792636  0.5024719  -0.48754887  0.66506066
 -0.41227697 -0.27610433  0.        ]
[ 0.32530687  0.39519081  0.47792636 -0.4975281  -0.34207951 -0.23500297
 -0.19170375 -0.17828109  0.        ]
[ 0.32530687  0.39519081 -0.52207364  0.63646936 -0.43041523 -0.2886157
 -0.21134407  0.8158618   0.        ]
[ 0.32530687 -0.60480919 -0.48100941 -0.33002394  0.77063475  0.69814245
 -0.38696228 -0.25999699  0.        ]
[ 0.32530687 -0.60480919 -0.48100941 -0.33002394  0.77063475 -0.30185755
 -0.21684076 -0.18584622  0.        ]
[ 0.32530687  0.39519081  0.47792636 -0.4975281  -0.34207951 -0.23500297
 -0.19170375 -0.17828109  0.        ]
[ 0.32530687  0.39519081  0.47792636 -0.4975281  -0.34207951  0.76499703
  0.68926777 -0.39430013  0.        ]
[-0.67469313  0.51893264  0.51899059  0.52019474  0.52126906  0.52202174
 -0.47749202  0.67105947  0.        ]
