RMSE: 0.421419763765


Errors: (prediction - observation)

[-0.72678519  0.30752549 -0.41936079  0.7214689   0.65542576  0.63410799
  0.63031804  0.63058559 -0.36858814 -0.21490403 -0.14017306 -0.11772545
 -0.11196515 -0.11052619  0.88983762 -0.11058898 -0.11017531 -0.11007066
  0.        ]
[ 0.27321481  0.48107005  0.60203718  0.62276579 -0.37148819  0.78056461
  0.69266488  0.64869281  0.63622104 -0.36647452  0.78834793 -0.30069607
 -0.17373258 -0.12649067 -0.11398137 -0.11097138 -0.11025837 -0.11008828
  0.        ]
[ 0.27321481  0.48107005 -0.39796282  0.75192644 -0.32727184  0.80523612
  0.71347451  0.65554797  0.6372703   0.63326925 -0.36726753 -0.21244023
 -0.13865718 -0.11709818 -0.11173815 -0.11044823 -0.11013628 -0.11005954
  0.        ]
[ 0.27321481  0.48107005  0.60203718 -0.37723421 -0.22661287 -0.14677209
 -0.12034464 -0.1128889  -0.11083805 -0.11026558  0.88989807 -0.11032458
 -0.1101141  -0.11005639 -0.11004012 -0.1100354  -0.11003401 -0.11003359
  0.        ]
[ 0.27321481 -0.51892995  0.58063921 -0.38455789 -0.2387301  -0.15433889
 -0.1235144  -0.11403805 -0.11123184 -0.11039705 -0.1101452   0.88993186
 -0.11018022 -0.11007536 -0.11004569 -0.11003707 -0.11003452  0.88996626
  0.        ]
[ 0.27321481  0.48107005 -0.39796282  0.75192644  0.67272816 -0.35916169
 -0.21204623 -0.14070147  0.8816299  -0.14261215 -0.11872994 -0.11232744
 -0.11065029 -0.11020384 -0.11008181  0.8899525  -0.11009345 -0.1100499   0.        ]
[ 0.27321481  0.48107005 -0.39796282 -0.24807356  0.84245372 -0.23816461
 -0.15197237 -0.1221095  -0.11344449 -0.11101089 -0.11031954 -0.11011887
  0.88994063 -0.11014344 -0.11006444 -0.11004239 -0.11003606 -0.1100342   0.        ]
[ 0.27321481  0.48107005  0.60203718  0.62276579 -0.37148819 -0.21943539
 -0.1428436   0.88119022  0.85577607 -0.21329322 -0.13995929  0.88221808
 -0.14066688 -0.11788735 -0.1120153  -0.11054166 -0.11016719 -0.11006966
  0.        ]
