0.36646950439,0.687589653903, 0.0
0.590781254059,0.509289104784, 0.0
0.754939525131,0.771293733843, 1.0
0.36646950439,0.687589653903, 0.0
0.590781254059,0.509289104784, 0.0
0.754939525131,0.771293733843, 1.0
0.36646950439,0.504507056295, 1.0
0.747358287573,0.835992862, 1.0
0.858485715015,0.847003895586, 1.0
0.36646950439,0.687589653903, 0.0
0.590781254059,0.509289104784, 1.0
0.849192806449,0.830222791742, 1.0
0.36646950439,0.504507056295, 0.0
0.636718487132,0.728881619395, 1.0
0.849192806449,0.830222791742, 1.0
