0.911619823101,0.705066931642, 1.0
0.98849024518,0.77104983901, 0.0
0.957458115064,0.505663155907, 0.0
0.921599295249,0.711723706255, 1.0
0.911619823101,0.705066931642, 1.0
0.98849024518,0.520899128775, 1.0
0.999255232349,0.763523847881, 1.0
0.911619823101,0.705066931642, 1.0
0.98849024518,0.756343098014, 1.0
0.911619823101,0.705066931642, 1.0
0.98849024518,0.520899128775, 1.0
0.999255232349,0.778307992319, 0.0
0.997152049069,0.762120926278, 1.0
0.911619823101,0.705066931642, 0.0
0.743776770409,0.593107766314, 1.0
0.911619823101,0.705066931642, 0.0
0.743776770409,0.593107766314, 0.0
0.911619823101,0.705066931642, 1.0
0.98849024518,0.756343098014, 1.0
0.911619823101,0.705066931642, 0.0
0.743776770409,0.400751145113, 1.0
0.978076669379,0.764028620268, 1.0
0.997155700083,0.762123361675, 1.0
0.911619823101,0.705066931642, 1.0
0.98849024518,0.77104983901, 0.0
0.957458115064,0.505663155907, 1.0
0.997159418872,0.762125842281, 1.0
0.911619823101,0.705066931642, 0.0
0.743776770409,0.606054945023, 0.0
0.461803111071,0.262309375011, 1.0
0.926743770065,0.715155311538, 0.0
0.911619823101,0.705066931642, 0.0
0.743776770409,0.400751145113, 0.0
0.61409578803,0.518619220613, 1.0
0.924187514669,0.713450169646, 1.0
0.911619823101,0.705066931642, 0.0
0.743776770409,0.606054945023, 0.0
0.461803111071,0.262309375011, 0.0
0.346902435473,0.32837402508, 1.0
0.911619823101,0.705066931642, 1.0
0.98849024518,0.756343098014, 0.0
0.911619823101,0.705066931642, 0.0
0.743776770409,0.400751145113, 1.0
0.978076669379,0.764028620268, 1.0
0.997155700083,0.762123361675, 1.0
