0.0179944018634,0.342676712026, 0.0
0.0411891515885,0.077942532652, 0.0
0.111230508792,0.443367089679, 1.0
0.204771039031,0.329578826624, 1.0
0.478244250516,0.597868947634, 1.0
0.730592799379,0.441710682641, 1.0
0.966648201346,0.921042761511, 1.0
0.986635602109,0.848108382406, 1.0
0.0179944018634,0.342676712026, 0.0
0.0411891515885,0.077942532652, 0.0
0.111230508792,0.443367089679, 1.0
0.204771039031,0.329578826624, 1.0
0.478244250516,0.613931485176, 1.0
0.718619751587,0.574804646091, 0.0
0.491587757304,0.454557600731, 0.0
0.329107519929,0.567812961774, 1.0
0.529320285108,0.68023397925, 1.0
0.733832043881,0.94930546585, 0.0
0.328757246612,0.321522624948, 0.0
0.310072335183,0.384687006449, 1.0
0.627136174139,0.687426636411, 0.0
0.3259201073,0.225675453759, 0.0
0.315622636161,0.547732703554, 1.0
0.516762833649,0.535231661319, 1.0
0.0179944018634,0.342676712026, 0.0
0.0411891515885,0.077942532652, 0.0
0.111230508792,0.443367089679, 1.0
0.204771039031,0.329578826624, 1.0
0.478244250516,0.597868947634, 0.0
0.253294954177,0.187487417826, 0.0
0.269400420189,0.523000842147, 0.0
0.26333348716,0.3611356628, 0.0
0.0179944018634,0.342676712026, 0.0
0.0411891515885,0.077942532652, 1.0
0.11598749372,0.447409368995, 1.0
0.22004727547,0.339919767634, 1.0
0.508088548501,0.466783138173, 1.0
0.855298279791,0.82864870425, 0.0
0.504291283332,0.321006811239, 1.0
0.912233447834,0.890452558975, 1.0
0.963756257809,0.832920175416, 1.0
0.0179944018634,0.342676712026, 0.0
0.0411891515885,0.077942532652, 0.0
0.111230508792,0.443367089679, 0.0
0.185411895033,0.313279602261, 0.0
0.228193958487,0.332240925584, 1.0
0.496489884131,0.665266535166, 1.0
0.704225795603,0.595680679389, 1.0
0.934127823922,0.713786580903, 1.0
0.989849057653,0.753243696604, 1.0
0.998495999093,0.916250175268, 1.0
0.999511800609,0.584392664714, 1.0
0.999955522585,0.939676345475, 1.0
0.999982552538,0.856962363984, 1.0
0.0179944018634,0.342676712026, 0.0
0.0411891515885,0.077942532652, 0.0
0.111230508792,0.443367089679, 1.0
0.204771039031,0.329578826624, 1.0
0.478244250516,0.597868947634, 0.0
0.253294954177,0.187487417826, 0.0
0.269400420189,0.523000842147, 1.0
0.453771010262,0.493540143421, 1.0
0.0179944018634,0.342676712026, 0.0
0.0411891515885,0.077942532652, 0.0
0.111230508792,0.443367089679, 1.0
0.204771039031,0.329578826624, 1.0
0.478244250516,0.597868947634, 0.0
0.253294954177,0.187487417826, 0.0
0.269400420189,0.523000842147, 0.0
0.26333348716,0.3611356628, 1.0
0.0179944018634,0.342676712026, 1.0
0.0763019177071,0.0969318670665, 1.0
0.390344680206,0.600522892493, 1.0
0.610590467133,0.598858341208, 1.0
0.872323333272,0.849061094064, 1.0
0.951648889931,0.758749512645, 1.0
0.991712254321,0.991358142531, 1.0
0.993541811348,0.845999010545, 0.0
0.969916563935,0.925198182653, 1.0
0.988123537379,0.75211275923, 0.0
0.96232289127,0.731857176847, 1.0
0.994534662666,0.940158978398, 1.0
0.997795017564,0.915818484208, 1.0
0.99928822495,0.584273990495, 1.0
0.999935256593,0.939665001915, 1.0
0.999974611768,0.856957095905, 1.0
0.0179944018634,0.342676712026, 0.0
0.0411891515885,0.077942532652, 0.0
0.111230508792,0.443367089679, 1.0
0.204771039031,0.329578826624, 1.0
0.478244250516,0.422559861889, 0.0
0.314697803144,0.312945317998, 1.0
0.725274766287,0.761017955338, 1.0
0.883337429714,0.877564041667, 0.0
0.515651419146,0.46987971831, 0.0
0.349562623598,0.413524000878, 0.0
0.283795139784,0.538896269315, 0.0
0.288055924131,0.865307932957, 1.0
0.384932165747,0.533211577592, 1.0
0.640435337212,0.393607172377, 1.0
0.949812829944,0.911575521726, 1.0
0.979738726254,0.843529756075, 0.0
0.0179944018634,0.342676712026, 0.0
0.0411891515885,0.077942532652, 0.0
0.111230508792,0.443367089679, 1.0
0.204771039031,0.329578826624, 1.0
0.478244250516,0.597868947634, 0.0
0.253294954177,0.187487417826, 1.0
0.730090912826,0.788233699228, 1.0
0.872805665584,0.772558242195, 1.0
0.0179944018634,0.342676712026, 0.0
0.0411891515885,0.077942532652, 0.0
0.111230508792,0.443367089679, 0.0
0.185411895033,0.313279602261, 1.0
0.409439281577,0.617931299497, 1.0
0.622590512388,0.699626894202, 1.0
0.824245087638,0.844877871689, 1.0
0.921077831768,0.979892648262, 1.0
0.937925167632,0.878975261449, 1.0
0.979264665762,0.573645994566, 1.0
0.998082012732,0.938627742438, 1.0
0.99924749926,0.856474718148, 1.0
0.0179944018634,0.342676712026, 1.0
0.0763019177071,0.0969318670665, 0.0
0.11598749372,0.447409368995, 0.0
0.176947047889,0.308233479255, 0.0
0.221310064316,0.253395253029, 0.0
0.252441651012,0.294306534645, 1.0
0.596023060906,0.668850503646, 1.0
0.816970149388,0.487511615458, 1.0
0.979746213672,0.928366267492, 1.0
0.991958474588,0.85163913907, 1.0
0.0179944018634,0.342676712026, 0.0
0.0411891515885,0.077942532652, 0.0
0.111230508792,0.443367089679, 1.0
0.204771039031,0.329578826624, 1.0
0.478244250516,0.908431571897, 0.0
0.266916650728,0.525272385755, 1.0
0.43930806287,0.632164277019, 0.0
0.266091995117,0.478498896199, 0.0
0.272163208712,0.460327574663, 0.0
0.292733431723,0.206702701482, 0.0
0.327265697764,0.549764347498, 0.0
0.311459548734,0.39044628259, 0.0
