0.0874556807191,0.25764409436, 1.0
0.0638199845692,0.126777893359, 0.0
0.557081163434,0.578597082713, 0.0
0.602811427797,0.353479553778, 0.0
0.567517200063,0.572865544238, 0.0
0.770093915663,0.425639901901, 0.0
0.56838513116,0.556085262162, 0.0
0.849596164101,0.460404191256, 1.0
0.562126401787,0.5399231172, 1.0
0.988549169975,0.521767698486, 1.0
0.0874556807191,0.25764409436, 1.0
0.0638199845692,0.126777893359, 0.0
0.557081163434,0.578597082713, 1.0
0.602811427797,0.356349304742, 0.0
0.852701971317,0.71288288989, 1.0
0.963348534896,0.767271789865, 1.0
0.991526658593,0.781122894696, 0.0
0.983488609259,0.777171749291, 1.0
0.996231406922,0.783435538468, 1.0
0.770903188371,0.425634679941, 0.0
0.999146725879,0.784834660806, 0.0
0.849868080058,0.460384892134, 0.0
0.0874556807191,0.25764409436, 1.0
0.0638199845692,0.126777893359, 0.0
0.557081163434,0.578597082713, 0.0
0.602811427797,0.353479553778, 1.0
0.567517200063,0.557731835521, 1.0
0.958213016355,0.508552052895, 0.0
0.87865719933,0.717273757337, 1.0
0.968148844772,0.512861246393, 1.0
0.0874556807191,0.25764409436, 0.0
0.0638199845692,0.145909618279, 0.0
0.411382080119,0.508798001718, 1.0
0.603130129206,0.364755129392, 1.0
0.946976147179,0.505173055041, 0.0
0.961136202298,0.510955659646, 0.0
0.971177987943,0.515056468253, 0.0
0.978444384887,0.518023879049, 0.0
0.779539398267,0.655732156957, 0.0
0.689708091563,0.602941901025, 1.0
0.938580830232,0.749194427577, 1.0
0.990215956834,0.779538320464, 1.0
0.998502075763,0.784407740212, 1.0
0.983779576304,0.519703652164, 0.0
0.999772093383,0.785153671345, 1.0
0.987324153414,0.521250118359, 1.0
0.0874556807191,0.25764409436, 0.0
0.0638199845692,0.145909618279, 1.0
0.411382080119,0.449368967757, 1.0
0.683386728562,0.39678765807, 1.0
0.961883377682,0.511171432731, 1.0
0.830248363968,0.685945723855, 0.0
0.996438021589,0.525278112812, 1.0
0.738890128799,0.631750744517, 1.0
0.999743085898,0.526714550871, 1.0
0.0874556807191,0.25764409436, 1.0
0.0638199845692,0.126777893359, 1.0
0.557081163434,0.531463722414, 1.0
0.697693199901,0.396907948816, 0.0
0.813791131418,0.446801935528, 0.0
0.874958043941,0.473088890694, 1.0
0.893195553666,0.722575927943, 1.0
0.989444605386,0.522260665654, 0.0
0.98231537479,0.774867809681, 0.0
0.991766748863,0.523198849019, 1.0
0.0874556807191,0.25764409436, 0.0
0.0638199845692,0.145909618279, 0.0
0.411382080119,0.508798001718, 0.0
0.603130129206,0.359142388578, 0.0
0.504699670408,0.540421167111, 0.0
0.771794611712,0.427936465839, 0.0
0.53849997629,0.53923108617, 1.0
0.851222746051,0.462166509755, 1.0
0.0874556807191,0.25764409436, 1.0
0.0638199845692,0.126777893359, 1.0
0.557081163434,0.531463722414, 1.0
0.697693199901,0.396907948816, 1.0
0.893195553666,0.72320226734, 1.0
0.96958277538,0.513669094279, 1.0
0.981807680592,0.774627924425, 1.0
0.997703669708,0.525828110214, 0.0
0.997173104296,0.783623882788, 1.0
0.998190864284,0.526036775878, 0.0
0.998571302435,0.526202874503, 1.0
0.999571677382,0.785035087435, 1.0
0.999935817976,0.785250110981, 1.0
0.999899211309,0.526782393269, 1.0
0.999990385275,0.785282330005, 1.0
0.999993088086,0.526823601198, 1.0
0.0874556807191,0.25764409436, 0.0
0.0638199845692,0.145909618279, 0.0
0.411382080119,0.508798001718, 0.0
0.603130129206,0.359142388578, 0.0
0.504699670408,0.540421167111, 1.0
0.838990551078,0.70568807233, 0.0
0.771794611712,0.426815245299, 0.0
0.76573542043,0.6604057912, 0.0
0.85070899159,0.460925651676, 0.0
0.0874556807191,0.25764409436, 0.0
0.0638199845692,0.145909618279, 0.0
0.411382080119,0.508798001718, 0.0
0.603130129206,0.359142388578, 1.0
0.504699670408,0.524252028561, 1.0
0.852650108232,0.70763083668, 1.0
0.967523860745,0.768172251577, 1.0
0.993406331583,0.781812977777, 1.0
0.99868463721,0.784594780268, 1.0
0.952577166824,0.506140313473, 1.0
0.999738530244,0.785141904571, 1.0
0.996506951928,0.525297871752, 1.0
0.0874556807191,0.25764409436, 1.0
0.0638199845692,0.126777893359, 0.0
0.557081163434,0.578597082713, 1.0
0.602811427797,0.356349304742, 1.0
0.852701971317,0.707837883457, 0.0
0.955236319339,0.507159167337, 0.0
0.965900313723,0.511844524511, 0.0
0.973774516989,0.515304152623, 0.0
0.979686466537,0.517901640414, 1.0
0.774540455532,0.652858945363, 1.0
0.958725091557,0.761044203898, 1.0
0.993517939378,0.781480616608, 1.0
0.999008639227,0.784705710706, 1.0
0.998588598376,0.526203569721, 1.0
0.999849005277,0.78519905273, 1.0
0.999905792137,0.526785025606, 1.0
0.0874556807191,0.25764409436, 1.0
0.0638199845692,0.126777893359, 0.0
0.557081163434,0.578597082713, 0.0
0.602811427797,0.353479553778, 0.0
0.567517200063,0.572865544238, 1.0
0.770093915663,0.426298241731, 0.0
0.849895683596,0.461192246556, 0.0
0.895651012,0.481199154816, 0.0
0.924661587665,0.493884276882, 1.0
0.865909393223,0.707222334728, 0.0
0.99437883875,0.524345674575, 0.0
0.779594021689,0.655933503374, 0.0
0.995553518326,0.524859710329, 0.0
0.0874556807191,0.25764409436, 1.0
0.0638199845692,0.126777893359, 0.0
0.557081163434,0.578597082713, 0.0
0.602811427797,0.353479553778, 0.0
0.567517200063,0.572865544238, 0.0
0.56838513116,0.573291845733, 1.0
0.770093915663,0.425561539487, 0.0
0.866278003948,0.714277736244, 1.0
0.849560557916,0.460493264007, 0.0
0.89513225301,0.480587226098, 0.0
0.971254351997,0.768787655076, 0.0
0.924071222688,0.493237577877, 0.0
0.940782984812,0.750800516657, 1.0
0.943562838554,0.501855304956, 0.0
0.990336009693,0.779617817264, 1.0
0.957321028091,0.507939807287, 0.0
0.0874556807191,0.25764409436, 1.0
0.0638199845692,0.126777893359, 0.0
0.557081163434,0.578597082713, 1.0
0.602811427797,0.356349304742, 1.0
0.852701971317,0.707837883457, 1.0
0.955236319339,0.507487354874, 1.0
0.967391464548,0.767085984462, 1.0
0.996559896458,0.525332238697, 1.0
