0.0359259147755,0.337480848194, 0.0
0.105282031369,0.150130536598, 0.0
0.193993288173,0.635935009695, 1.0
0.327676291215,0.604406361915, 0.0
0.214529938425,0.413850319609, 1.0
0.451628282062,0.505402050557, 1.0
0.784436004884,0.603455715273, 0.0
0.575814327123,0.563522095293, 1.0
0.874939216433,0.761867690029, 1.0
0.974600035133,0.909900116408, 1.0
0.992070919166,0.706711778665, 0.0
0.977796931709,0.961854175212, 1.0
0.988472739401,0.947793107959, 0.0
0.0359259147755,0.337480848194, 0.0
0.105282031369,0.150130536598, 0.0
0.193993288173,0.635935009695, 0.0
0.198929601612,0.537502390309, 0.0
0.200888590962,0.3374952187, 1.0
0.473871769927,0.578288020073, 1.0
0.757069693022,0.682143655045, 1.0
0.944061879422,0.812444514818, 1.0
0.989162451412,0.735662340528, 1.0
0.998716367147,0.924606661336, 1.0
0.999606385091,0.711441313554, 1.0
0.999958222477,0.971069224738, 1.0
0.999978539304,0.953772164294, 1.0
0.0359259147755,0.337480848194, 1.0
0.190144739797,0.203393486001, 1.0
0.580817543745,0.796783252259, 1.0
0.730909492338,0.813948857507, 0.0
0.32238177313,0.388131480142, 0.0
0.238836037936,0.362906574877, 1.0
0.545298093636,0.648104571112, 1.0
0.790984868431,0.580502795422, 0.0
0.604027516715,0.806434362055, 0.0
0.254457919495,0.566358006049, 1.0
0.0359259147755,0.337480848194, 0.0
0.105282031369,0.150130536598, 1.0
0.219798828979,0.646665401668, 0.0
0.200830821484,0.538490370355, 0.0
0.20106096714,0.22672839789, 0.0
0.22059758024,0.772627861613, 1.0
0.333602976907,0.489349503531, 1.0
0.623311541898,0.695678484142, 1.0
0.840538228523,0.611604302318, 1.0
0.979941616376,0.962745972338, 1.0
0.989596952751,0.948377312014, 1.0
0.0359259147755,0.337480848194, 0.0
0.105282031369,0.150130536598, 0.0
0.193993288173,0.635935009695, 0.0
0.198929601612,0.537502390309, 0.0
0.200888590962,0.405200917408, 0.0
0.205009166277,0.229278034699, 0.0
0.221793487789,0.320096047848, 0.0
0.215374363641,0.319877331755, 1.0
0.527243464027,0.957156795652, 1.0
0.592866000109,0.599981323874, 0.0
0.323426411759,0.800675542222, 0.0
0.206336711757,0.548382049062, 0.0
0.201414577052,0.438398618167, 1.0
0.409346264604,0.340972405425, 0.0
0.306655515738,0.682781920265, 1.0
0.468040183242,0.677347280828, 1.0
0.0359259147755,0.337480848194, 0.0
0.105282031369,0.150130536598, 0.0
0.193993288173,0.635935009695, 1.0
0.327676291215,0.604406361915, 1.0
0.535815873006,0.442903773092, 0.0
0.362792307786,0.419526687491, 1.0
0.730922951742,0.817326312387, 1.0
0.866552273862,0.948819019938, 0.0
0.376640267493,0.424830585878, 0.0
0.253860298468,0.372967510886, 0.0
0.218444371215,0.416332296091, 0.0
0.207414794551,0.930551678813, 1.0
0.295533456738,0.495793894192, 1.0
0.553400139835,0.431385902825, 1.0
0.915625706028,0.936002299988, 1.0
0.954842541509,0.930316978579, 0.0
0.0359259147755,0.337480848194, 0.0
0.105282031369,0.150130536598, 0.0
0.193993288173,0.635935009695, 0.0
0.198929601612,0.537502390309, 0.0
0.200888590962,0.930008793119, 1.0
0.28926753939,0.491972832393, 0.0
0.215537183209,0.21933071513, 0.0
0.228231453883,0.650171833534, 0.0
0.201477591935,0.53882646841, 0.0
0.0359259147755,0.337480848194, 1.0
0.190144739797,0.203393486001, 1.0
0.580817543745,0.796783252259, 0.0
0.248790373394,0.56341283251, 0.0
0.205670141274,0.548040312482, 0.0
0.2013543481,0.310400293365, 1.0
0.498434804248,0.954760332068, 1.0
0.566843364689,0.553479263978, 0.0
0.326737133571,0.484996162293, 1.0
0.615207438014,0.61494217846, 1.0
0.880224502019,0.665313253267, 1.0
0.98412136549,0.980887266584, 1.0
0.98963386534,0.919067998955, 1.0
0.996799974401,0.709679907239, 1.0
0.999659416817,0.970944976156, 1.0
0.999825020903,0.953692387557, 1.0
0.0359259147755,0.337480848194, 1.0
0.190144739797,0.203393486001, 0.0
0.219798828979,0.646665401668, 1.0
0.361946051981,0.622214843891, 0.0
0.218985447689,0.772188134951, 1.0
0.331787652944,0.488198483287, 1.0
0.621186171773,0.761066587677, 1.0
0.796209855608,0.979530907033, 1.0
0.828968728907,0.821091696179, 1.0
0.940087534849,0.674085099409, 0.0
0.850686933904,0.908999630895, 1.0
0.917423980821,0.910872204274, 0.0
0.0359259147755,0.337480848194, 1.0
0.190144739797,0.203393486001, 0.0
0.219798828979,0.646665401668, 0.0
0.200830821484,0.538490370355, 0.0
0.20106096714,0.405310213861, 1.0
0.426987758152,0.372625613911, 0.0
0.305347145105,0.407445471927, 0.0
0.229092204571,0.325032719645, 0.0
0.216913836662,0.320917961481, 1.0
0.530264923836,0.638937091292, 0.0
0.265975676043,0.25098776381, 0.0
0.246089363422,0.657597462417, 0.0
0.202891377406,0.539561150314, 0.0
0.0359259147755,0.337480848194, 0.0
0.105282031369,0.150130536598, 0.0
0.193993288173,0.635935009695, 1.0
0.327676291215,0.604406361915, 0.0
0.214529938425,0.235426283627, 0.0
0.224711293975,0.326188768926, 1.0
0.545165818184,0.538817106824, 0.0
0.316306541268,0.604761253341, 0.0
0.212793645237,0.930999121349, 1.0
0.300691617291,0.794474380111, 1.0
0.420897136118,0.484823061518, 0.0
0.258310931333,0.441609997853, 1.0
0.52338989969,0.634744585922, 0.0
0.26396244081,0.249724183512, 0.0
0.245346522313,0.657288576185, 0.0
0.20283133592,0.539529949404, 0.0
0.0359259147755,0.337480848194, 0.0
0.105282031369,0.150130536598, 0.0
0.193993288173,0.635935009695, 1.0
0.327676291215,0.604406361915, 1.0
0.535815873006,0.617564159247, 1.0
0.801709434164,0.853617043858, 0.0
0.371109207051,0.944168684998, 1.0
0.450058906433,0.835215930486, 1.0
0.569830664425,0.663064945446, 0.0
0.278558113029,0.258884962908, 0.0
0.250791765476,0.659552802847, 0.0
0.203274007448,0.539759986257, 0.0
0.0359259147755,0.337480848194, 0.0
0.105282031369,0.150130536598, 0.0
0.193993288173,0.635935009695, 1.0
0.327676291215,0.604406361915, 1.0
0.535815873006,0.717299042206, 1.0
0.732660681391,0.974244535402, 1.0
0.774276269407,0.76876182377, 1.0
0.925139758555,0.9647993927, 1.0
0.950219276653,0.895032319773, 1.0
0.984171545386,0.701753841855, 1.0
0.998294141133,0.952896856915, 1.0
0.999301756363,0.970796254728, 1.0
0.0359259147755,0.337480848194, 0.0
0.105282031369,0.150130536598, 0.0
0.193993288173,0.635935009695, 1.0
0.327676291215,0.604406361915, 1.0
0.535815873006,0.442903773092, 0.0
0.362792307786,0.536809472935, 1.0
0.633461755536,0.481635510281, 0.0
0.445982839505,0.740716640868, 0.0
0.224306396983,0.550689590712, 0.0
