0.707598924443,0.300090303011, 1.0
0.572586035649,0.365065583691, 0.0
0.994961547686,0.534694077916, 0.0
0.530352205032,0.440373368517, 0.0
0.99893292976,0.630094260634, 0.0
0.468910265179,0.472665948228, 0.0
0.999727387194,0.677298797903, 0.0
0.403056485208,0.474511977402, 1.0
0.999922498001,0.689306795467, 1.0
0.577185272002,0.523183141535, 1.0
0.707598924443,0.300090303011, 1.0
0.572586035649,0.365065583691, 0.0
0.994961547686,0.534694077916, 1.0
0.530352205032,0.428930092774, 0.0
0.999916298243,0.628189708092, 1.0
0.99999829463,0.628231451791, 1.0
0.999999965256,0.628232302294, 0.0
0.999999991156,0.628232315479, 1.0
0.99999999982,0.62823231989, 1.0
0.472030478103,0.496702817322, 0.0
0.999999999996,0.67874510757, 0.0
0.399472665157,0.481036140452, 0.0
0.707598924443,0.300090303011, 1.0
0.572586035649,0.365065583691, 0.0
0.994961547686,0.534694077916, 0.0
0.530352205032,0.440373368517, 1.0
0.99893292976,0.614236405972, 1.0
0.702146611309,0.51431994759, 0.0
0.999978945395,0.67265080465, 1.0
0.626742976778,0.510515380061, 1.0
0.707598924443,0.300090303011, 0.0
0.572586035649,0.196956670696, 0.0
0.957280259462,0.450481753423, 1.0
0.571181083991,0.35614238346, 1.0
0.749126058015,0.395930281833, 0.0
0.707719145695,0.386671835348, 0.0
0.664618317559,0.377034634977, 0.0
0.621115083279,0.367307457944, 0.0
0.999361623198,0.702067514234, 0.0
0.999807202014,0.7023081242, 1.0
0.999995210115,0.702409647481, 1.0
0.999999881017,0.702412169741, 1.0
0.999999997044,0.702412232395, 1.0
0.57854959,0.517253325618, 0.0
0.999999999927,0.709112262149, 1.0
0.494504435243,0.498819646478, 1.0
0.707598924443,0.300090303011, 0.0
0.572586035649,0.196956670696, 1.0
0.957280259462,0.616655571282, 1.0
0.769005782796,0.337281235415, 1.0
0.884275547246,0.360069730051, 1.0
0.999074937205,0.702644757588, 0.0
0.945693135274,0.552127205584, 1.0
0.999720248853,0.707614280061, 1.0
0.972042635351,0.581139553465, 1.0
0.707598924443,0.300090303011, 1.0
0.572586035649,0.365065583691, 1.0
0.994961547686,0.57012624359, 1.0
0.748920529687,0.477544598343, 0.0
0.689279410171,0.462701095133, 0.0
0.62609426211,0.446975552828, 1.0
0.999909574372,0.696885594538, 1.0
0.777845481265,0.514670321065, 0.0
0.99999778877,0.706330523461, 0.0
0.714444531481,0.546157509544, 1.0
0.707598924443,0.300090303011, 0.0
0.572586035649,0.196956670696, 0.0
0.957280259462,0.450481753423, 0.0
0.571181083991,0.322354093707, 0.0
0.9921718652,0.557465658716, 0.0
0.539900701471,0.426157274178, 0.0
0.998272654479,0.638234860525, 1.0
0.481997318786,0.444903647186, 1.0
0.707598924443,0.300090303011, 1.0
0.572586035649,0.365065583691, 1.0
0.994961547686,0.57012624359, 1.0
0.748920529687,0.477544598343, 1.0
0.999909574372,0.639350762575, 1.0
0.860371504469,0.54149426003, 1.0
0.999998105453,0.671576662987, 1.0
0.924520038994,0.579019370367, 0.0
0.999999956827,0.697022983044, 1.0
0.891895195993,0.583408124315, 0.0
0.846242771209,0.57148141865, 1.0
0.999999998944,0.7097318448, 1.0
0.999999999973,0.709731845358, 1.0
0.914008909489,0.603749276643, 1.0
0.999999999999,0.71123076495, 1.0
0.95275574027,0.618173492186, 1.0
0.707598924443,0.300090303011, 0.0
0.572586035649,0.196956670696, 0.0
0.957280259462,0.450481753423, 0.0
0.571181083991,0.322354093707, 0.0
0.9921718652,0.557465658716, 1.0
0.999862685407,0.561081273673, 0.0
0.539900701471,0.467758637453, 0.0
0.999969450755,0.646533047855, 0.0
0.470555117949,0.483167247293, 0.0
0.707598924443,0.300090303011, 0.0
0.572586035649,0.196956670696, 0.0
0.957280259462,0.450481753423, 0.0
0.571181083991,0.322354093707, 1.0
0.9921718652,0.611478088513, 1.0
0.999844444114,0.615332042054, 1.0
0.999996928249,0.615408635176, 1.0
0.99999993935,0.615410147658, 1.0
0.999999998802,0.615410177522, 1.0
0.753832470635,0.557209310258, 1.0
0.999999999976,0.653243667966, 1.0
0.855135551206,0.590413096329, 1.0
0.707598924443,0.300090303011, 1.0
0.572586035649,0.365065583691, 0.0
0.994961547686,0.534694077916, 1.0
0.530352205032,0.428930092774, 1.0
0.999916298243,0.617170437736, 0.0
0.704214846044,0.528615304343, 0.0
0.625189264317,0.508024867058, 0.0
0.544928122172,0.487112499472, 0.0
0.470008369858,0.467591852769, 1.0
0.999979188148,0.709207684429, 1.0
0.999999472642,0.709218677319, 1.0
0.999999986637,0.709218955871, 1.0
0.999999999661,0.70921896293, 1.0
0.643188049128,0.538311401927, 1.0
0.999999999991,0.71081413884, 1.0
0.776863077159,0.576003248977, 1.0
0.707598924443,0.300090303011, 1.0
0.572586035649,0.365065583691, 0.0
0.994961547686,0.534694077916, 0.0
0.530352205032,0.440373368517, 0.0
0.99893292976,0.630094260634, 1.0
0.468910265179,0.452792585671, 0.0
0.408305124298,0.437130844884, 0.0
0.359126620959,0.424422005989, 0.0
0.321187353424,0.414617640136, 1.0
0.999978111571,0.707590890635, 0.0
0.50478637783,0.496292482559, 0.0
0.999993294247,0.711130639666, 0.0
0.429396233965,0.486491406663, 0.0
0.707598924443,0.300090303011, 1.0
0.572586035649,0.365065583691, 0.0
0.994961547686,0.534694077916, 0.0
0.530352205032,0.440373368517, 0.0
0.99893292976,0.630094260634, 0.0
0.999727387194,0.630499693078, 1.0
0.468910265179,0.483118396404, 0.0
0.999994411587,0.678435913109, 1.0
0.400290318099,0.470824055254, 0.0
0.344226908804,0.456087949005, 0.0
0.99999987025,0.706284383837, 0.0
0.302350100023,0.453534471112, 0.0
0.999999960381,0.710116810548, 1.0
0.270893562224,0.446265559679, 0.0
0.999999998993,0.711910032743, 1.0
0.249224254993,0.441273379364, 0.0
0.707598924443,0.300090303011, 1.0
0.572586035649,0.365065583691, 0.0
0.994961547686,0.534694077916, 1.0
0.530352205032,0.428930092774, 1.0
0.999916298243,0.617170437736, 1.0
0.704214846044,0.507337483903, 1.0
0.999998340023,0.65793194606, 1.0
0.826600165409,0.558366042743, 1.0
