0.308592115536,0.313449975829, 1.0
0.55689145784,0.376263369148, 0.0
0.887422892577,0.612761250099, 0.0
0.601832256,0.381003454306, 0.0
0.915622375647,0.622178412017, 0.0
0.636535068896,0.386747722796, 0.0
0.935028122072,0.628541176878, 0.0
0.66401155516,0.392213449987, 1.0
0.949032389712,0.632429017798, 1.0
0.847414351401,0.434399039085, 1.0
0.308592115536,0.313449975829, 1.0
0.55689145784,0.376263369148, 0.0
0.887422892577,0.612761250099, 1.0
0.601832256,0.38364115205, 0.0
0.990803002721,0.66130360368, 1.0
0.999313458055,0.665737813784, 1.0
0.999949092033,0.66606899872, 0.0
0.999955647035,0.666072414079, 1.0
0.999996712823,0.666093810623, 1.0
0.636372967123,0.385710163644, 0.0
0.999999756382,0.662211417963, 0.0
0.663946073405,0.391806965945, 0.0
0.308592115536,0.313449975829, 1.0
0.55689145784,0.376263369148, 0.0
0.887422892577,0.612761250099, 0.0
0.601832256,0.381003454306, 1.0
0.915622375647,0.619966849648, 1.0
0.811175900335,0.428083699854, 0.0
0.993318563283,0.656701051556, 1.0
0.81311842135,0.427717544768, 1.0
0.308592115536,0.313449975829, 0.0
0.55689145784,0.383340309452, 0.0
0.708691366147,0.518815619781, 1.0
0.60143797029,0.388773676615, 1.0
0.808149597684,0.436144261307, 0.0
0.809940353208,0.436554635592, 0.0
0.811577259501,0.436929753379, 0.0
0.813075621543,0.437273121997, 0.0
0.971905653156,0.641650184019, 0.0
0.977098838042,0.644322057447, 1.0
0.998287209618,0.655223392222, 1.0
0.999874030757,0.656039805528, 1.0
0.999990746969,0.656099855565, 1.0
0.814448916603,0.427184067686, 0.0
0.999999320384,0.655729743368, 1.0
0.816195905345,0.4273314908, 1.0
0.308592115536,0.313449975829, 0.0
0.55689145784,0.383340309452, 1.0
0.708691366147,0.516244367263, 1.0
0.779144552878,0.429442417167, 1.0
0.903781640412,0.458005851206, 1.0
0.971982573275,0.644002762677, 0.0
0.960695552656,0.464096402169, 1.0
0.97703215985,0.644939302022, 1.0
0.984669889961,0.468306316354, 1.0
0.308592115536,0.313449975829, 1.0
0.55689145784,0.376263369148, 1.0
0.887422892577,0.609460326361, 1.0
0.781833330259,0.425019177765, 0.0
0.786410313238,0.426072184105, 0.0
0.790507614918,0.427014832279, 1.0
0.990833027536,0.652658856829, 1.0
0.910312299297,0.452528866999, 0.0
0.999321072586,0.656054143796, 0.0
0.907492837149,0.449292264763, 1.0
0.308592115536,0.313449975829, 0.0
0.55689145784,0.383340309452, 0.0
0.708691366147,0.518815619781, 0.0
0.60143797029,0.386293339209, 0.0
0.824274888218,0.574381253353, 0.0
0.635902672629,0.389272264097, 0.0
0.879873673237,0.599783225393, 1.0
0.663339670255,0.394270378586, 1.0
0.308592115536,0.313449975829, 1.0
0.55689145784,0.376263369148, 1.0
0.887422892577,0.609460326361, 1.0
0.781833330259,0.425019177765, 1.0
0.990833027536,0.656934409075, 1.0
0.906160111095,0.451597996992, 1.0
0.999318464004,0.657978716478, 1.0
0.962374141892,0.463205971374, 0.0
0.999949817726,0.656864265699, 1.0
0.960339522233,0.461847882061, 0.0
0.958243972164,0.461364284585, 1.0
0.99999631155,0.655647022151, 1.0
0.9999997292,0.65564877949, 1.0
0.983786404658,0.466292520882, 1.0
0.999999980118,0.655424731846, 1.0
0.993799866019,0.46835428354, 1.0
0.308592115536,0.313449975829, 0.0
0.55689145784,0.383340309452, 0.0
0.708691366147,0.518815619781, 0.0
0.60143797029,0.386293339209, 0.0
0.824274888218,0.574381253353, 1.0
0.98490372065,0.658055500586, 0.0
0.635902672629,0.387300200965, 0.0
0.987154842927,0.655421226339, 0.0
0.663462841495,0.392281847246, 0.0
0.308592115536,0.313449975829, 0.0
0.55689145784,0.383340309452, 0.0
0.708691366147,0.518815619781, 0.0
0.60143797029,0.386293339209, 1.0
0.824274888218,0.572505826782, 1.0
0.984931761111,0.655973749854, 1.0
0.998872323277,0.66321645133, 1.0
0.99991652856,0.663758959376, 1.0
0.999993826434,0.663799118835, 1.0
0.80902790753,0.426351468133, 1.0
0.999999543429,0.659396297873, 1.0
0.919974310592,0.451575194307, 1.0
0.308592115536,0.313449975829, 1.0
0.55689145784,0.376263369148, 0.0
0.887422892577,0.612761250099, 1.0
0.601832256,0.38364115205, 1.0
0.990803002721,0.659075208595, 0.0
0.810235602707,0.427552471735, 0.0
0.812274466789,0.4280228777, 0.0
0.814138694313,0.428452991584, 0.0
0.815845929231,0.428846884191, 1.0
0.992144385411,0.651977010741, 1.0
0.999419492928,0.655719610546, 1.0
0.99995734706,0.655996303745, 1.0
0.999996867384,0.656016634545, 1.0
0.922947887209,0.451887872439, 1.0
0.999999769934,0.655601614412, 1.0
0.969647410484,0.462544708072, 1.0
0.308592115536,0.313449975829, 1.0
0.55689145784,0.376263369148, 0.0
0.887422892577,0.612761250099, 0.0
0.601832256,0.381003454306, 0.0
0.915622375647,0.622178412017, 1.0
0.636535068896,0.387808046033, 0.0
0.66394455695,0.394130559274, 0.0
0.686044624592,0.399228354972, 0.0
0.704202476611,0.403416804592, 1.0
0.993304457028,0.653126172556, 0.0
0.868234216641,0.439695335601, 0.0
0.994362593272,0.653079267207, 0.0
0.866578309839,0.438772036622, 0.0
0.308592115536,0.313449975829, 1.0
0.55689145784,0.376263369148, 0.0
0.887422892577,0.612761250099, 0.0
0.601832256,0.381003454306, 0.0
0.915622375647,0.622178412017, 0.0
0.935028122072,0.632290020393, 1.0
0.636535068896,0.38628523915, 0.0
0.99492679352,0.659605194073, 1.0
0.66404100317,0.392317092172, 0.0
0.686238333962,0.397443502879, 0.0
0.999623849372,0.65776267766, 0.0
0.704476013529,0.401245511983, 0.0
0.999679180734,0.65673201232, 1.0
0.719719418071,0.404693871535, 0.0
0.999976414295,0.656226669292, 1.0
0.732608378373,0.407623516257, 0.0
0.308592115536,0.313449975829, 1.0
0.55689145784,0.376263369148, 0.0
0.887422892577,0.612761250099, 1.0
0.601832256,0.38364115205, 1.0
0.990803002721,0.659075208595, 1.0
0.810235602707,0.429531255192, 1.0
0.999314868867,0.659092611572, 1.0
0.919990432481,0.453458126577, 1.0
