0.0651859585532,0.23530678208, 1.0
0.400963306942,0.238694812027, 0.0
0.689416781341,0.612270220006, 0.0
0.771688296632,0.378329253285, 0.0
0.75622038261,0.6252672895, 0.0
0.892870296107,0.419283283175, 0.0
0.795841923932,0.622294658578, 0.0
0.946065309807,0.437109548803, 1.0
0.825722617747,0.616205254576, 1.0
0.997628807342,0.456959199943, 1.0
0.0651859585532,0.23530678208, 1.0
0.400963306942,0.238694812027, 0.0
0.689416781341,0.612270220006, 1.0
0.771688296632,0.390663817273, 0.0
0.954924557417,0.735108182008, 1.0
0.995164533463,0.757633733982, 1.0
0.999496697929,0.760058794964, 0.0
0.999340651757,0.759971443368, 1.0
0.999931582497,0.760302234844, 1.0
0.89112409555,0.41539539915, 0.0
0.999992903722,0.735160379686, 0.0
0.945504461585,0.435288039411, 0.0
0.0651859585532,0.23530678208, 1.0
0.400963306942,0.238694812027, 0.0
0.689416781341,0.612270220006, 0.0
0.771688296632,0.378329253285, 1.0
0.75622038261,0.604098134469, 1.0
0.987850938269,0.462892304387, 0.0
0.970938391604,0.701783212442, 1.0
0.9933962507,0.461909112283, 1.0
0.0651859585532,0.23530678208, 0.0
0.400963306942,0.276866721441, 0.0
0.614905096328,0.565436069823, 1.0
0.764540659822,0.436217979038, 1.0
0.985819305468,0.538087584109, 0.0
0.991233188687,0.540579962638, 0.0
0.994550765218,0.542107268674, 0.0
0.996601591636,0.543051403508, 0.0
0.940883149489,0.661031110051, 0.0
0.941745009245,0.661498785993, 1.0
0.994789595918,0.690282676745, 1.0
0.999553407166,0.692867691185, 1.0
0.99996186456,0.693089334783, 1.0
0.997876207858,0.462315481037, 0.0
0.999996744581,0.691938873056, 1.0
0.998845502185,0.460560857337, 1.0
0.0651859585532,0.23530678208, 0.0
0.400963306942,0.276866721441, 1.0
0.614905096328,0.521781779618, 1.0
0.940286920616,0.5111826439, 1.0
0.996998984471,0.537044952271, 1.0
0.947758548652,0.675658621316, 0.0
0.999856440321,0.482735916613, 1.0
0.946644379474,0.66817052428, 1.0
0.999993752902,0.474864952977, 1.0
0.0651859585532,0.23530678208, 1.0
0.400963306942,0.238694812027, 1.0
0.689416781341,0.557848612721, 1.0
0.945595110396,0.460968562788, 0.0
0.970652625058,0.471393497919, 0.0
0.983857076757,0.476887081551, 1.0
0.961556510871,0.675527075177, 1.0
0.999286817112,0.4750786319, 0.0
0.996586753561,0.691807491213, 0.0
0.9996041023,0.461943760005, 1.0
0.0651859585532,0.23530678208, 0.0
0.400963306942,0.276866721441, 0.0
0.614905096328,0.565436069823, 0.0
0.764540659822,0.406463686036, 0.0
0.728487362166,0.603305164996, 0.0
0.885452785493,0.431392139731, 0.0
0.783615418021,0.61071434514, 1.0
0.941347822608,0.449292166079, 1.0
0.0651859585532,0.23530678208, 1.0
0.400963306942,0.238694812027, 1.0
0.689416781341,0.557848612721, 1.0
0.945595110396,0.460968562788, 1.0
0.961556510871,0.689073153939, 1.0
0.997513428705,0.474733802795, 1.0
0.996458193272,0.698058596855, 1.0
0.999892764751,0.469842572458, 0.0
0.999691205805,0.695418796961, 1.0
0.999940977899,0.465693593016, 0.0
0.999967732971,0.465704360199, 1.0
0.999973460307,0.691811707592, 1.0
0.999997742146,0.691824871737, 1.0
0.999998632726,0.460756035205, 1.0
0.999999807918,0.691151497508, 1.0
0.999999942501,0.45935142848, 1.0
0.0651859585532,0.23530678208, 0.0
0.400963306942,0.276866721441, 0.0
0.614905096328,0.565436069823, 0.0
0.764540659822,0.406463686036, 0.0
0.728487362166,0.603305164996, 1.0
0.96532755336,0.735744109838, 0.0
0.885452785493,0.420979359743, 0.0
0.958518674846,0.708448828937, 0.0
0.942235101567,0.436431244868, 0.0
0.0651859585532,0.23530678208, 0.0
0.400963306942,0.276866721441, 0.0
0.614905096328,0.565436069823, 0.0
0.764540659822,0.406463686036, 1.0
0.728487362166,0.589506970056, 1.0
0.966701733307,0.722149080767, 1.0
0.996666386185,0.738833946527, 1.0
0.999673796236,0.740508527346, 1.0
0.999968152201,0.740672430121, 1.0
0.986624375611,0.463215773433, 1.0
0.999996891336,0.714752850942, 1.0
0.999424055207,0.464849817316, 1.0
0.0651859585532,0.23530678208, 1.0
0.400963306942,0.238694812027, 0.0
0.689416781341,0.612270220006, 1.0
0.771688296632,0.390663817273, 1.0
0.954924557417,0.716193917938, 0.0
0.987575710255,0.459621648943, 0.0
0.993282194881,0.461913292217, 0.0
0.996352217725,0.46314616984, 0.0
0.998014697797,0.463813798253, 1.0
0.949064296583,0.666809581178, 1.0
0.995455188964,0.692007158081, 1.0
0.99960924855,0.694263468113, 1.0
0.999966513355,0.694457519293, 1.0
0.999915875316,0.458143438516, 1.0
0.999997131061,0.692363888491, 1.0
0.999996475741,0.457570018979, 1.0
0.0651859585532,0.23530678208, 1.0
0.400963306942,0.238694812027, 0.0
0.689416781341,0.612270220006, 0.0
0.771688296632,0.378329253285, 0.0
0.75622038261,0.6252672895, 1.0
0.892870296107,0.424869174501, 0.0
0.945623558453,0.44619870784, 0.0
0.971336821849,0.456595257445, 0.0
0.984601853658,0.461958659169, 1.0
0.969057090038,0.680566839501, 0.0
0.999336244892,0.459760423645, 0.0
0.967745296607,0.676760920463, 0.0
0.999640611498,0.457298403807, 0.0
0.0651859585532,0.23530678208, 1.0
0.400963306942,0.238694812027, 0.0
0.689416781341,0.612270220006, 0.0
0.771688296632,0.378329253285, 0.0
0.75622038261,0.6252672895, 0.0
0.795841923932,0.647451995794, 1.0
0.892870296107,0.418165101765, 0.0
0.974974171596,0.721938620532, 1.0
0.946152901041,0.43823919193, 0.0
0.971959075697,0.448504164235, 0.0
0.997545915333,0.704300540462, 0.0
0.985125871163,0.451339841651, 0.0
0.997253844306,0.697457154942, 1.0
0.992064665998,0.453782197903, 0.0
0.999761389457,0.695054527779, 1.0
0.995747262607,0.455022777098, 0.0
0.0651859585532,0.23530678208, 1.0
0.400963306942,0.238694812027, 0.0
0.689416781341,0.612270220006, 1.0
0.771688296632,0.390663817273, 1.0
0.954924557417,0.716193917938, 1.0
0.987575710255,0.473367949991, 1.0
0.995437743855,0.713047103434, 1.0
0.999457247454,0.47192823815, 1.0
