0.0199660108315,0.400471280416, 1.0
0.151208290573,0.278296964673, 0.0
0.221582472446,0.502057027286, 0.0
0.229623176793,0.322715632855, 0.0
0.24524565791,0.513979875001, 0.0
0.234261918831,0.325343281166, 0.0
0.24674715319,0.514736413025, 0.0
0.234564142452,0.325514477879, 1.0
0.516689087088,0.650748387182, 1.0
0.729694044694,0.605984320975, 1.0
0.0199660108315,0.400471280416, 1.0
0.151208290573,0.278296964673, 0.0
0.221582472446,0.502057027286, 1.0
0.403722079103,0.421335190253, 0.0
0.311402665809,0.547313507604, 1.0
0.525868277891,0.655373381321, 1.0
0.737035262094,0.761771220232, 0.0
0.441246674525,0.612736243904, 1.0
0.664342288736,0.725144399526, 1.0
0.834606915514,0.665412960377, 0.0
0.65749349795,0.721693592377, 0.0
0.381676853641,0.408847516012, 0.0
0.0199660108315,0.400471280416, 1.0
0.151208290573,0.278296964673, 0.0
0.221582472446,0.502057027286, 0.0
0.229623176793,0.322715632855, 1.0
0.507848928675,0.646294216685, 1.0
0.72250651607,0.601912894433, 0.0
0.523651912621,0.654256651469, 1.0
0.735273901218,0.609145070258, 1.0
0.0199660108315,0.400471280416, 0.0
0.114727278871,0.257632036981, 0.0
0.211575045398,0.497014721004, 1.0
0.388389714218,0.412650063473, 1.0
0.716429998912,0.598470808213, 0.0
0.517693230197,0.485894956731, 0.0
0.369216199925,0.401789090381, 0.0
0.296475786338,0.360584767449, 0.0
0.268129899986,0.525510247096, 0.0
0.238975355341,0.510820542849, 1.0
0.429474621692,0.606804819606, 1.0
0.653260938411,0.719560990116, 1.0
0.827607442928,0.807406594258, 1.0
0.924929956303,0.716577087131, 0.0
0.813535266109,0.800316237743, 1.0
0.917980234319,0.712640367847, 1.0
0.0199660108315,0.400471280416, 0.0
0.114727278871,0.257632036981, 1.0
0.221582472446,0.502057027286, 1.0
0.403722079103,0.421335190253, 1.0
0.730671738408,0.60653814251, 1.0
0.921524883027,0.854727498614, 0.0
0.71712543225,0.598864741357, 1.0
0.916347743426,0.852118963632, 1.0
0.965737764083,0.739692959134, 1.0
0.0199660108315,0.400471280416, 1.0
0.151208290573,0.278296964673, 1.0
0.333332081681,0.558362784394, 1.0
0.552028290205,0.505344294874, 0.0
0.389761148183,0.413426921965, 0.0
0.305237735716,0.365548035787, 1.0
0.623849730775,0.704741964575, 1.0
0.808403472514,0.650569834334, 0.0
0.621488565084,0.703552276103, 0.0
0.360227355354,0.396697295652, 1.0
0.0199660108315,0.400471280416, 0.0
0.114727278871,0.257632036981, 0.0
0.211575045398,0.497014721004, 0.0
0.227729158814,0.321642752943, 0.0
0.244636073412,0.513672731943, 0.0
0.234139495622,0.325273933671, 0.0
0.246707370043,0.514716368031, 1.0
0.440573633241,0.442210014335, 1.0
0.0199660108315,0.400471280416, 1.0
0.151208290573,0.278296964673, 1.0
0.333332081681,0.558362784394, 1.0
0.552028290205,0.505344294874, 1.0
0.838071070907,0.812678760304, 1.0
0.930007936182,0.719453544832, 1.0
0.983234082936,0.885820074643, 1.0
0.993427452412,0.75537797938, 0.0
0.980765416595,0.884576221279, 1.0
0.992447738621,0.754823013558, 0.0
0.977954469956,0.74661319878, 1.0
0.994935894638,0.891716107497, 1.0
0.998029558152,0.893274869694, 1.0
0.999234807839,0.75866759703, 1.0
0.999827370684,0.894180709065, 1.0
0.999933038384,0.759063114672, 1.0
0.0199660108315,0.400471280416, 0.0
0.114727278871,0.257632036981, 0.0
0.211575045398,0.497014721004, 0.0
0.227729158814,0.321642752943, 0.0
0.244636073412,0.513672731943, 1.0
0.437620856238,0.610909352113, 0.0
0.282853828868,0.352868513074, 0.0
0.263240298591,0.523046590083, 0.0
0.237948620381,0.327431639394, 0.0
0.0199660108315,0.400471280416, 0.0
0.114727278871,0.257632036981, 0.0
0.211575045398,0.497014721004, 0.0
0.227729158814,0.321642752943, 1.0
0.504404859122,0.644558900159, 1.0
0.719674484895,0.753023881329, 1.0
0.867766779729,0.827641133591, 1.0
0.944018566268,0.866061085135, 1.0
0.977488351338,0.882925050938, 1.0
0.991142396249,0.754083593118, 1.0
0.997988017013,0.893253938924, 1.0
0.999218655337,0.758658447331, 1.0
0.0199660108315,0.400471280416, 1.0
0.151208290573,0.278296964673, 0.0
0.221582472446,0.502057027286, 1.0
0.403722079103,0.421335190253, 1.0
0.730671738408,0.758564918022, 0.0
0.435715745819,0.439458229567, 0.0
0.326219717389,0.377433428047, 0.0
0.279246767351,0.350825267507, 0.0
0.261965849801,0.341036369257, 1.0
0.562210856938,0.673684822788, 1.0
0.764939208324,0.775830802449, 1.0
0.892859486806,0.840284254937, 1.0
0.955416112105,0.871803811682, 1.0
0.982204977096,0.749020928681, 1.0
0.99592709941,0.892215532376, 1.0
0.998416234433,0.758203910321, 1.0
0.0199660108315,0.400471280416, 1.0
0.151208290573,0.278296964673, 0.0
0.221582472446,0.502057027286, 0.0
0.229623176793,0.322715632855, 0.0
0.24524565791,0.513979875001, 1.0
0.438491406477,0.441030522224, 0.0
0.327552776279,0.378188548705, 0.0
0.279759744034,0.351115846786, 0.0
0.26214658427,0.341138747578, 1.0
0.56249281194,0.673826887624, 0.0
0.330432708932,0.379819906972, 0.0
0.280872433631,0.531930654373, 0.0
0.241703174609,0.329558433252, 0.0
0.0199660108315,0.400471280416, 1.0
0.151208290573,0.278296964673, 0.0
0.221582472446,0.502057027286, 0.0
0.229623176793,0.322715632855, 0.0
0.24524565791,0.513979875001, 0.0
0.234261918831,0.508445647643, 1.0
0.422604839396,0.432031463681, 0.0
0.32002770288,0.551659287833, 1.0
0.536309887098,0.496440494006, 0.0
0.380147707158,0.407981320147, 0.0
0.301092900434,0.542118866218, 0.0
0.246192974587,0.332101712278, 0.0
0.250665615681,0.516710755474, 1.0
0.446175268304,0.445383100227, 0.0
0.331284514586,0.557331104585, 1.0
0.549639188939,0.503990971525, 0.0
0.0199660108315,0.400471280416, 1.0
0.151208290573,0.278296964673, 0.0
0.221582472446,0.502057027286, 1.0
0.403722079103,0.421335190253, 1.0
0.730671738408,0.758564918022, 1.0
0.874022940405,0.687740447096, 1.0
0.968236437001,0.87826341458, 1.0
0.987427227242,0.751979109297, 1.0
