0.0634906030525,0.668148768832, 1.0
0.146234618122,0.45882073987, 0.0
0.129419838032,0.215138044081, 0.0
0.127448453908,0.548577296296, 1.0
0.217684345956,0.615970742156, 1.0
0.341070116428,0.537507499489, 1.0
0.564851784463,0.280351546217, 0.0
0.452633973613,0.651528826492, 0.0
0.16281033302,0.404865286326, 1.0
0.342345715539,0.883050501013, 1.0
0.398677594709,0.425042433048, 1.0
0.720548849948,0.902828435699, 1.0
0.782196560612,0.858945652345, 1.0
0.862860735351,0.762716264902, 1.0
0.950633756764,0.919876372422, 0.0
0.727495565123,0.887605150057, 0.0
0.262891085293,0.571753008358, 1.0
0.427770146941,0.757393021084, 1.0
0.54933017741,0.469992896171, 0.0
0.320913397244,0.134289994625, 0.0
0.273626761266,0.614334622832, 1.0
0.422336875144,0.8264987924, 1.0
0.509242231531,0.988035806018, 0.0
0.126376803883,0.209414814838, 0.0
0.0969862155776,0.581925137316, 1.0
0.166391734239,0.940941427431, 1.0
0.199809304696,0.421467476945, 0.0
0.100081274643,0.799420731542, 1.0
0.143506466757,0.494035342134, 0.0
0.0802287817929,0.199096142013, 0.0
0.0778294466096,0.544001339657, 1.0
0.140622900822,0.590209585644, 1.0
0.233059537271,0.482667566805, 1.0
0.428649654139,0.226899266749, 0.0
0.331808746062,0.594479097066, 1.0
0.515635152759,0.596776209077, 1.0
0.0634906030525,0.668148768832, 0.0
0.0947185100903,0.386255467027, 0.0
0.193244862402,0.240005453091, 0.0
0.210802220759,0.56769247697, 0.0
0.177158210885,0.579656330501, 0.0
0.152918688903,0.424766073539, 0.0
0.132497034807,0.108274470493, 0.0
0.139459506224,0.49588238144, 0.0
0.0982817293897,0.365533591202, 0.0
0.0867856026623,0.570688642813, 0.0
0.0772796236433,0.205266266192, 0.0
0.0806327344359,0.528935310513, 1.0
0.146407994288,0.600891274645, 1.0
0.239072368994,0.826986613751, 1.0
0.301118060993,0.480165856249, 0.0
0.129860384702,0.498624175776, 1.0
0.240856662359,0.153108314769, 1.0
0.700460102775,0.72618285978, 1.0
0.8545976707,0.879184512336, 1.0
0.914340281073,0.896578295581, 1.0
0.952605366489,0.681777323813, 0.0
0.878307024992,0.848555957694, 1.0
0.0634906030525,0.668148768832, 1.0
0.146234618122,0.45882073987, 1.0
0.280510216341,0.305119299512, 1.0
0.648711066335,0.782913789457, 1.0
0.779647935157,0.848451939461, 0.0
0.352706229768,0.544270399713, 0.0
0.140650604117,0.113607190047, 0.0
0.126321917366,0.49658580009, 1.0
0.235090871399,0.294614405458, 0.0
0.137551426082,0.59793103311, 1.0
0.226387653294,0.533994331369, 1.0
0.390050421739,0.370515246437, 0.0
0.219512434332,0.603712171576, 0.0
0.0909945449478,0.570117181865, 1.0
0.15865998864,0.443903525304, 1.0
0.314920300809,0.182212931763, 1.0
0.776416688459,0.8053585609, 1.0
0.881899544062,0.795758128041, 0.0
0.620832909789,0.903387400791, 1.0
0.0634906030525,0.668148768832, 0.0
0.0947185100903,0.386255467027, 0.0
0.193244862402,0.240005453091, 0.0
0.210802220759,0.56769247697, 1.0
0.343014308696,0.662105559795, 1.0
0.496177791004,0.617217249162, 0.0
0.206357216143,0.139007051369, 1.0
0.652622009011,0.746247025688, 0.0
0.268354933049,0.461947421948, 1.0
0.501204355355,0.879382047162, 0.0
0.138294307093,0.491307978074, 0.0
0.079646076226,0.19870022922, 0.0
0.0778282524183,0.543894501638, 1.0
0.14058818582,0.590158730156, 1.0
0.23301383261,0.482633658027, 0.0
0.104268800371,0.0994427526436, 1.0
0.42474712715,0.638558575561, 0.0
0.152107215163,0.399279548101, 1.0
0.0634906030525,0.668148768832, 1.0
0.146234618122,0.45882073987, 1.0
0.280510216341,0.305119299512, 0.0
0.171618541092,0.575607230599, 0.0
0.0932168932838,0.564549238488, 1.0
0.161551211292,0.44357164448, 0.0
0.0896665095297,0.0934359488758, 0.0
0.0959101356556,0.481730043181, 0.0
0.0723967604475,0.35546282119, 1.0
0.162223634603,0.0863281500014, 0.0
0.152090164375,0.603685043777, 0.0
0.078097861871,0.571175148027, 0.0
0.0671260387586,0.698520342203, 0.0
0.0647324380223,0.479339697343, 0.0
0.0660024598476,0.524422725928, 0.0
0.0657505235185,0.235963596357, 0.0
0.0708674554803,0.978900430308, 1.0
0.100317500964,0.595113266803, 0.0
0.0699293572912,0.840978676026, 1.0
0.105332574577,0.369968928495, 0.0
0.0766507499199,0.743294352094, 0.0
0.0654243851749,0.176270381672, 0.0
0.0733183568091,0.934975057559, 0.0
0.0641868173634,0.199325264786, 0.0
0.0717410241096,0.793761910815, 1.0
0.109987375321,0.477862967205, 1.0
0.210650325553,0.271257619891, 0.0
0.129244002993,0.565671744035, 1.0
0.221288315021,0.622858214257, 1.0
0.34325013445,0.54007725958, 0.0
0.13645072572,0.112089202377, 0.0
0.123205826891,0.495537809433, 1.0
0.229888405564,0.441537426446, 0.0
0.0634906030525,0.668148768832, 0.0
0.0947185100903,0.386255467027, 0.0
0.193244862402,0.240005453091, 1.0
0.497428161825,0.710850849802, 0.0
0.201441147562,0.602929600182, 0.0
0.118001775748,0.414561276056, 1.0
0.23685253926,0.151045025736, 0.0
0.191772612843,0.526369340333, 1.0
0.336664389669,0.499141875261, 0.0
0.142837199029,0.218189900475, 0.0
0.104300390568,0.846091371685, 1.0
0.144080309234,0.611924031549, 0.0
0.0765995990697,0.739584295528, 1.0
0.119567588626,0.377697182127, 0.0
0.0799867203523,0.244049988679, 1.0
0.221238691343,0.104176972412, 1.0
0.708535746815,0.802579084144, 1.0
0.824587351183,0.893755712148, 1.0
0.883646166387,0.986916291493, 1.0
0.893680405593,0.957860677193, 1.0
0.916093320889,0.866786803185, 1.0
0.960087515554,0.68591716288, 1.0
0.991266543752,0.929001674724, 1.0
0.995341888707,0.936149968117, 1.0
0.997428091478,0.880906344657, 0.0
0.986635762931,0.446141756026, 0.0
0.977988830671,0.900965159043, 0.0
0.879155088201,0.794267142763, 1.0
0.0634906030525,0.668148768832, 0.0
0.0947185100903,0.386255467027, 0.0
0.193244862402,0.240005453091, 0.0
0.210802220759,0.56769247697, 1.0
0.343014308696,0.662105559795, 1.0
0.496177791004,0.617217249162, 1.0
0.715225221902,0.339397743056, 0.0
0.609371880179,0.725675363275, 0.0
0.239634511119,0.446315352474, 1.0
0.462268986911,0.726758047365, 0.0
0.150229476585,0.283857721347, 1.0
0.390905188047,0.665055398253, 0.0
0.133253361606,0.237839147739, 0.0
0.0963389488388,0.578528565998, 0.0
0.0696277292681,0.350493450424, 0.0
0.0687936262682,0.840798432173, 0.0
0.0641680990167,0.175582562653, 0.0
0.0728625208124,0.0593517644214, 0.0
0.0890616025945,0.935982917992, 1.0
0.12079305379,0.803553757976, 1.0
0.167693491012,0.505703971611, 1.0
0.304850045725,0.323377737466, 0.0
0.173292321947,0.584237334929, 1.0
0.285390836686,0.648803135138, 1.0
0.422538434081,0.581386740497, 1.0
0.646439101096,0.312472544255, 0.0
0.533749235094,0.690260358308, 1.0
0.710908800972,0.702863306883, 0.0
0.0634906030525,0.668148768832, 1.0
0.146234618122,0.45882073987, 1.0
0.280510216341,0.305119299512, 0.0
0.171618541092,0.575607230599, 0.0
0.0932168932838,0.564549238488, 0.0
0.0781390879455,0.397871067224, 1.0
0.163002206239,0.122275622606, 0.0
0.14087341001,0.503108721534, 1.0
0.25884116776,0.457070425388, 1.0
0.488479564481,0.819137074979, 1.0
0.586579311495,0.722595378974, 1.0
0.748811484937,0.547868853984, 0.0
0.54172708907,0.465749155217, 1.0
0.841304734312,0.960255429972, 1.0
0.866925886851,0.952519081093, 1.0
0.894370850054,0.856306271862, 1.0
0.949118991019,0.679848334643, 1.0
0.988763789415,0.927946799932, 1.0
0.993999979972,0.935606841638, 1.0
0.996685191776,0.880519291211, 1.0
0.99868191759,0.45087490062, 1.0
0.999834319305,0.91132657059, 1.0
0.999922984619,0.859877202383, 1.0
0.0634906030525,0.668148768832, 1.0
0.146234618122,0.45882073987, 0.0
0.129419838032,0.215138044081, 0.0
0.127448453908,0.548577296296, 0.0
0.10462099166,0.563126412173, 0.0
0.094367765556,0.402569976269, 1.0
0.19208434908,0.133478523687, 0.0
0.161207529629,0.511991200102, 1.0
0.290851476354,0.474276359945, 0.0
0.127167067869,0.849538247277, 1.0
0.169577639868,0.727734866912, 1.0
0.241023146815,0.561495575559, 1.0
0.399579149258,0.820766332064, 1.0
0.486240176666,0.987555676699, 1.0
0.507023703611,0.849925071643, 1.0
0.590976549467,0.751694472978, 1.0
0.736512975589,0.541182818883, 0.0
0.526446109806,0.750399124385, 1.0
0.66701949129,0.839608987962, 1.0
0.764367250388,0.85204892491, 1.0
0.85038803743,0.880977279509, 1.0
0.91036599664,0.312366317288, 0.0
0.878537745671,0.697585794898, 1.0
0.966374058067,0.992219035733, 1.0
0.969443361006,0.822047230075, 1.0
0.989820050599,0.715747209894, 1.0
0.997745495755,0.856391983764, 1.0
0.999202506326,0.978927902984, 1.0
0.999384598992,0.906972513505, 1.0
0.999720650815,0.707845960192, 1.0
0.999940828079,0.932657758382, 1.0
0.99996856748,0.938022577782, 1.0
0.999982680739,0.882237294893, 1.0
0.9999931271,0.451390097742, 1.0
0.999999137106,0.911404744399, 1.0
0.999999598926,0.859918824945, 1.0
0.0634906030525,0.668148768832, 0.0
0.0947185100903,0.386255467027, 1.0
0.129419838032,0.215138044081, 0.0
0.127448453908,0.548577296296, 0.0
0.10462099166,0.563126412173, 0.0
0.094367765556,0.402569976269, 1.0
0.19208434908,0.133478523687, 0.0
0.161207529629,0.511991200102, 1.0
0.290851476354,0.474276359945, 0.0
0.127167067869,0.715373535542, 0.0
0.0725049760169,0.482669703525, 0.0
0.0677095455765,0.740828804107, 1.0
0.108072077175,0.542567124719, 1.0
0.191788376937,0.942556044068, 0.0
0.0756572526503,0.181818635685, 0.0
0.0771945419137,0.242466623392, 0.0
0.0742952698945,0.572901775691, 0.0
0.0664697721898,0.200594060726, 0.0
0.0725241762238,0.352083499439, 1.0
0.16384049848,0.605524344208, 1.0
0.264315959191,0.871040655568, 1.0
0.317620596919,0.133295194968, 0.0
0.270962727771,0.833536604596, 0.0
0.08916878884,0.467818740968, 0.0
0.0703216920045,0.193614538769, 0.0
0.0743043209406,0.542515458219, 0.0
0.0667581441807,0.56031337016, 0.0
0.0654987448499,0.395367743673, 1.0
0.138741107392,0.112989131785, 0.0
0.124626887485,0.49621181966, 0.0
0.0762995427601,0.358096584288, 0.0
0.0634906030525,0.668148768832, 1.0
0.146234618122,0.45882073987, 0.0
0.129419838032,0.215138044081, 0.0
0.127448453908,0.548577296296, 1.0
0.217684345956,0.615970742156, 1.0
0.341070116428,0.537507499489, 1.0
0.564851784463,0.280351546217, 0.0
0.452633973613,0.651528826492, 0.0
0.16281033302,0.404865286326, 1.0
0.342345715539,0.326820830975, 0.0
0.199968369101,0.312177912948, 0.0
0.115271744713,0.752829900058, 0.0
0.0697848005597,0.934735965863, 0.0
0.0639581555584,0.0566585243117, 0.0
0.0830108731501,0.842992179213, 1.0
0.120114313427,0.713749034253, 1.0
0.179107438794,0.532701269854, 1.0
0.313401325728,0.483381347906, 0.0
0.134496716356,0.806290936435, 0.0
0.071271164218,0.459183028166, 1.0
0.140631325547,0.232516423325, 0.0
0.100425184211,0.553524937516, 0.0
0.0706242694096,0.561878086297, 0.0
0.0660318029236,0.395645426959, 1.0
0.139881197015,0.113437090397, 0.0
0.125335355638,0.496547841042, 0.0
0.0764277473935,0.3581662295, 0.0
0.0634906030525,0.668148768832, 0.0
0.0947185100903,0.386255467027, 0.0
0.193244862402,0.240005453091, 0.0
0.210802220759,0.56769247697, 0.0
0.177158210885,0.579656330501, 0.0
0.152918688903,0.424766073539, 0.0
0.132497034807,0.108274470493, 0.0
0.139459506224,0.49588238144, 0.0
0.0982817293897,0.365533591202, 0.0
0.0867856026623,0.840670911492, 1.0
0.125376871273,0.379522513318, 0.0
0.0845632776559,0.246003211782, 0.0
0.0783199844871,0.529014889996, 1.0
0.143054207234,0.759496433963, 1.0
0.201188538057,0.623176405492, 1.0
0.313952138215,0.665465472547, 0.0
0.10907701345,0.199994385157, 0.0
0.0901030755037,0.705147265448, 1.0
0.14031091138,0.514615033386, 0.0
0.0787770016704,0.32624078205, 0.0
0.0715666158622,0.634982553795, 0.0
0.0655657467486,0.736913375875, 0.0
0.0642685840303,0.581173458063, 1.0
0.114370177266,0.0718922316251, 0.0
0.117819012809,0.937827767015, 1.0
0.150277633033,0.980557436834, 1.0
0.178638111539,0.263179531045, 1.0
0.476411057094,0.874553950708, 1.0
0.546018592264,0.68823613242, 0.0
0.205985310278,0.268676535041, 0.0
0.127227736648,0.564821984935, 1.0
0.218247805256,0.621627615342, 1.0
0.33931688759,0.538028029379, 1.0
0.561149912791,0.27896093291, 0.0
0.448819464919,0.649977796577, 0.0
0.16087682894,0.404045231138, 0.0
