0.119824322882,0.633997345819, 0.0
0.264828011675,0.301402030874, 0.0
0.479154601835,0.214509950132, 0.0
0.632917655335,0.459926173019, 0.0
0.700362213659,0.54548826193, 0.0
0.729755402289,0.658261494047, 0.0
0.725835760384,0.479281742702, 0.0
0.762431781138,0.278124454503, 1.0
0.968305418504,0.733228968089, 1.0
0.993131768643,0.9036577772, 1.0
0.997441844234,0.380979830739, 0.0
0.997759789605,0.480088504717, 1.0
0.999673916226,0.816687899957, 0.0
0.999370333661,0.634977899298, 1.0
0.999901940882,0.766452081762, 1.0
0.999976125073,0.750917106946, 1.0
0.999993148928,0.727961763661, 1.0
0.999997630553,0.80614776725, 0.0
0.999996308402,0.620437266732, 0.0
0.9999951897,0.892124000047, 1.0
0.999998551195,0.589030563249, 0.0
0.999998159596,0.349433180167, 0.0
0.999998384635,0.797571625405, 1.0
0.999999680151,0.749596057502, 1.0
0.999999944653,0.610451787813, 0.0
0.999999925877,0.349508968821, 0.0
0.999999934842,0.691873931243, 0.0
0.119824322882,0.633997345819, 1.0
0.344333631712,0.392990190172, 1.0
0.548479123195,0.643786427138, 0.0
0.666339057041,0.591696909551, 1.0
0.863368875169,0.554572811809, 1.0
0.953453663679,0.338873487795, 1.0
0.981410833113,0.685469611464, 1.0
0.990601993866,0.617346431653, 1.0
0.995398150262,0.348522909713, 0.0
0.99652443203,0.488138562638, 0.0
0.996684269083,0.630941314151, 1.0
0.999331903389,0.368428501962, 0.0
0.999433802322,0.417066788653, 1.0
0.999909796886,0.906393271167, 1.0
0.999960298745,0.495769793127, 1.0
0.99998793991,0.766496886976, 1.0
0.999994445864,0.709599969292, 1.0
0.999997467823,0.892125409045, 1.0
0.999998665222,0.589030771318, 1.0
0.999999452235,0.3494336235, 0.0
0.999999580784,0.797572304105, 1.0
0.999999853482,0.749596166124, 0.0
0.999999786925,0.610451715771, 0.0
0.999999725833,0.349508909132, 0.0
0.999999760184,0.691873840285, 1.0
0.99999996358,0.620438966436, 1.0
0.119824322882,0.633997345819, 1.0
0.344333631712,0.392990190172, 0.0
0.525854456888,0.233694658312, 0.0
0.666045995895,0.642154326786, 1.0
0.858677301641,0.685382913343, 1.0
0.949049217106,0.590485041055, 0.0
0.946601224712,0.334354620619, 0.0
0.955741537777,0.669394829077, 0.0
0.937974154337,0.590122549365, 1.0
0.991013612963,0.902544379158, 1.0
0.997054248933,0.631055901391, 0.0
0.995968826564,0.633280940759, 1.0
0.999450528679,0.298082632728, 0.0
0.999550559281,0.816600363804, 0.0
0.998963868275,0.805594027877, 1.0
0.999789714643,0.417182069807, 0.0
0.999796895107,0.862410134013, 1.0
0.999949215,0.892102448749, 1.0
0.999985464144,0.589024334092, 1.0
0.999998289736,0.349433220956, 0.0
0.999998500418,0.797571688197, 1.0
0.999999702119,0.749596069816, 1.0
0.999999947545,0.610451789469, 0.0
0.999999930366,0.349508970239, 0.0
0.999999938856,0.691873933388, 0.0
0.99999990104,0.620438935328, 0.0
0.119824322882,0.633997345819, 1.0
0.344333631712,0.392990190172, 1.0
0.548479123195,0.262613205232, 1.0
0.695110416774,0.696878574141, 1.0
0.810840174612,0.681405858969, 0.0
0.825024755965,0.533458242209, 0.0
0.834200813017,0.300578070067, 0.0
0.871451381092,0.625280712686, 1.0
0.975612732426,0.361045873177, 0.0
0.978673058115,0.698420215014, 1.0
0.996394341073,0.58736364857, 1.0
0.999466088384,0.349285399082, 0.0
0.999546732215,0.797338384041, 0.0
0.999058474277,0.749092186835, 1.0
0.999833936124,0.610371918798, 1.0
0.999977310477,0.349502399076, 1.0
0.999996982748,0.691872651493, 1.0
0.999999028166,0.620438626594, 0.0
0.999998967634,0.892125770112, 1.0
0.119824322882,0.633997345819, 1.0
0.344333631712,0.392990190172, 1.0
0.548479123195,0.262613205232, 0.0
0.692936325591,0.665034728329, 0.0
0.723079870398,0.608441494418, 0.0
0.738173439038,0.484822250107, 0.0
0.770989507017,0.280400409301, 0.0
0.828703838498,0.602270803601, 1.0
0.967576186227,0.604587668375, 0.0
0.958496098143,0.687625686938, 0.0
0.937645504872,0.463727296708, 1.0
0.993360243965,0.889025574954, 1.0
0.998079883373,0.588121190617, 0.0
0.997533150244,0.348685003423, 0.0
0.997834605731,0.796407331042, 0.0
0.995296329474,0.747058210817, 0.0
0.991248786826,0.606178390989, 1.0
0.99893731992,0.349185977986, 0.0
0.99906562604,0.691382792368, 1.0
0.999865194296,0.620372432924, 0.0
0.119824322882,0.633997345819, 1.0
0.344333631712,0.392990190172, 0.0
0.525854456888,0.233694658312, 0.0
0.666045995895,0.642154326786, 0.0
0.691978417009,0.593455912137, 0.0
0.716618143438,0.476212717871, 1.0
0.936138433593,0.331249447948, 0.0
0.947097402701,0.66494770037, 0.0
0.926952971861,0.584760632734, 1.0
0.989255912443,0.476715416971, 0.0
0.988854003777,0.800235634535, 1.0
0.997621381394,0.765239184276, 0.0
0.995416081015,0.297027416702, 0.0
0.996238971079,0.904759411392, 0.0
0.98745800056,0.856183744938, 1.0
0.996837220718,0.380696775053, 0.0
0.997100004794,0.81529127889, 1.0
0.999393575357,0.891842027391, 0.0
0.998065408318,0.588110092214, 0.0
0.997504831595,0.348675396608, 0.0
0.9978086887,0.796392538302, 0.0
0.995236176282,0.747025317079, 0.0
0.991137029425,0.606123606139, 1.0
0.998924043933,0.349181911477, 0.0
0.999053929742,0.691376619107, 0.0
0.998468672458,0.619682907977, 1.0
0.119824322882,0.633997345819, 1.0
0.344333631712,0.392990190172, 0.0
0.525854456888,0.233694658312, 0.0
0.666045995895,0.642154326786, 0.0
0.691978417009,0.593455912137, 0.0
0.716618143438,0.476212717871, 0.0
0.756588778886,0.276741094012, 0.0
0.818798608157,0.597791960865, 1.0
0.963888129409,0.603050385936, 1.0
0.994384923742,0.904117799016, 1.0
0.997980997351,0.726973352569, 1.0
0.999508994778,0.750704766187, 0.0
0.999233775775,0.805753799198, 0.0
0.998364051842,0.480299086158, 0.0
0.998265360695,0.815915378335, 1.0
0.999632694533,0.63230387315, 0.0
0.999482662325,0.862251741376, 1.0
0.999870583444,0.495729691633, 1.0
0.999987194926,0.635278900915, 1.0
0.999998302067,0.298223012033, 0.0
0.999998609408,0.381738875559, 0.0
0.999998726175,0.709601364704, 1.0
0.999999803239,0.368612497376, 1.0
0.99999998206,0.729608162721, 1.0
0.99999999626,0.766501479014, 1.0
0.999999998935,0.489323656079, 0.0
0.999999998987,0.417257019907, 1.0
0.999999999828,0.892126206905, 1.0
0.999999999924,0.589031238913, 1.0
0.999999999974,0.349433736221, 1.0
0.999999999989,0.797572492414, 1.0
0.999999999994,0.749596229255, 1.0
0.999999999997,0.610451814576, 1.0
0.999999999999,0.349508991294, 1.0
0.999999999999,0.691873965452, 1.0
1.0,0.620438984158, 1.0
0.119824322882,0.633997345819, 1.0
0.344333631712,0.392990190172, 1.0
0.548479123195,0.262613205232, 0.0
0.692936325591,0.665034728329, 1.0
0.852209085287,0.687603809771, 1.0
0.936144297529,0.587162745222, 0.0
0.937649664343,0.33219275422, 0.0
0.949109518162,0.666237595217, 1.0
0.989808986847,0.615826049078, 0.0
0.987268894694,0.900940413748, 0.0
0.961780819906,0.369176678144, 1.0
0.996535309071,0.727773762601, 0.0
0.993962296784,0.629476992332, 0.0
0.991593353092,0.723462941826, 1.0
0.998647915886,0.75019985907, 1.0
0.999769193164,0.816714685717, 0.0
0.999461821802,0.766210590153, 1.0
0.999904556637,0.480918412729, 0.0
0.999898185941,0.489281832673, 0.0
0.9998898461,0.36857738686, 0.0
0.999900536657,0.709549190223, 0.0
0.999831259146,0.806058178812, 1.0
0.999966146335,0.495769317622, 1.0
0.999996711817,0.635283636585, 1.0
0.99999958408,0.417256871583, 1.0
0.999999964172,0.862512497943, 1.0
0.999999991053,0.298223446288, 0.0
0.999999992637,0.892126203521, 1.0
0.999999997899,0.589031237943, 1.0
0.999999999755,0.349433736153, 1.0
0.999999999979,0.797572492407, 1.0
0.999999999995,0.749596229255, 1.0
0.999999999999,0.610451814577, 1.0
1.0,0.349508991294, 0.0
1.0,0.691873965452, 1.0
1.0,0.620438984159, 0.0
0.119824322882,0.633997345819, 1.0
0.344333631712,0.392990190172, 0.0
0.525854456888,0.233694658312, 0.0
0.666045995895,0.642154326786, 1.0
0.858677301641,0.685382913343, 1.0
0.949049217106,0.590485041055, 1.0
0.982113222974,0.345572803203, 0.0
0.986096821525,0.685556732718, 0.0
0.981232294374,0.611518767454, 1.0
0.996845705766,0.488136234049, 0.0
0.996793344317,0.380713813739, 0.0
0.997101479409,0.728075679987, 0.0
0.9949498482,0.763780309322, 0.0
0.990195994635,0.295657822096, 0.0
0.991976452388,0.902864064986, 1.0
0.997526375575,0.726639358798, 1.0
0.99960655518,0.750716223495, 1.0
0.999933318849,0.480930057821, 0.0
0.999928882158,0.892092886808, 0.0
0.999772323308,0.588922833499, 1.0
0.999973808484,0.349425777289, 0.0
0.999976955458,0.797560084645, 0.0
0.99994942625,0.749568936342, 0.0
0.999904317747,0.610405088532, 1.0
0.999988519754,0.349505501428, 0.0
0.99998989726,0.691868654481, 0.0
0.99998360402,0.620430888826, 0.0
0.119824322882,0.633997345819, 1.0
0.344333631712,0.392990190172, 0.0
0.525854456888,0.233694658312, 0.0
0.666045995895,0.642154326786, 0.0
0.691978417009,0.593455912137, 1.0
0.900946024994,0.566166254158, 0.0
0.893123255746,0.318039072537, 0.0
0.913282288722,0.647155896499, 0.0
0.888049618429,0.565578090507, 0.0
0.875879664331,0.661692058596, 0.0
0.843025933904,0.666349751143, 0.0
0.809732151889,0.319042680464, 0.0
0.850306721639,0.427841785705, 0.0
0.865069336973,0.657258468874, 1.0
0.974277192544,0.695943040743, 1.0
0.995978723828,0.764330380663, 1.0
0.999279720965,0.632128145469, 0.0
0.998985983141,0.368289083835, 1.0
0.999917258506,0.906389176363, 1.0
0.999974307132,0.298216778527, 0.0
0.999978896838,0.480948510242, 1.0
0.999997901141,0.495782528273, 1.0
0.999999750246,0.892126099752, 1.0
0.999999913374,0.589031202002, 1.0
0.999999979934,0.349433731515, 1.0
0.999999992792,0.797572489904, 1.0
0.999999996269,0.749596227889, 1.0
0.999999998203,0.61045181397, 0.0
0.999999998237,0.349508990818, 0.0
0.999999998519,0.691873964715, 1.0
0.999999999702,0.620438984027, 0.0
