RMSE: 0.45805543863


Errors: (prediction - observation)

[ 0.56769534  0.240132    0.40567911  0.15458935 -0.1149478  -0.26522251
  0.          0.          0.          0.          0.          0.          0.
  0.          0.          0.          0.          0.          0.          0.
  0.        ]
[-0.60836512  0.63941604  0.58486166  0.47134647 -0.33880718  0.          0.
  0.          0.          0.          0.          0.          0.          0.
  0.          0.          0.          0.          0.          0.          0.        ]
[ 0.18109738  0.46689608 -0.66209365  0.40262598 -0.3220278  -0.39843721
  0.63834817  0.86208379  0.          0.          0.          0.          0.
  0.          0.          0.          0.          0.          0.          0.
  0.        ]
[-0.33037674 -0.52818008 -0.12439839 -0.18230095 -0.23556704  0.          0.
  0.          0.          0.          0.          0.          0.          0.
  0.          0.          0.          0.          0.          0.          0.        ]
[ 0.76173778  0.74393752  0.          0.          0.          0.          0.
  0.          0.          0.          0.          0.          0.          0.
  0.          0.          0.          0.          0.          0.          0.        ]
[ 0.56769534  0.29854152 -0.65023936 -0.0780609   0.81443869  0.          0.
  0.          0.          0.          0.          0.          0.          0.
  0.          0.          0.          0.          0.          0.          0.        ]
[ 0.39163488  0.5737093  -0.40383405  0.58897987 -0.31323522  0.          0.
  0.          0.          0.          0.          0.          0.          0.
  0.          0.          0.          0.          0.          0.          0.        ]
[ 0.18109738  0.46689608  0.24674127  0.5792715   0.          0.          0.
  0.          0.          0.          0.          0.          0.          0.
  0.          0.          0.          0.          0.          0.          0.        ]
[-0.33037674 -0.52818008 -0.12439839 -0.25855727 -0.12102797 -0.08513695
 -0.13714561  0.          0.          0.          0.          0.          0.
  0.          0.          0.          0.          0.          0.          0.
  0.        ]
[-0.23826222 -0.23269452  0.          0.          0.          0.          0.
  0.          0.          0.          0.          0.          0.          0.
  0.          0.          0.          0.          0.          0.          0.        ]
[ 0.56769534 -0.46200073  0.          0.          0.          0.          0.
  0.          0.          0.          0.          0.          0.          0.
  0.          0.          0.          0.          0.          0.          0.        ]
[ 0.39163488  0.5737093  -0.42465303 -0.25636358 -0.29681908  0.          0.
  0.          0.          0.          0.          0.          0.          0.
  0.          0.          0.          0.          0.          0.          0.        ]
[-0.50927739  0.22085835 -0.72671568 -0.2207907   0.          0.          0.
  0.          0.          0.          0.          0.          0.          0.
  0.          0.          0.          0.          0.          0.          0.        ]
[-0.33037674  0.47181992 -0.15392756 -0.22781801 -0.29019247  0.          0.
  0.          0.          0.          0.          0.          0.          0.
  0.          0.          0.          0.          0.          0.          0.        ]
[ 0.76173778 -0.51667544 -0.42948094 -0.14560016  0.          0.          0.
  0.          0.          0.          0.          0.          0.          0.
  0.          0.          0.          0.          0.          0.          0.        ]
[ 0.56769534  0.53799927  0.          0.          0.          0.          0.
  0.          0.          0.          0.          0.          0.          0.
  0.          0.          0.          0.          0.          0.          0.        ]
[ 0.39163488  0.5737093  -0.1381436  -0.3430513   0.72447547 -0.32619786
  0.68005263  0.71947734  0.          0.          0.          0.          0.
  0.          0.          0.          0.          0.          0.          0.
  0.        ]
[ 0.18109738  0.46689608  0.21119649  0.34112864 -0.42574204  0.54500781
 -0.64032854  0.83403212  0.          0.          0.          0.          0.
  0.          0.          0.          0.          0.          0.          0.
  0.        ]
[ 0.45361432 -0.36099682 -0.1538907  -0.31937119 -0.15168215 -0.20211905
  0.          0.          0.          0.          0.          0.          0.
  0.          0.          0.          0.          0.          0.          0.
  0.        ]
[-0.23826222 -0.47818274  0.63840074 -0.19666293  0.          0.          0.
  0.          0.          0.          0.          0.          0.          0.
  0.          0.          0.          0.          0.          0.          0.        ]
[ 0.56769534  0.53799927  0.          0.          0.          0.          0.
  0.          0.          0.          0.          0.          0.          0.
  0.          0.          0.          0.          0.          0.          0.        ]
[ 0.39163488  0.5737093   0.57534697  0.46934259 -0.33914459  0.          0.
  0.          0.          0.          0.          0.          0.          0.
  0.          0.          0.          0.          0.          0.          0.        ]
[-0.50927739  0.22085835  0.23607311  0.35399516 -0.42142094 -0.45011403
  0.5991842   0.80893003  0.          0.          0.          0.          0.
  0.          0.          0.          0.          0.          0.          0.
  0.        ]
[-0.33037674  0.47181992 -0.15392756 -0.23338184 -0.23398665 -0.10574569
 -0.15623395  0.          0.          0.          0.          0.          0.
  0.          0.          0.          0.          0.          0.          0.
  0.        ]
[ 0.76173778  0.48332456 -0.43539652 -0.14889153  0.          0.          0.
  0.          0.          0.          0.          0.          0.          0.
  0.          0.          0.          0.          0.          0.          0.        ]
[-0.43230466 -0.63010359 -0.28051539  0.          0.          0.          0.
  0.          0.          0.          0.          0.          0.          0.
  0.          0.          0.          0.          0.          0.          0.        ]
[ 0.39163488 -0.4262907   0.46633765 -0.3396458   0.          0.          0.
  0.          0.          0.          0.          0.          0.          0.
  0.          0.          0.          0.          0.          0.          0.        ]
[ 0.18109738 -0.53310392  0.27328432 -0.41118901  0.          0.          0.
  0.          0.          0.          0.          0.          0.          0.
  0.          0.          0.          0.          0.          0.          0.        ]
[ 0.66962326 -0.58328565 -0.15392756 -0.23338184 -0.23398665 -0.10574569
  0.84376605  0.          0.          0.          0.          0.          0.
  0.          0.          0.          0.          0.          0.          0.
  0.        ]
[ 0.76173778 -0.25606248  0.          0.          0.          0.          0.
  0.          0.          0.          0.          0.          0.          0.
  0.          0.          0.          0.          0.          0.          0.        ]
[-0.43230466 -0.14367214 -0.33200874  0.          0.          0.          0.
  0.          0.          0.          0.          0.          0.          0.
  0.          0.          0.          0.          0.          0.          0.        ]
[ 0.39163488  0.5737093  -0.42465303 -0.40712221 -0.14882326  0.          0.
  0.          0.          0.          0.          0.          0.          0.
  0.          0.          0.          0.          0.          0.          0.        ]
[-0.81890262  0.59846357  0.32513709 -0.61995075  0.49362095 -0.29339337
  0.          0.          0.          0.          0.          0.          0.
  0.          0.          0.          0.          0.          0.          0.
  0.        ]
[ 0.66962326  0.41671435  0.70752086  0.52274501  0.          0.          0.
  0.          0.          0.          0.          0.          0.          0.
  0.          0.          0.          0.          0.          0.          0.        ]
[-0.23826222 -0.23269452  0.          0.          0.          0.          0.
  0.          0.          0.          0.          0.          0.          0.
  0.          0.          0.          0.          0.          0.          0.        ]
[-0.43230466  0.31330182 -0.57747    -0.71604711 -0.02523579  0.91802074
  0.          0.          0.          0.          0.          0.          0.
  0.          0.          0.          0.          0.          0.          0.
  0.        ]
[ 0.39163488  0.5737093  -0.40383405 -0.31279382 -0.28626461 -0.09958747
  0.          0.          0.          0.          0.          0.          0.
  0.          0.          0.          0.          0.          0.          0.
  0.        ]
[ 0.18109738 -0.53310392  0.36597754  0.33381591  0.57187644  0.23345352
  0.29949023 -0.40106149  0.          0.          0.          0.          0.
  0.          0.          0.          0.          0.          0.          0.
  0.        ]
[-0.33037674 -0.52818008 -0.12439839 -0.18230095 -0.23556704  0.          0.
  0.          0.          0.          0.          0.          0.          0.
  0.          0.          0.          0.          0.          0.          0.        ]
[-0.23826222  0.76730548  0.          0.          0.          0.          0.
  0.          0.          0.          0.          0.          0.          0.
  0.          0.          0.          0.          0.          0.          0.        ]
[-0.43230466  0.36989641  0.14862135 -0.11627737  0.51119069 -0.3191692   0.
  0.          0.          0.          0.          0.          0.          0.
  0.          0.          0.          0.          0.          0.          0.        ]
[ 0.39163488  0.5737093   0.57534697 -0.13391993  0.68448203  0.54451484
 -0.52054405 -0.21760799  0.          0.          0.          0.          0.
  0.          0.          0.          0.          0.          0.          0.
  0.        ]
[ 0.18109738  0.46689608  0.21119649 -0.61788488  0.75432329  0.40599996
 -0.68088967 -0.18801217  0.          0.          0.          0.          0.
  0.          0.          0.          0.          0.          0.          0.
  0.        ]
[ 0.66962326  0.41671435 -0.15689115  0.67420335  0.72178863 -0.28248982
 -0.36496629  0.          0.          0.          0.          0.          0.
  0.          0.          0.          0.          0.          0.          0.
  0.        ]
[ 0.76173778 -0.5233212  -0.42375599 -0.14606255  0.          0.          0.
  0.          0.          0.          0.          0.          0.          0.
  0.          0.          0.          0.          0.          0.          0.        ]
[ 0.56769534 -0.16309931  0.62022277  0.          0.          0.          0.
  0.          0.          0.          0.          0.          0.          0.
  0.          0.          0.          0.          0.          0.          0.        ]
[ 0.39163488  0.5737093  -0.54506407  0.76301303  0.          0.          0.
  0.          0.          0.          0.          0.          0.          0.
  0.          0.          0.          0.          0.          0.          0.        ]
[ 0.18109738 -0.53310392 -0.72671568 -0.2207907   0.          0.          0.
  0.          0.          0.          0.          0.          0.          0.
  0.          0.          0.          0.          0.          0.          0.        ]
[-0.33037674  0.47181992 -0.28711262 -0.37181469  0.          0.          0.
  0.          0.          0.          0.          0.          0.          0.
  0.          0.          0.          0.          0.          0.          0.        ]
[-0.23826222 -0.47201601 -0.36724762 -0.11470345  0.          0.          0.
  0.          0.          0.          0.          0.          0.          0.
  0.          0.          0.          0.          0.          0.          0.        ]
[ 0.56769534  0.240132    0.86607011  0.14480744  0.46743069  0.64576869
  0.          0.          0.          0.          0.          0.          0.
  0.          0.          0.          0.          0.          0.          0.
  0.        ]
[ 0.39163488  0.5737093  -0.1381436   0.55272151  0.67744867  0.          0.
  0.          0.          0.          0.          0.          0.          0.
  0.          0.          0.          0.          0.          0.          0.        ]
[ 0.18109738 -0.53310392  0.27328432 -0.41118901  0.          0.          0.
  0.          0.          0.          0.          0.          0.          0.
  0.          0.          0.          0.          0.          0.          0.        ]
[ 0.66962326  0.41671435  0.70752086 -0.47725499  0.          0.          0.
  0.          0.          0.          0.          0.          0.          0.
  0.          0.          0.          0.          0.          0.          0.        ]
[-0.23826222 -0.47818274 -0.36159926 -0.11495744  0.          0.          0.
  0.          0.          0.          0.          0.          0.          0.
  0.          0.          0.          0.          0.          0.          0.        ]
[-0.43230466 -0.40969086  0.          0.          0.          0.          0.
  0.          0.          0.          0.          0.          0.          0.
  0.          0.          0.          0.          0.          0.          0.        ]
[ 0.39163488 -0.4262907  -0.47946219 -0.0900123  -0.2294792  -0.21904918
 -0.07879925  0.          0.          0.          0.          0.          0.
  0.          0.          0.          0.          0.          0.          0.
  0.        ]
[ 0.18109738 -0.53310392 -0.72671568 -0.2207907   0.          0.          0.
  0.          0.          0.          0.          0.          0.          0.
  0.          0.          0.          0.          0.          0.          0.        ]
[-0.33037674 -0.52818008 -0.12439839 -0.18230095 -0.23556704  0.          0.
  0.          0.          0.          0.          0.          0.          0.
  0.          0.          0.          0.          0.          0.          0.        ]
[-0.23826222  0.52181726 -0.42375599 -0.14606255  0.          0.          0.
  0.          0.          0.          0.          0.          0.          0.
  0.          0.          0.          0.          0.          0.          0.        ]
[-0.43230466  0.31330182 -0.57747     0.28395289 -0.08068082 -0.19100839
  0.          0.          0.          0.          0.          0.          0.
  0.          0.          0.          0.          0.          0.          0.
  0.        ]
[-0.60836512  0.63941604  0.52053781 -0.13258168 -0.32928315 -0.20891254
 -0.21626363 -0.07801469  0.          0.          0.          0.          0.
  0.          0.          0.          0.          0.          0.          0.
  0.        ]
[ 0.18109738  0.46689608  0.21119649 -0.42915097 -0.45889269 -0.33733552
 -0.34610901 -0.0879322   0.          0.          0.          0.          0.
  0.          0.          0.          0.          0.          0.          0.
  0.        ]
[-0.33037674  0.47181992  0.84607244  0.60223092 -0.2897941  -0.21289982
 -0.271593    0.          0.          0.          0.          0.          0.
  0.          0.          0.          0.          0.          0.          0.
  0.        ]
[-0.23826222 -0.47201601 -0.36724762 -0.11470345  0.          0.          0.
  0.          0.          0.          0.          0.          0.          0.
  0.          0.          0.          0.          0.          0.          0.        ]
[ 0.56769534  0.53799927  0.          0.          0.          0.          0.
  0.          0.          0.          0.          0.          0.          0.
  0.          0.          0.          0.          0.          0.          0.        ]
[-0.60836512  0.63941604  0.52053781 -0.38864857  0.70359013 -0.12282976
 -0.40235688 -0.14650482  0.          0.          0.          0.          0.
  0.          0.          0.          0.          0.          0.          0.
  0.        ]
[-0.81890262  0.59846357 -0.72671568  0.7792093   0.          0.          0.
  0.          0.          0.          0.          0.          0.          0.
  0.          0.          0.          0.          0.          0.          0.        ]
[ 0.66962326  0.41671435 -0.15689115 -0.23256223 -0.29625893  0.          0.
  0.          0.          0.          0.          0.          0.          0.
  0.          0.          0.          0.          0.          0.          0.        ]
[ 0.76173778  0.48332456  0.56460348 -0.2039123   0.          0.          0.
  0.          0.          0.          0.          0.          0.          0.
  0.          0.          0.          0.          0.          0.          0.        ]
[-0.43230466 -0.40969086  0.          0.          0.          0.          0.
  0.          0.          0.          0.          0.          0.          0.
  0.          0.          0.          0.          0.          0.          0.        ]
[ 0.39163488 -0.4262907   0.8651991  -0.39582351  0.69595156  0.55566913
  0.48224134  0.66307296  0.          0.          0.          0.          0.
  0.          0.          0.          0.          0.          0.          0.
  0.        ]
[ 0.18109738  0.46689608  0.21119649 -0.42915097  0.49868212  0.46750758
  0.31941355  0.60715993  0.          0.          0.          0.          0.
  0.          0.          0.          0.          0.          0.          0.
  0.        ]
[ 0.66962326  0.41671435  0.51220602  0.71759038  0.71576131  0.52453477
  0.          0.          0.          0.          0.          0.          0.
  0.          0.          0.          0.          0.          0.          0.
  0.        ]
[ 0.76173778 -0.25606248  0.          0.          0.          0.          0.
  0.          0.          0.          0.          0.          0.          0.
  0.          0.          0.          0.          0.          0.          0.        ]
[ 0.56769534  0.53799927  0.          0.          0.          0.          0.
  0.          0.          0.          0.          0.          0.          0.
  0.          0.          0.          0.          0.          0.          0.        ]
[-0.60836512  0.63941604  0.52053781 -0.13258168 -0.32928315  0.79108746
 -0.45350534 -0.17350172  0.          0.          0.          0.          0.
  0.          0.          0.          0.          0.          0.          0.
  0.        ]
[ 0.18109738 -0.53310392  0.27328432  0.58881099  0.          0.          0.
  0.          0.          0.          0.          0.          0.          0.
  0.          0.          0.          0.          0.          0.          0.        ]
[-0.33037674 -0.52818008 -0.12439839 -0.25855727 -0.12102797 -0.08513695
 -0.13714561  0.          0.          0.          0.          0.          0.
  0.          0.          0.          0.          0.          0.          0.
  0.        ]
[ 0.76173778 -0.51667544 -0.42948094  0.85439984  0.          0.          0.
  0.          0.          0.          0.          0.          0.          0.
  0.          0.          0.          0.          0.          0.          0.        ]
[ 0.56769534  0.240132    0.40567911  0.15458935 -0.1149478   0.73477749
  0.          0.          0.          0.          0.          0.          0.
  0.          0.          0.          0.          0.          0.          0.
  0.        ]
[ 0.39163488  0.5737093  -0.42465303  0.63850032  0.63888334 -0.13120947
  0.57325826 -0.31746908  0.          0.          0.          0.          0.
  0.          0.          0.          0.          0.          0.          0.
  0.        ]
[ 0.18109738 -0.53310392 -0.72671568 -0.2207907   0.          0.          0.
  0.          0.          0.          0.          0.          0.          0.
  0.          0.          0.          0.          0.          0.          0.        ]
[ 0.66962326  0.41671435 -0.15689115 -0.23256223 -0.29625893  0.          0.
  0.          0.          0.          0.          0.          0.          0.
  0.          0.          0.          0.          0.          0.          0.        ]
[-0.23826222 -0.47818274 -0.36159926 -0.11495744  0.          0.          0.
  0.          0.          0.          0.          0.          0.          0.
  0.          0.          0.          0.          0.          0.          0.        ]
[ 0.56769534 -0.46200073  0.          0.          0.          0.          0.
  0.          0.          0.          0.          0.          0.          0.
  0.          0.          0.          0.          0.          0.          0.        ]
[ 0.39163488 -0.4262907   0.58486166 -0.52865353 -0.22379404  0.          0.
  0.          0.          0.          0.          0.          0.          0.
  0.          0.          0.          0.          0.          0.          0.        ]
