RMSE: 0.452728545914


Errors: (prediction - observation)

[ 0.56359472  0.45519262  0.28512836 -0.52238659  0.47601839 -0.57885326
  0.34832843 -0.53932474 -0.52498475 -0.47647942 -0.2869549  -0.14981249
 -0.30344186 -0.23970229  0.7370234   0.59732869 -0.32239514 -0.42288176
 -0.14567849 -0.20800667  0.62905531 -0.20496942  0.77458511 -0.25949467
  0.62674101 -0.24413221 -0.27426538  0.          0.          0.          0.
  0.          0.          0.          0.          0.          0.          0.
  0.          0.          0.          0.          0.          0.          0.
  0.          0.          0.          0.          0.          0.          0.
  0.          0.          0.          0.          0.          0.          0.
  0.          0.          0.          0.          0.          0.          0.
  0.          0.          0.          0.        ]
[-0.43640528  0.47497207  0.29266461 -0.5188149  -0.5182616   0.49689714
  0.33502627  0.45291046  0.39807679 -0.412084    0.50743216  0.30636771
  0.48788298  0.44937509 -0.59022169  0.32973566  0.44990995  0.3967273   0.
  0.          0.          0.          0.          0.          0.          0.
  0.          0.          0.          0.          0.          0.          0.
  0.          0.          0.          0.          0.          0.          0.
  0.          0.          0.          0.          0.          0.          0.
  0.          0.          0.          0.          0.          0.          0.
  0.          0.          0.          0.          0.          0.          0.
  0.          0.          0.          0.          0.          0.          0.
  0.          0.        ]
[ 0.56359472  0.45519262  0.28512836  0.47761341  0.44536498  0.40816347
  0.29171015  0.42969347  0.38801174  0.38594513  0.26929324 -0.63495617
 -0.5499397  -0.32779226  0.54472406 -0.48199207 -0.54930809 -0.34914733
 -0.27400449 -0.22648099  0.61657049 -0.23009115  0.          0.          0.
  0.          0.          0.          0.          0.          0.          0.
  0.          0.          0.          0.          0.          0.          0.
  0.          0.          0.          0.          0.          0.          0.
  0.          0.          0.          0.          0.          0.          0.
  0.          0.          0.          0.          0.          0.          0.
  0.          0.          0.          0.          0.          0.          0.
  0.          0.          0.        ]
[ 0.56359472  0.45519262  0.28512836  0.47761341  0.44536498  0.40816347
  0.29171015  0.42969347 -0.61198826 -0.43740534  0.37164235 -0.58595406
  0.57949687 -0.53924033 -0.61046473  0.61967006 -0.24106977  0.57014741
  0.5839747   0.3473282   0.50962246  0.45842804  0.41351339  0.29394345
  0.43081923 -0.61151951 -0.38308207  0.          0.          0.          0.
  0.          0.          0.          0.          0.          0.          0.
  0.          0.          0.          0.          0.          0.          0.
  0.          0.          0.          0.          0.          0.          0.
  0.          0.          0.          0.          0.          0.          0.
  0.          0.          0.          0.          0.          0.          0.
  0.          0.          0.          0.        ]
[-0.43640528  0.47497207  0.29266461 -0.5188149  -0.5182616   0.49689714
  0.33502627 -0.54708954 -0.53633637 -0.23901908  0.34959655 -0.4589338
 -0.3419383   0.67279293  0.47516013  0.56420261  0.55296903 -0.46440119
 -0.52306442 -0.47170121 -0.26096629 -0.28047066  0.71316985  0.61760151
 -0.35944097  0.54863666  0.57072786 -0.2901523   0.66564475  0.41226793
 -0.44952868 -0.4229686  -0.39236698 -0.45155264 -0.2729776  -0.28936448
  0.          0.          0.          0.          0.          0.          0.
  0.          0.          0.          0.          0.          0.          0.
  0.          0.          0.          0.          0.          0.          0.
  0.          0.          0.          0.          0.          0.          0.
  0.          0.          0.          0.          0.          0.        ]
[-0.43640528  0.47497207  0.29266461 -0.5188149  -0.5182616   0.49689714
  0.33502627  0.45291046 -0.60192321 -0.30260131  0.45531739 -0.54790238
  0.28627449  0.52447683 -0.57084465  0.55903185 -0.43200678 -0.34066086
 -0.39236955  0.49388109 -0.38284558 -0.35265788  0.66729518  0.48518112
  0.56460325  0.46186252  0.          0.          0.          0.          0.
  0.          0.          0.          0.          0.          0.          0.
  0.          0.          0.          0.          0.          0.          0.
  0.          0.          0.          0.          0.          0.          0.
  0.          0.          0.          0.          0.          0.          0.
  0.          0.          0.          0.          0.          0.          0.
  0.          0.          0.          0.        ]
[-0.43640528  0.47497207  0.29266461  0.4811851   0.44674136 -0.59128496
 -0.67206071 -0.46523442 -0.4343349  -0.3204228  -0.32340689 -0.28379592
 -0.24491537 -0.10830673 -0.29913949 -0.40137743 -0.27350074 -0.37564018
 -0.13840462 -0.20281621 -0.36808473 -0.19967655 -0.22253424 -0.25203644
  0.63027404 -0.23740098 -0.27091371  0.          0.          0.          0.
  0.          0.          0.          0.          0.          0.          0.
  0.          0.          0.          0.          0.          0.          0.
  0.          0.          0.          0.          0.          0.          0.
  0.          0.          0.          0.          0.          0.          0.
  0.          0.          0.          0.          0.          0.          0.
  0.          0.          0.          0.        ]
[ 0.56359472  0.45519262  0.28512836 -0.52238659 -0.52398161 -0.51126717
  0.4397458   0.52430406 -0.56468156  0.51495538 -0.59125232  0.49388937
  0.34228894  0.43323109  0.37313772  0.66610746  0.2882215   0.19221999
 -0.55874745 -0.37778011 -0.44139036  0.44193866 -0.42760828 -0.3979323
 -0.36943072  0.56444552 -0.34420009  0.66736528  0.          0.          0.
  0.          0.          0.          0.          0.          0.          0.
  0.          0.          0.          0.          0.          0.          0.
  0.          0.          0.          0.          0.          0.          0.
  0.          0.          0.          0.          0.          0.          0.
  0.          0.          0.          0.          0.          0.          0.
  0.          0.          0.          0.        ]
[ 0.45143557 -0.43242573  0.29266461 -0.5188149  -0.5182616  -0.50310286
  0.44898861  0.53194752  0.43999389 -0.39569343  0.53265734  0.31835605
  0.49396882 -0.54817034 -0.54826076  0.39335709  0.4895551   0.41586414
  0.          0.          0.          0.          0.          0.          0.
  0.          0.          0.          0.          0.          0.          0.
  0.          0.          0.          0.          0.          0.          0.
  0.          0.          0.          0.          0.          0.          0.
  0.          0.          0.          0.          0.          0.          0.
  0.          0.          0.          0.          0.          0.          0.
  0.          0.          0.          0.          0.          0.          0.
  0.          0.          0.        ]
[ 0.56359472  0.45519262  0.28512836  0.47761341  0.44536498 -0.59183653
  0.32700341 -0.55162069 -0.54315663 -0.24471755  0.53093698  0.402286
 -0.40733655  0.58394228 -0.53629126 -0.46909949  0.58576034 -0.48006245
  0.55547318  0.40388056 -0.4738089  -0.39075035 -0.36828957 -0.3617477
 -0.25774041  0.46689637 -0.21151174 -0.14962354 -0.2108606  -0.37253399
 -0.20129348 -0.22341002 -0.25248494  0.63006367 -0.23780555 -0.27111341
  0.          0.          0.          0.          0.          0.          0.
  0.          0.          0.          0.          0.          0.          0.
  0.          0.          0.          0.          0.          0.          0.
  0.          0.          0.          0.          0.          0.          0.
  0.          0.          0.          0.          0.          0.        ]
[ 0.56359472  0.45519262  0.28512836  0.47761341  0.44536498 -0.59183653
  0.32700341  0.44837931 -0.60395536 -0.51351361 -0.39899167 -0.22159886
 -0.34346503  0.67017112 -0.25571379 -0.29955079  0.57128857  0.70476257
  0.60117677 -0.50462181  0.44729368  0.53052617  0.43911268  0.          0.
  0.          0.          0.          0.          0.          0.          0.
  0.          0.          0.          0.          0.          0.          0.
  0.          0.          0.          0.          0.          0.          0.
  0.          0.          0.          0.          0.          0.          0.
  0.          0.          0.          0.          0.          0.          0.
  0.          0.          0.          0.          0.          0.          0.
  0.          0.          0.        ]
[-0.43640528  0.47497207  0.29266461 -0.5188149   0.4817384   0.42374269
  0.29833128 -0.56694758  0.43262861 -0.32731211  0.33831911 -0.58377925
 -0.47931025  0.56431828  0.53844652  0.30718721  0.37551396  0.45431464
  0.46816427  0.39086635  0.19048549  0.35599679 -0.46942653 -0.47038619
 -0.51517908  0.55612846 -0.55047084 -0.28219554  0.67399892  0.42079564
  0.55653504  0.48104794  0.42342624  0.29819316 -0.56701831  0.43251256
  0.          0.          0.          0.          0.          0.          0.
  0.          0.          0.          0.          0.          0.          0.
  0.          0.          0.          0.          0.          0.          0.
  0.          0.          0.          0.          0.          0.          0.
  0.          0.          0.          0.          0.          0.        ]
