RMSE: 0.458339685034


Errors: (prediction - observation)

[-0.33185123  0.45882074  0.21513804 -0.4514227  -0.38402926 -0.4624925
  0.28035155  0.65152883 -0.59513471 -0.1169495  -0.57495757 -0.09717156
 -0.14105435 -0.23728374  0.91987637  0.88760515 -0.42824699 -0.24260698
  0.4699929   0.13428999 -0.38566538 -0.17350121  0.98803581  0.20941481
 -0.41807486 -0.05905857  0.42146748 -0.20057927  0.49403534  0.19909614
 -0.45599866 -0.40979041 -0.51733243  0.22689927 -0.4055209  -0.40322379
  0.          0.          0.          0.          0.          0.          0.
  0.          0.          0.          0.          0.          0.          0.
  0.          0.          0.          0.          0.          0.          0.
  0.          0.          0.          0.          0.          0.          0.
  0.          0.          0.          0.          0.          0.        ]
[ 0.66814877  0.38625547  0.24000545  0.56769248  0.57965633  0.42476607
  0.10827447  0.49588238  0.36553359  0.57068864  0.20526627 -0.47106469
 -0.39910873 -0.17301339  0.48016586 -0.50137582 -0.84689169 -0.27381714
 -0.12081549 -0.1034217   0.68177732 -0.15144404  0.          0.          0.
  0.          0.          0.          0.          0.          0.          0.
  0.          0.          0.          0.          0.          0.          0.
  0.          0.          0.          0.          0.          0.          0.
  0.          0.          0.          0.          0.          0.          0.
  0.          0.          0.          0.          0.          0.          0.
  0.          0.          0.          0.          0.          0.          0.
  0.          0.          0.        ]
[-0.33185123 -0.54117926 -0.6948807  -0.21708621  0.84845194  0.5442704
  0.11360719 -0.5034142   0.29461441 -0.40206897 -0.46600567  0.37051525
  0.60371217 -0.42988282 -0.55609647 -0.81778707 -0.19464144  0.79575813
 -0.0966126   0.          0.          0.          0.          0.          0.
  0.          0.          0.          0.          0.          0.          0.
  0.          0.          0.          0.          0.          0.          0.
  0.          0.          0.          0.          0.          0.          0.
  0.          0.          0.          0.          0.          0.          0.
  0.          0.          0.          0.          0.          0.          0.
  0.          0.          0.          0.          0.          0.          0.
  0.          0.          0.        ]
[ 0.66814877  0.38625547  0.24000545 -0.43230752 -0.33789444  0.61721725
 -0.86099295  0.74624703 -0.53805258  0.87938205  0.49130798  0.19870023
 -0.4561055  -0.40984127  0.48263366 -0.90055725  0.63855858 -0.60072045
  0.          0.          0.          0.          0.          0.          0.
  0.          0.          0.          0.          0.          0.          0.
  0.          0.          0.          0.          0.          0.          0.
  0.          0.          0.          0.          0.          0.          0.
  0.          0.          0.          0.          0.          0.          0.
  0.          0.          0.          0.          0.          0.          0.
  0.          0.          0.          0.          0.          0.          0.
  0.          0.          0.        ]
[-0.33185123 -0.54117926  0.3051193   0.57560723 -0.43545076  0.44357164
  0.09343595  0.48173004 -0.64453718  0.08632815  0.60368504  0.57117515
  0.69852034  0.4793397   0.52442273  0.2359636  -0.02109957  0.59511327
 -0.15902132  0.36996893  0.74329435  0.17627038  0.93497506  0.19932526
 -0.20623809 -0.52213703  0.27125762 -0.43432826 -0.37714179  0.54007726
  0.1120892  -0.50446219  0.44153743  0.          0.          0.          0.
  0.          0.          0.          0.          0.          0.          0.
  0.          0.          0.          0.          0.          0.          0.
  0.          0.          0.          0.          0.          0.          0.
  0.          0.          0.          0.          0.          0.          0.
  0.          0.          0.          0.          0.        ]
[ 0.66814877  0.38625547 -0.75999455  0.71085085  0.6029296  -0.58543872
  0.15104503 -0.47363066  0.49914188  0.2181899  -0.15390863  0.61192403
 -0.2604157   0.37769718 -0.75595001 -0.89582303 -0.19742092 -0.10624429
 -0.01308371 -0.04213932 -0.1332132  -0.31408284 -0.07099833 -0.06385003
  0.88090634  0.44614176  0.90096516 -0.20573286  0.          0.          0.
  0.          0.          0.          0.          0.          0.          0.
  0.          0.          0.          0.          0.          0.          0.
  0.          0.          0.          0.          0.          0.          0.
  0.          0.          0.          0.          0.          0.          0.
  0.          0.          0.          0.          0.          0.          0.
  0.          0.          0.          0.        ]
[ 0.66814877  0.38625547  0.24000545 -0.43230752 -0.33789444 -0.38278275
  0.33939774  0.72567536 -0.55368465  0.72675805 -0.71614228  0.6650554
  0.23783915  0.57852857  0.35049345  0.84079843  0.17558256  0.05935176
 -0.06401708 -0.19644624 -0.49429603  0.32337774 -0.41576267 -0.35119686
 -0.41861326  0.31247254 -0.30973964  0.70286331  0.          0.          0.
  0.          0.          0.          0.          0.          0.          0.
  0.          0.          0.          0.          0.          0.          0.
  0.          0.          0.          0.          0.          0.          0.
  0.          0.          0.          0.          0.          0.          0.
  0.          0.          0.          0.          0.          0.          0.
  0.          0.          0.          0.        ]
[-0.33185123 -0.54117926  0.3051193   0.57560723  0.56454924 -0.60212893
  0.12227562 -0.49689128 -0.54292957 -0.18086293 -0.27740462  0.54786885
 -0.53425084 -0.03974457 -0.04748092 -0.14369373 -0.32015167 -0.0720532
 -0.06439316 -0.11948071 -0.5491251  -0.08867343 -0.1401228   0.          0.
  0.          0.          0.          0.          0.          0.          0.
  0.          0.          0.          0.          0.          0.          0.
  0.          0.          0.          0.          0.          0.          0.
  0.          0.          0.          0.          0.          0.          0.
  0.          0.          0.          0.          0.          0.          0.
  0.          0.          0.          0.          0.          0.          0.
  0.          0.          0.        ]
[-0.33185123  0.45882074  0.21513804  0.5485773   0.56312641 -0.59743002
  0.13347852 -0.4880088   0.47427636 -0.15046175 -0.27226513 -0.43850442
 -0.17923367 -0.01244432 -0.15007493 -0.24830553  0.54118282 -0.24960088
 -0.16039101 -0.14795108 -0.11902272  0.31236632 -0.30241421 -0.00778096
 -0.17795277 -0.28425279 -0.14360802 -0.0210721  -0.09302749 -0.29215404
 -0.06734224 -0.06197742 -0.11776271 -0.5486099  -0.08859526 -0.14008118
  0.          0.          0.          0.          0.          0.          0.
  0.          0.          0.          0.          0.          0.          0.
  0.          0.          0.          0.          0.          0.          0.
  0.          0.          0.          0.          0.          0.          0.
  0.          0.          0.          0.          0.          0.        ]
[ 0.66814877 -0.61374453  0.21513804  0.5485773   0.56312641 -0.59743002
  0.13347852 -0.4880088   0.47427636  0.71537354  0.4826697  -0.2591712
 -0.45743288  0.94255604  0.18181864  0.24246662  0.57290178  0.20059406
 -0.6479165  -0.39447566 -0.12895934  0.13329519  0.8335366   0.46781874
  0.19361454  0.54251546  0.56031337 -0.60463226  0.11298913  0.49621182
  0.35809658  0.          0.          0.          0.          0.          0.
  0.          0.          0.          0.          0.          0.          0.
  0.          0.          0.          0.          0.          0.          0.
  0.          0.          0.          0.          0.          0.          0.
  0.          0.          0.          0.          0.          0.          0.
  0.          0.          0.          0.          0.        ]
[-0.33185123  0.45882074  0.21513804 -0.4514227  -0.38402926 -0.4624925
  0.28035155  0.65152883 -0.59513471  0.32682083  0.31217791  0.7528299
  0.93473597  0.05665852 -0.15700782 -0.28625097 -0.46729873  0.48338135
  0.80629094 -0.54081697  0.23251642  0.55352494  0.56187809 -0.60435457
  0.11343709  0.49654784  0.35816623  0.          0.          0.          0.
  0.          0.          0.          0.          0.          0.          0.
  0.          0.          0.          0.          0.          0.          0.
  0.          0.          0.          0.          0.          0.          0.
  0.          0.          0.          0.          0.          0.          0.
  0.          0.          0.          0.          0.          0.          0.
  0.          0.          0.          0.        ]
[ 0.66814877  0.38625547  0.24000545  0.56769248  0.57965633  0.42476607
  0.10827447  0.49588238  0.36553359 -0.15932909  0.37952251  0.24600321
 -0.47098511 -0.24050357 -0.37682359  0.66546547  0.19999439 -0.29485273
  0.51461503  0.32624078  0.63498255  0.73691338 -0.41882654  0.07189223
 -0.06217223 -0.01944256 -0.73682047 -0.12544605  0.68823613  0.26867654
 -0.43517802 -0.37837238 -0.46197197  0.27896093  0.6499778   0.40404523
  0.          0.          0.          0.          0.          0.          0.
  0.          0.          0.          0.          0.          0.          0.
  0.          0.          0.          0.          0.          0.          0.
  0.          0.          0.          0.          0.          0.          0.
  0.          0.          0.          0.          0.          0.        ]
