0.0485752361121,0.608124315125, 1.0
0.0850954292175,0.532405540208, 0.0
0.0690773869621,0.413840726079, 0.0
0.0582011466781,0.614946959702, 1.0
0.0977946858636,0.532653925311, 1.0
0.158053383434,0.392592253248, 1.0
0.247295938095,0.827122817135, 1.0
0.2921923196,0.628777994296, 1.0
0.360584338193,0.559925630588, 1.0
0.441404333259,0.774583033546, 1.0
0.492135374228,0.675861249271, 1.0
0.554729969591,0.497148818461, 1.0
0.637680572398,0.873276302428, 1.0
0.667657647167,0.847638718889, 1.0
0.69920484679,0.831372417577, 1.0
0.73066224345,0.719030597076, 0.0
0.661909252326,0.688010164245, 1.0
0.712843679235,0.931023267027, 1.0
0.731865263791,0.941097143263, 0.0
0.633678496376,0.666671405044, 1.0
0.689322434321,0.734684214677, 1.0
0.732537116211,0.799942782323, 1.0
0.764971954535,0.812444002652, 1.0
0.793381685609,0.739134977832, 1.0
0.825666672846,0.683195456404, 1.0
0.858079409258,0.859972051595, 0.0
0.799265260714,0.55895559839, 0.0
0.758530789608,0.499969993861, 0.0
0.719322281741,0.824870144953, 1.0
0.750051502692,0.845980336019, 1.0
0.776241154069,0.954756286678, 1.0
0.789428635399,0.864696396286, 1.0
0.81074400302,0.77701438764, 0.0
0.748570153165,0.96044300643, 1.0
0.762474383937,0.989524937017, 1.0
0.772559009122,0.904919236953, 1.0
0.791093274706,0.673839531415, 1.0
0.829180306888,0.775166057167, 1.0
0.854303525634,0.83392131443, 0.0
0.797013563911,0.932584914319, 1.0
0.811311014895,0.954563034105, 1.0
0.822725886548,0.949923106354, 1.0
0.833953089021,0.95113012332, 1.0
0.84445545763,0.31890234305, 0.0
0.829628621369,0.760637409813, 1.0
0.855796582449,0.657024327275, 1.0
0.885112932927,0.50099992163, 1.0
0.916326480168,0.639247764824, 1.0
0.93511094082,0.835398697376, 0.0
0.905721827907,0.928487424115, 1.0
0.913243826438,0.970094100721, 0.0
0.86521889453,0.872565829569, 1.0
0.879503151285,0.918202687443, 1.0
0.889564546233,0.739425362437, 1.0
0.908810263567,0.580707167922, 1.0
0.931332181886,0.919846327182, 1.0
0.937288255038,0.819110006254, 1.0
0.0485752361121,0.743112121863, 1.0
0.0751585725991,0.801042736968, 1.0
0.104612763214,0.951678145055, 1.0
0.128331091892,0.966880278867, 1.0
0.151817168709,0.90299210057, 1.0
0.183301916147,0.802424363745, 0.0
0.123058955585,0.971762675867, 1.0
0.145823058899,0.968896497656, 1.0
0.169511906386,0.942020461014, 1.0
0.196659264153,0.966016064829, 1.0
0.222093472296,0.962174079648, 1.0
0.24891883653,0.965996483374, 1.0
0.275548751929,0.95158437677, 1.0
0.304408361947,0.91118974502, 1.0
0.338197936496,0.923387269857, 1.0
0.370288011244,0.958356098252, 1.0
0.397039946989,0.986501105665, 1.0
0.419177445455,0.963941470634, 1.0
0.444642723283,0.941771499907, 1.0
0.473066910186,0.980588502154, 0.0
0.345620946553,0.954841124112, 1.0
0.3737701337,0.970700484089, 1.0
0.399048086592,0.748504682284, 1.0
0.456294267043,0.882276392759, 1.0
0.492623803938,0.807201544073, 0.0
0.389309222087,0.949003133408, 1.0
0.417793785352,0.967236333641, 1.0
0.442832679474,0.639085650178, 0.0
0.366491689883,0.67880880889, 0.0
0.286802829961,0.450124545371, 0.0
0.247704796248,0.495822820918, 1.0
0.340261208994,0.716357784221, 1.0
0.402624886223,0.635556564139, 1.0
0.47520143189,0.706646485513, 1.0
0.535367424737,0.507745210616, 1.0
0.618767642214,0.791369254915, 1.0
0.660549343541,0.833237911673, 1.0
0.694357447527,0.680310053374, 1.0
0.743393197735,0.902366569354, 1.0
0.764070814038,0.784354067073, 0.0
0.691674754042,0.702378073574, 0.0
0.620603822045,0.506905310345, 1.0
0.696668910482,0.877279112178, 1.0
0.722946595725,0.673005570262, 0.0
0.65912291951,0.697743273656, 1.0
0.709171828763,0.89227997791, 0.0
0.61460617383,0.69956583773, 0.0
0.540245867081,0.841299668186, 1.0
0.578379689896,0.968865375469, 1.0
0.598294326647,0.914763016197, 0.0
0.494677341261,0.846529387642, 1.0
0.533492330314,0.943505346809, 1.0
0.558365956233,0.963347829899, 1.0
0.579761392343,0.892270384653, 0.0
0.479374100835,0.934314151487, 1.0
0.507257209956,0.971480000635, 1.0
0.529419022347,0.925417533428, 1.0
0.556832329297,0.675936874458, 1.0
0.615853239629,0.604340678191, 0.0
0.554467557741,0.789270888972, 1.0
0.598851193933,0.943273223998, 1.0
0.621337806465,0.887152937639, 0.0
0.521836309174,0.688416470726, 1.0
0.580492538168,0.844569599858, 1.0
0.616590464068,0.969559417468, 1.0
0.634960203682,0.916480759089, 1.0
0.659415495449,0.858739271671, 1.0
0.689939609578,0.948261997942, 1.0
0.707959266587,0.966412068207, 1.0
0.722990610151,0.900280892292, 0.0
0.629322054797,0.939577119731, 1.0
0.651063360173,0.930282266565, 1.0
0.673059447755,0.974108974763, 1.0
0.688604235905,0.69241465474, 0.0
0.619262501308,0.604896128258, 0.0
0.558050310272,0.789763646844, 1.0
0.602144790336,0.767875965203, 0.0
0.518810808624,0.940812284066, 1.0
0.5445313437,0.761969919281, 1.0
0.592728964059,0.943114622835, 0.0
0.485991953032,0.755959641618, 1.0
0.536604987105,0.823482186339, 1.0
0.577029246722,0.665817715547, 1.0
0.636239127096,0.896659697265, 1.0
0.663152591938,0.945302400513, 1.0
0.682720390962,0.701555447483, 0.0
0.611735535951,0.506103602587, 1.0
0.688156736774,0.876868807378, 1.0
0.714877791564,0.695678817979, 1.0
0.759949114109,0.623974483384, 1.0
0.806645891794,0.813201254116, 1.0
0.831111212478,0.719591247319, 1.0
0.860109081483,0.540823873823, 1.0
0.895135213612,0.890272379304, 1.0
0.90561884986,0.719236357492, 0.0
0.873195733511,0.639295211568, 1.0
0.90040671638,0.822010296149, 1.0
0.913976877089,0.729656712617, 1.0
0.929768396262,0.550555964682, 1.0
0.948320589947,0.893714913472, 1.0
0.953673291696,0.869701074501, 0.0
0.930586363511,0.742878640889, 0.0
0.904576951851,0.718214915873, 0.0
0.871917575428,0.845941287705, 1.0
0.887312708954,0.937930952948, 0.0
0.831062244304,0.944528636932, 0.0
0.75470912129,0.734664162098, 0.0
0.68745954287,0.66545857272, 0.0
0.62163674978,0.799158969388, 0.0
0.534429479378,0.654239453936, 1.0
0.596990731158,0.724238417253, 1.0
0.647702180378,0.791817785272, 0.0
0.562377285132,0.837097205264, 1.0
0.600093613222,0.5311593186, 0.0
0.548470612451,0.470776184418, 0.0
0.505136958383,0.806284949437, 0.0
0.420938531576,0.819774576067, 0.0
0.345583992123,0.942892042783, 0.0
0.274134723174,0.827026641205, 0.0
0.229724552226,0.715442451054, 0.0
0.204187036572,0.947430542867, 1.0
0.237460318221,0.986047639978, 0.0
0.194791699683,0.873698593693, 0.0
0.171623579425,0.907327441126, 0.0
0.155020704303,0.935961139672, 1.0
0.189776574304,0.930161762948, 1.0
0.224365914957,0.600460687031, 0.0
0.207007991329,0.708336576363, 0.0
0.187838687737,0.774979183802, 0.0
0.170848654737,0.602414799813, 1.0
0.225774694371,0.631833735683, 1.0
0.283809319828,0.668136530205, 1.0
0.342227113516,0.950700096624, 1.0
0.372004773581,0.986933668999, 0.0
0.290296658244,0.87877591432, 1.0
0.328039785668,0.613865862127, 1.0
0.394693615181,0.728582266191, 1.0
0.449366204791,0.79830207788, 1.0
0.495109751313,0.805397629547, 1.0
0.539061556755,0.829170383027, 0.0
0.449472121282,0.828330731697, 1.0
0.491411922717,0.920259436621, 1.0
0.520658407909,0.946353487538, 1.0
0.545597468521,0.941296220662, 1.0
0.570322715753,0.840436597137, 1.0
0.607304247934,0.704445454489, 0.0
0.532635547279,0.6722062088, 1.0
0.592928776849,0.82258675481, 1.0
0.631278880057,0.927861828674, 1.0
0.654428879916,0.938457543654, 1.0
0.67523525936,0.725456365351, 0.0
0.600534942425,0.797197275032, 1.0
0.641791498664,0.659594096434, 1.0
0.697503058981,0.674946023202, 1.0
0.746517138999,0.741275524663, 1.0
0.783713375967,0.804886268418, 1.0
0.811131054782,0.950431786645, 1.0
0.822941416869,0.568733759685, 0.0
0.784742647571,0.912435065709, 0.0
0.700429911362,0.796305832646, 1.0
0.735737423437,0.983120021214, 1.0
0.747629925771,0.921780910542, 1.0
0.765850575289,0.937056469465, 1.0
0.781432029647,0.91867628068, 1.0
0.798023608207,0.983616348145, 1.0
0.807260355697,0.931054279621, 1.0
0.821099388858,0.694031429317, 0.0
0.770108990541,0.689066443339, 1.0
0.809618507551,0.930551862608, 1.0
0.823363001962,0.877150528212, 1.0
0.840873313218,0.569104841053, 0.0
0.805561629953,0.93170362638, 1.0
0.819440882265,0.958749639062, 0.0
0.737978419545,0.624271772828, 1.0
0.787581529696,0.531609744794, 1.0
0.837530787065,0.888293009058, 0.0
0.769569770972,0.870545885774, 1.0
0.791794348068,0.793839706095, 1.0
0.819435359581,0.537369891585, 0.0
0.783679179548,0.634637720834, 1.0
0.826067919276,0.848311111891, 1.0
0.845742879016,0.449587007308, 1.0
0.888880532283,0.923756985103, 1.0
0.897902601707,0.984665763676, 1.0
0.902679598785,0.934999871831, 1.0
0.910063513432,0.984935020476, 1.0
0.91427534945,0.929260688096, 1.0
0.921129805642,0.942835991045, 1.0
0.926847183809,0.935437343312, 0.0
0.88768633113,0.703891246017, 0.0
0.851332197528,0.697851590428, 1.0
0.878850699794,0.647433824881, 0.0
0.844610820376,0.449434848342, 1.0
0.888025599327,0.54564343404, 0.0
0.8629941364,0.877078995383, 1.0
0.877166628642,0.890825653162, 1.0
0.889185831637,0.803583709957, 1.0
0.90510881688,0.96238699599, 0.0
0.854061720062,0.542208169863, 0.0
0.823245725422,0.958848200159, 1.0
0.833645232269,0.932853954705, 1.0
0.845717823621,0.638807851355, 1.0
0.877885887691,0.880893110769, 1.0
0.890477069608,0.5760242423, 1.0
0.917239895822,0.706179459472, 1.0
0.933385723149,0.709653241052, 0.0
0.91000754545,0.934735558458, 1.0
0.916892868394,0.953669855077, 1.0
0.922364611218,0.970278686206, 1.0
0.926717057187,0.876997159101, 1.0
0.934827656747,0.835373194219, 0.0
0.905325577669,0.503793504472, 0.0
0.886029111866,0.766914268175, 1.0
0.904354471217,0.928425775903, 1.0
0.911979471329,0.326487129082, 1.0
0.941798879602,0.642708546546, 1.0
0.955117467062,0.670224311253, 1.0
0.964973856686,0.922479430439, 1.0
0.968053150583,0.748728591602, 1.0
0.973961192551,0.583347646574, 1.0
0.980776164258,0.53087602984, 0.0
0.976127287171,0.705495026827, 0.0
0.967302386823,0.735449110969, 1.0
0.973559906506,0.805857380565, 1.0
0.0485752361121,0.662873219702, 0.0
0.0323050390082,0.640605207737, 0.0
0.0226263662855,0.859580695968, 0.0
0.0147259356159,0.645129264562, 1.0
0.0314690670781,0.534510621993, 1.0
0.0633060203981,0.900160340909, 1.0
0.0869567234322,0.977149658438, 1.0
0.108209508412,0.822356117549, 1.0
0.141945872516,0.517666606883, 0.0
0.111501063082,0.626601809164, 0.0
0.0830248261584,0.661257021582, 0.0
0.0544778076557,0.469146418182, 0.0
0.0424965265067,0.463710441098, 0.0
0.0370437598451,0.478944313049, 0.0
0.0300537925791,0.6492577696, 0.0
0.0215742979952,0.876968846354, 1.0
0.0356506781103,0.972467667723, 1.0
0.0503655655427,0.79319638241, 1.0
0.0748437829729,0.83700249439, 0.0
0.0420694083494,0.886127103788, 1.0
0.0601663957661,0.88188691215, 1.0
0.0485752361121,0.495722324057, 0.0
0.0376154687507,0.373650470107, 1.0
0.08339873514,0.642763746094, 1.0
0.129313670897,0.559721141383, 1.0
0.194066375481,0.411573952371, 0.0
0.172817087276,0.802658642667, 0.0
0.115501786375,0.552206506314, 1.0
0.174098483497,0.490190480644, 1.0
0.255569686408,0.734381077075, 1.0
0.312378617747,0.639572246462, 1.0
0.382365698274,0.466944375061, 0.0
0.34278077962,0.845584074926, 0.0
0.259594357967,0.795419910714, 1.0
0.308552675792,0.65628073751, 0.0
0.254259648982,0.61384758554, 1.0
0.324548971091,0.791859640081, 1.0
0.373021114471,0.913266510232, 0.0
0.279197837025,0.918403542899, 1.0
0.312710240277,0.755082594488, 1.0
0.367501290004,0.682275150999, 1.0
0.4305574633,0.62702383602, 1.0
0.501767185724,0.71090130299, 0.0
0.42474423744,0.635643908212, 1.0
0.494195407344,0.775481844716, 1.0
0.542804488069,0.834429692372, 1.0
0.582138008784,0.527944429327, 1.0
0.659089181118,0.485917763593, 0.0
0.614430017861,0.81547925577, 1.0
0.652848536905,0.838011515737, 1.0
0.686404742142,0.95221845608, 1.0
0.704119017581,0.858360483117, 1.0
0.732137745598,0.768614440657, 1.0
0.767963811419,0.960894998876, 1.0
0.780911430231,0.989645109218, 1.0
0.790238379272,0.905862768088, 1.0
0.807551196356,0.933000036964, 1.0
0.821198051862,0.954838466442, 1.0
0.832067715665,0.95021056327, 1.0
0.842755112471,0.70879036308, 1.0
0.870857285111,0.692488486524, 1.0
0.895591526386,0.740770479594, 0.0
0.858680018293,0.682570626729, 0.0
0.816863291548,0.773842060965, 1.0
0.843526183906,0.832971030689, 1.0
0.862725985618,0.567818236731, 1.0
0.895773831425,0.519058277393, 1.0
0.923676812025,0.964628326826, 1.0
0.928222121866,0.990622678579, 1.0
0.931348814047,0.913495024572, 1.0
0.937557827148,0.95430248092, 1.0
0.941709227517,0.329826409385, 0.0
0.935071996109,0.772371426462, 1.0
0.945912082108,0.669000878901, 1.0
0.957709850032,0.970993948587, 1.0
0.960111308421,0.511365067511, 0.0
0.951208391762,0.836848843822, 1.0
0.957842944666,0.922122613141, 1.0
0.961533694101,0.645389752543, 1.0
0.97046432528,0.931407432338, 1.0
0.972909371733,0.880325512734, 1.0
0.9760022897,0.749670792879, 1.0
0.980465819279,0.590698683233, 1.0
0.985548916692,0.922587388695, 1.0
0.986843110556,0.823880959114, 1.0
0.988797431317,0.71522122095, 0.0
0.984491694697,0.716096922281, 1.0
0.98766075618,0.937971723783, 1.0
0.0485752361121,0.369940619972, 0.0
0.0397279612461,0.549020090529, 1.0
0.0749739528231,0.624718146278, 0.0
0.0564397853499,0.489117506692, 0.0
0.0441045320587,0.299266305714, 0.0
0.0422261676585,0.715340489485, 1.0
0.0693852398054,0.468278725776, 0.0
0.0553899680413,0.486343849612, 0.0
0.0485752361121,0.586140630053, 0.0
0.0309698450247,0.865240043565, 0.0
0.0196561693583,0.79766376658, 0.0
0.0156848069779,0.409503328009, 0.0
0.0485752361121,0.940827334298, 1.0
0.0662369870208,0.755063890449, 1.0
0.0963757301756,0.810076343642, 1.0
0.128844237419,0.89826020353, 1.0
0.159204738672,0.969035291727, 1.0
0.183919734264,0.802588619533, 1.0
0.227012679578,0.978153485553, 1.0
0.252406866342,0.974457175615, 1.0
0.277976387273,0.951580542578, 1.0
0.306420845802,0.971437978981, 1.0
0.332136803864,0.969025757161, 1.0
0.35834279423,0.971786834699, 1.0
0.383772769511,0.927320176217, 1.0
0.41488458544,0.960680855114, 1.0
0.441014073183,0.923381070855, 1.0
0.471642177465,0.962532885977, 1.0
0.495692326462,0.987816431103, 1.0
0.515287200131,0.967701438732, 1.0
0.53756311919,0.947113884365, 1.0
0.562277221911,0.774184838351, 1.0
0.610286675855,0.82192471661, 1.0
0.649553486248,0.983279629174, 1.0
0.664748377503,0.97834159629, 1.0
0.680082814233,0.961280275499, 1.0
0.697052816353,0.968437831989, 1.0
0.712368157136,0.901438253808, 1.0
0.735068425381,0.975377801012, 1.0
0.747903472129,0.6892361396, 0.0
0.683942022508,0.734495830179, 0.0
0.60587335237,0.517970771029, 0.0
0.553656657572,0.783522401151, 1.0
0.60027314031,0.582527043709, 0.0
0.539245921209,0.753857471109, 0.0
0.453408394348,0.647649827393, 1.0
0.521785016009,0.714682901328, 1.0
0.578401830658,0.514742549437, 0.0
0.527583019835,0.782209978238, 1.0
0.574525823047,0.579629408293, 1.0
0.645579190416,0.767019159546, 0.0
0.562488881711,0.665723203523, 0.0
0.49174109295,0.712273371136, 1.0
0.548721877232,0.510944891542, 1.0
0.629614271653,0.793182210572, 1.0
0.670061391066,0.593409364882, 1.0
0.730944753954,0.776155449008, 0.0
0.654868252089,0.795730290765, 1.0
0.693421554553,0.772252570625, 1.0
0.732047638911,0.839462480009, 1.0
0.760264121246,0.688900302843, 1.0
0.801013102039,0.905631353923, 1.0
0.817632796681,0.789921580053, 1.0
0.842911800081,0.72102039664, 1.0
0.870157692257,0.542226197897, 1.0
0.902932693316,0.8907766179, 1.0
0.912688689939,0.697383782245, 0.0
0.883737023357,0.725285527775, 1.0
0.904618154679,0.903731980119, 0.0
0.858224929623,0.729019621025, 0.0
0.812121741292,0.862053082038, 1.0
0.831851218479,0.973288817264, 1.0
0.840542188269,0.925761159893, 1.0
0.852763025666,0.872632461574, 1.0
0.868156268398,0.953580053821, 1.0
0.876535178275,0.969785731597, 1.0
0.883310900252,0.909102256402, 1.0
0.893663629345,0.948420314362, 1.0
0.90086278561,0.939920642812, 1.0
0.908095206503,0.977695597252, 1.0
0.912797271428,0.720122737251, 0.0
0.882455080441,0.640547593677, 1.0
0.907866956508,0.822711097593, 1.0
0.920491115681,0.953267160885, 1.0
0.925759234864,0.904964931369, 1.0
0.932800770057,0.737976029333, 1.0
0.945121169515,0.872025054547, 1.0
0.95146728182,0.975352274529, 1.0
0.954076904156,0.930869103571, 1.0
0.957838130774,0.880158641138, 1.0
0.96258134403,0.956392254538, 1.0
0.965066404921,0.971553165008, 1.0
0.967045942985,0.913701773288, 1.0
0.97012667936,0.950969265931, 1.0
0.972226702961,0.942666613185, 1.0
0.974330781261,0.978703866282, 1.0
0.975670147353,0.727886504065, 1.0
0.980457578093,0.653803909468, 1.0
0.985005146606,0.82995764475, 1.0
0.987177151249,0.738547671057, 1.0
0.989662040656,0.558923522966, 1.0
0.99251123379,0.896575194751, 1.0
0.993309137182,0.730064609895, 1.0
0.994642371884,0.655722592989, 1.0
0.99590160406,0.830981275531, 1.0
0.996499742778,0.872969348153, 1.0
0.996924796918,0.750764175335, 0.0
0.995633542096,0.729475687781, 0.0
0.993885606732,0.856149834792, 1.0
0.994687189854,0.9421529295, 1.0
0.995099208121,0.950165986792, 1.0
0.995453241072,0.712779108129, 0.0
0.993699085395,0.769439677841, 1.0
0.994828163119,0.82517103924, 1.0
0.9955991313,0.762569274894, 1.0
0.99640510588,0.833946614711, 1.0
0.996923956435,0.705187187925, 1.0
0.997576857714,0.870766305071, 0.0
0.996275560208,0.586462502374, 0.0
0.995210467781,0.532882698687, 1.0
0.996587191215,0.848955651549, 1.0
0.997050266523,0.86566336789, 1.0
0.997421605,0.87990454546, 1.0
0.997724170827,0.960861269745, 0.0
0.996271641922,0.796673816365, 1.0
0.996887205542,0.966377261818, 1.0
0.997078085414,0.99107855812, 1.0
0.997206702117,0.917050943075, 1.0
0.99746956931,0.700504990438, 1.0
0.998012689293,0.793247721125, 1.0
0.998345103955,0.846578650404, 1.0
0.998572363531,0.70881005596, 1.0
0.998873363483,0.728162064362, 1.0
0.999100201817,0.753025333264, 1.0
0.999270045552,0.870897296408, 1.0
0.99935985571,0.336301914693, 0.0
0.999279738432,0.779516289033, 1.0
0.999405702903,0.956196082195, 1.0
0.999446355253,0.676115548186, 1.0
0.999571849773,0.971841101096, 1.0
0.999596528144,0.516822073148, 0.0
0.999500684324,0.841199321324, 1.0
0.999570898052,0.924210557453, 0.0
0.999314518071,0.650522746097, 1.0
0.999477979944,0.932715995083, 1.0
0.999521892209,0.882243061828, 1.0
0.999577433896,0.752465130496, 1.0
0.999657357649,0.923300674544, 0.0
0.999452960176,0.593346208706, 0.0
0.999293117059,0.825079597042, 1.0
0.999399025809,0.928982806338, 1.0
0.999451047988,0.985865661585, 0.0
0.99908277242,0.716520840986, 0.0
0.998724184945,0.98572507379, 1.0
0.998785236558,0.938973819521, 1.0
0.998882340107,0.933058179814, 1.0
0.998976055704,0.945733406475, 1.0
0.999053305764,0.717932918888, 1.0
0.999248760591,0.938454649099, 1.0
0.99930909474,0.889227838216, 0.0
0.998923350918,0.591151763069, 1.0
0.999208071687,0.963406085586, 1.0
0.999258329532,0.939637512507, 1.0
0.999317313419,0.659531235719, 1.0
0.99947729657,0.561215047536, 1.0
0.99962212202,0.898650279206, 1.0
0.999662181517,0.814636837716, 1.0
0.999714801297,0.886639771074, 1.0
0.999747168476,0.562564512319, 1.0
0.999817097166,0.663698119947, 1.0
0.999859628392,0.971070683584, 1.0
0.999867796059,0.862421781986, 1.0
0.999884744147,0.470305257866, 1.0
0.999920775587,0.985870552064, 1.0
0.999924560222,0.929007656013, 1.0
0.999931092437,0.716628031755, 1.0
0.999945376027,0.93310589301, 1.0
0.999949958897,0.985737952726, 1.0
0.999952354162,0.71804627514, 1.0
0.999962197341,0.939022486596, 1.0
0.999965221014,0.945770222926, 1.0
0.999967846167,0.938484616692, 1.0
0.999970429513,0.586978268057, 0.0
0.999961923784,0.533543250041, 1.0
0.999972903476,0.966450972695, 1.0
0.999974567079,0.991097734418, 1.0
0.999975687073,0.917200447386, 0.0
0.999961343964,0.700826906641, 1.0
0.999969655408,0.793457296237, 1.0
0.99997473804,0.846721842664, 1.0
0.0485752361121,0.940827334298, 1.0
0.0662369870208,0.755063890449, 1.0
0.0963757301756,0.810076343642, 1.0
0.128844237419,0.89826020353, 0.0
0.0699727590475,0.960796437492, 1.0
0.088509597924,0.763269211829, 0.0
0.0567886165499,0.964738756258, 1.0
0.0739962816175,0.962869234717, 1.0
0.0930723476674,0.957786164264, 0.0
0.0520736185225,0.940642470671, 0.0
0.0259671324666,0.937375371467, 1.0
0.0390583661872,0.869100810621, 1.0
0.057220547187,0.919927210907, 1.0
0.0773332820033,0.871017166607, 0.0
0.0473304256769,0.92617670087, 1.0
0.0649574471803,0.976159287401, 1.0
0.0827880062075,0.932179385419, 1.0
0.105361022418,0.897184388089, 0.0
0.0549236793205,0.961424504477, 1.0
0.0715344377396,0.919270471799, 1.0
0.0930721325972,0.647885527286, 1.0
0.137478638606,0.955033167606, 1.0
0.162565932449,0.835387640233, 1.0
0.200296018296,0.739016700131, 0.0
0.132811703297,0.918905976512, 1.0
0.16074115421,0.94891802339, 1.0
0.187302274768,0.930609906783, 1.0
0.217157135297,0.693226358861, 1.0
0.279968950368,0.752228577831, 1.0
0.337115661177,0.841099198095, 1.0
0.381919093563,0.939947583863, 1.0
0.411979149261,0.979963014229, 1.0
0.435347442947,0.961135113738, 1.0
0.461047411489,0.762125707322, 1.0
0.51383529802,0.975769425926, 1.0
0.53502229144,0.890218316188, 1.0
0.567422981168,0.818335595811, 1.0
0.608885099857,0.959528157078, 1.0
0.628975808559,0.973597951471, 1.0
0.646350599681,0.675823602851, 0.0
0.573948973806,0.513391143597, 0.0
0.522198760928,0.714047100152, 0.0
0.442028293738,0.770077886936, 0.0
0.357483957573,0.539695010972, 0.0
0.308973170227,0.715636804579, 1.0
0.368890672942,0.632733858563, 1.0
0.439754851525,0.703263091984, 1.0
0.500087062084,0.503035203135, 0.0
0.45201372828,0.77367501744, 1.0
0.502176850423,0.568967425001, 0.0
0.44545947781,0.744011327293, 0.0
0.369901627222,0.637131226419, 1.0
0.438013707072,0.705104808909, 1.0
0.497013405207,0.503335126674, 1.0
0.581309419498,0.580902361435, 1.0
0.651448420658,0.767769231628, 1.0
0.693668749689,0.596691444709, 1.0
0.751561947868,0.778312490662, 1.0
0.784597316905,0.843765376702, 1.0
0.808294698801,0.694955490157, 0.0
0.754689364329,0.903102932493, 1.0
0.77453015283,0.785512043218, 0.0
0.704148969921,0.704136882715, 1.0
0.74939350079,0.525343465406, 0.0
0.7064415513,0.878040847893, 0.0
0.613789214169,0.659105012621, 0.0
0.54518420188,0.683997324775, 0.0
0.473802104029,0.878495013808, 1.0
0.508891379534,0.888427767522, 1.0
0.54173885186,0.912272625249, 1.0
0.570393424519,0.694391549029, 1.0
0.626299975751,0.856377634515, 1.0
0.658799628805,0.940578403211, 1.0
0.679153425341,0.852069503357, 1.0
0.709362497844,0.948847322474, 1.0
0.726424475896,0.933203473446, 1.0
0.744489788816,0.971780779914, 0.0
0.644327310256,0.965143743309, 1.0
0.66217037035,0.973947935721, 1.0
0.678174865457,0.69113963298, 0.0
0.608240992877,0.603432554779, 0.0
0.547074888169,0.788777957695, 0.0
0.462160449126,0.785780778391, 0.0
0.384618477423,0.861719950137, 0.0
0.311150675824,0.645462160566, 1.0
0.373453895433,0.571454701274, 1.0
0.447276989794,0.779340189177, 0.0
0.372288349426,0.472481814243, 1.0
0.458625164289,0.861953021636, 1.0
0.496157932377,0.678853248479, 0.0
0.428266739974,0.87590175938, 1.0
0.464677679003,0.908820839477, 1.0
0.496147931477,0.887798017392, 1.0
0.529426042628,0.689505925831, 1.0
0.587583211976,0.853623736637, 1.0
0.622160593102,0.939363872616, 1.0
0.644215290873,0.849459499277, 1.0
0.67667128985,0.947875778349, 1.0
0.695326393071,0.932009698789, 1.0
0.715063207606,0.971273935871, 1.0
0.729208048946,0.966843896494, 1.0
0.743260162123,0.975185917994, 1.0
0.755744321869,0.700727967726, 0.0
0.692834319621,0.614895618297, 1.0
0.748780892728,0.807765038666, 1.0
0.779031673856,0.843324491652, 1.0
0.80321896751,0.694326741916, 0.0
0.748770671974,0.902797279972, 1.0
0.768991834938,0.814199082433, 1.0
0.79686112744,0.887804025237, 0.0
0.718399506837,0.838373338944, 1.0
0.747683085029,0.687335677161, 1.0
0.790045155881,0.905043038225, 1.0
0.807441891587,0.716716741886, 1.0
0.839837549993,0.53799194329, 1.0
0.879281220643,0.889246257579, 1.0
0.891219452686,0.71745831184, 1.0
0.911303831534,0.644449930561, 1.0
0.930916490476,0.824876466368, 1.0
0.940544995226,0.732883706647, 1.0
0.951681478931,0.553617378629, 1.0
0.964649555765,0.894771822436, 1.0
0.968349879187,0.870821109894, 1.0
0.972122030422,0.747815915013, 0.0
0.960896885714,0.853388730807, 1.0
0.965908972164,0.941021368789, 1.0
0.968513499975,0.709358433812, 1.0
0.974945469987,0.767302900463, 1.0
0.979375542538,0.727465097966, 1.0
0.98345359884,0.949765771093, 1.0
0.98464218836,0.824192335401, 1.0
0.98691545873,0.761563347451, 1.0
0.98929708946,0.704208067969, 0.0
0.985279620202,0.832913912524, 1.0
0.987387982092,0.869978055582, 0.0
0.980737040813,0.58429348517, 1.0
0.985802537924,0.531574800475, 1.0
0.98985764932,0.848371357853, 1.0
0.991227565328,0.865199585779, 1.0
0.992327645642,0.879532182722, 1.0
0.993224991014,0.960737306148, 1.0
0.993665464097,0.796397693795, 0.0
0.990752628832,0.966230719595, 1.0
0.991318319537,0.991040425311, 1.0
0.991700137524,0.916753630102, 1.0
0.992478673896,0.870371890522, 1.0
0.993399925056,0.940499306232, 1.0
0.993918415997,0.959718424658, 1.0
0.994318207857,0.955262615077, 1.0
0.99470895048,0.956052285616, 1.0
0.995070109545,0.971750001012, 1.0
0.995353813476,0.881942733759, 1.0
0.995892107005,0.335912408394, 0.0
0.995380800338,0.516239445108, 1.0
0.996738974139,0.650172827105, 1.0
0.997515218362,0.779319941169, 1.0
0.997949237922,0.841059557897, 1.0
0.9982373116,0.932660038998, 1.0
0.998385488096,0.675974560671, 1.0
0.998751178527,0.924169541269, 1.0
0.998863132072,0.75238046508, 1.0
0.999078050408,0.593293932118, 1.0
0.999321056056,0.923283672019, 1.0
0.999382344527,0.825088187512, 1.0
0.999474890451,0.716570387657, 1.0
0.999583703643,0.717999793948, 0.0
0.999420309137,0.938461798313, 1.0
0.99946686996,0.889238668217, 1.0
0.999526503904,0.59123589882, 1.0
0.999651771849,0.659576360286, 1.0
0.999733395801,0.898657389346, 1.0
0.999761660932,0.814646790603, 1.0
0.999798788007,0.561259965114, 1.0
0.999854549914,0.886649543591, 1.0
0.99987105851,0.56258182323, 1.0
0.0485752361121,0.940827334298, 1.0
0.0662369870208,0.755063890449, 1.0
0.0963757301756,0.810076343642, 1.0
0.128844237419,0.89826020353, 1.0
0.159204738672,0.974680140129, 1.0
0.183690416217,0.965763319295, 1.0
0.0485752361121,0.729253004184, 0.0
0.0305014660587,0.737819088543, 1.0
0.0505634343783,0.579350452013, 1.0
0.0893522166148,0.902194524815, 0.0
0.0482468952587,0.325337429919, 0.0
0.0464124094752,0.419457497507, 0.0
0.0417767544695,0.648029537486, 0.0
0.0285390304057,0.895615352548, 1.0
0.0439315422272,0.80572947184, 0.0
0.0299802803639,0.218977934398, 0.0
0.0330344265851,0.861941853871, 1.0
0.0509815284306,0.959483074423, 1.0
0.0684660263938,0.756842494964, 0.0
0.0463741682701,0.963872809377, 1.0
0.0628562530652,0.962111178647, 1.0
0.0813263437171,0.930304921002, 1.0
0.103488147949,0.959258946528, 1.0
0.125697071102,0.953363453868, 1.0
0.150204130047,0.958479282126, 1.0
0.175493546126,0.858859391878, 0.0
0.110860947864,0.959321965108, 0.0
0.0538026762219,0.448030849049, 0.0
0.0411007547119,0.819198745274, 1.0
0.0611604829847,0.95941814214, 1.0
0.0791064395268,0.85060747074, 1.0
0.105595045362,0.85878015574, 0.0
0.0568258321436,0.455247395539, 0.0
0.0435762381175,0.80882800026, 1.0
0.0658732267521,0.436274008097, 0.0
0.0563346706727,0.662169194485, 0.0
0.0366559212728,0.898839746646, 0.0
0.0203480213168,0.78777864815, 0.0
0.016387756585,0.202061004017, 0.0
0.0485752361121,0.65979964882, 1.0
0.0816466025256,0.88995218462, 0.0
0.0444287102282,0.681443162028, 1.0
0.073990672247,0.58005628407, 0.0
0.0524630027847,0.891770441868, 0.0
0.0279936092427,0.971220957553, 1.0
0.0406965665969,0.785458451161, 1.0
0.0625215790438,0.484454389896, 1.0
0.109695597355,0.524942871995, 1.0
0.174508562515,0.600156616091, 0.0
0.0485752361121,0.940827334298, 1.0
0.0662369870208,0.755063890449, 1.0
0.0963757301756,0.810076343642, 1.0
0.128844237419,0.89826020353, 1.0
0.159204738672,0.969035291727, 1.0
0.183919734264,0.802588619533, 0.0
0.123496717846,0.971794545465, 1.0
0.14627985107,0.968924130229, 1.0
0.169983595117,0.942068088933, 1.0
0.197144412113,0.966043292784, 1.0
0.22258535924,0.962208927019, 1.0
0.249413426165,0.966026067477, 1.0
0.276042483535,0.917160477133, 1.0
0.308770667569,0.954182193682, 1.0
0.337282131046,0.914594940774, 1.0
0.370624968754,0.958372859923, 1.0
0.397370080848,0.986506375722, 1.0
0.41950078707,0.963956820609, 1.0
0.444956713996,0.941793062482, 1.0
0.473369444736,0.761286259688, 1.0
0.527125763043,0.811779917709, 1.0
0.572334525249,0.976700629565, 1.0
0.591347729826,0.982546194087, 1.0
0.608741349373,0.959155887131, 1.0
0.628957093226,0.896204052343, 1.0
0.656744167958,0.967504202528, 1.0
0.673864568143,0.974281677253, 1.0
0.68938001775,0.681266029176, 1.0
0.739591864013,0.741307486808, 0.0
0.667795895119,0.527320752832, 0.0
0.617264132037,0.79084944327, 0.0
0.526583623421,0.570753460456, 0.0
0.466004745797,0.743581476466, 1.0
0.521189738554,0.658514452669, 0.0
0.449427478195,0.70392021579, 1.0
0.509930652298,0.504255021719, 1.0
0.594657074137,0.789109741034, 0.0
0.505486709721,0.568775936514, 1.0
0.582109876087,0.788037989808, 1.0
0.625954738624,0.587028051403, 1.0
0.692076933529,0.799202506084, 1.0
0.727804067724,0.839067749403, 1.0
0.756401375085,0.688377655246, 0.0
0.69493796855,0.899781660337, 1.0
0.718603068165,0.77974638267, 0.0
0.640503378857,0.696268300388, 0.0
0.567398747654,0.499652209334, 0.0
0.519562382229,0.865590909724, 0.0
0.425429420284,0.633905537583, 0.0
0.368043792296,0.660575727462, 1.0
0.431521987807,0.875628761546, 0.0
0.346786909642,0.666004943379, 1.0
0.408698745278,0.830848424482, 0.0
0.331825900387,0.964176692323, 1.0
0.360321274926,0.903201351216, 0.0
0.28505938893,0.828165152002, 0.0
0.230827251315,0.931545549857, 0.0
0.181815463598,0.949797671789, 1.0
0.213841469836,0.91793032088, 1.0
0.24850548856,0.908000964466, 1.0
0.284069436835,0.96587319699, 1.0
0.313276007743,0.872164080641, 0.0
0.241326733568,0.622715291849, 0.0
0.205398491589,0.52416656387, 0.0
0.180134295798,0.720441094475, 0.0
0.139158343758,0.9102462563, 1.0
0.170323455217,0.713231162777, 1.0
0.223799709032,0.828463565449, 0.0
0.159328361073,0.829317176888, 1.0
0.198221156041,0.614684028906, 1.0
0.262906581298,0.797819879542, 1.0
0.312033719676,0.960954458411, 1.0
0.340168791333,0.896616172574, 1.0
0.375985174694,0.828843612733, 1.0
0.421382477408,0.93793979513, 1.0
0.450402272553,0.959401785608, 1.0
0.475979274353,0.883262622202, 1.0
0.511491076666,0.934048452881, 1.0
0.538693975565,0.924589651038, 1.0
0.566249578882,0.972025457231, 1.0
0.586197689523,0.678521706269, 1.0
0.644266497858,0.607529330714, 0.0
0.582003837822,0.790761565594, 0.0
0.491895222075,0.675276519792, 0.0
0.419421371526,0.474563292491, 1.0
0.51129864617,0.863809975221, 0.0
0.41347749458,0.654398853179, 1.0
0.479749768045,0.583418619222, 1.0
0.555139585409,0.788482770991, 1.0
0.60009454661,0.828282654081, 1.0
0.637618953495,0.673151431942, 1.0
0.692323765892,0.899579534191, 0.0
0.594309904199,0.797491795758, 1.0
0.636179719783,0.695574901951, 1.0
0.688298649452,0.516690361589, 1.0
0.755224332596,0.881175391408, 0.0
0.668944115652,0.689891985818, 1.0
0.719004968443,0.618365208453, 1.0
0.771644531721,0.809885685079, 1.0
0.799722513204,0.857938516514, 1.0
0.820853487896,0.729827272792, 0.0
0.766018164692,0.70106116, 0.0
0.704520531816,0.831905138763, 1.0
0.735501809791,0.931948845447, 0.0
0.639266769096,0.937910592403, 1.0
0.660800483208,0.670227422067, 0.0
0.592435752354,0.723609876271, 0.0
0.514868660638,0.778893734844, 1.0
0.561838118831,0.712215691805, 0.0
0.486232632611,0.786367809522, 1.0
0.532956235651,0.645493276022, 1.0
0.596809630261,0.839711262108, 0.0
0.503754668856,0.517587286297, 1.0
0.585257922837,0.475848284752, 1.0
0.667584058335,0.820377397007, 1.0
0.702288964511,0.842175513613, 1.0
0.73222914981,0.953543495905, 1.0
0.74767710715,0.861644161016, 1.0
0.772382758135,0.772949856808, 1.0
0.80389899501,0.961766607714, 1.0
0.815007441506,0.989873055316, 1.0
0.822926567028,0.907640574536, 1.0
0.837862013093,0.67988427115, 1.0
0.868645848131,0.779393340283, 1.0
0.888595801857,0.836935063705, 1.0
0.902743464993,0.953236610683, 1.0
0.909103925088,0.326164108344, 0.0
0.899325618738,0.768393755411, 1.0
0.915682277826,0.664983398482, 0.0
0.889521606868,0.969614029004, 1.0
0.895641050438,0.502455018855, 1.0
0.924223062334,0.834417851643, 0.0
0.890579264618,0.918756924386, 1.0
0.899778669726,0.875056101669, 1.0
0.91066521254,0.638478638112, 1.0
0.930633783943,0.929611010467, 0.0
0.893619711476,0.739906053347, 1.0
0.912218020296,0.918879964342, 1.0
0.919744385034,0.582231815039, 0.0
0.899157794615,0.815438949277, 1.0
0.91321279716,0.924907523528, 1.0
0.920362358745,0.985042244175, 1.0
0.924100473345,0.707046334248, 0.0
0.897970995037,0.984666481341, 1.0
0.902744865704,0.928743152001, 1.0
0.910469470905,0.7067638468, 1.0
0.92778663108,0.936038041516, 1.0
0.933342537964,0.943290544714, 1.0
0.938205563725,0.935910698478, 0.0
0.904398199976,0.882712964423, 1.0
0.914439439149,0.579366828389, 0.0
0.892805448475,0.935277171058, 1.0
0.900852395298,0.646246512079, 0.0
0.871986663341,0.543402529327, 1.0
0.904299146329,0.805095791176, 1.0
0.918210489679,0.893448261599, 1.0
0.926438672016,0.881515624909, 0.0
0.890681326209,0.547324954721, 0.0
0.866044805162,0.645712032349, 1.0
0.89421523995,0.853843938824, 1.0
0.906813406423,0.969138478262, 1.0
0.912053733355,0.920712274268, 1.0
0.919501421757,0.459500914134, 1.0
0.943313851247,0.926330842207, 1.0
0.948066731664,0.985330683692, 1.0
0.95051948493,0.710384552667, 0.0
0.932689167856,0.985031258476, 0.0
0.893009177224,0.928306179307, 1.0
0.901458864065,0.705627752058, 1.0
0.920385803701,0.935732019752, 1.0
0.926486133552,0.943035352116, 1.0
0.93183020567,0.935645008737, 0.0
0.894986583627,0.649603343012, 1.0
0.91758725676,0.855741494131, 1.0
0.927569315362,0.921481189605, 1.0
0.933760564797,0.461417489535, 1.0
0.953556442293,0.703058223673, 0.0
0.93701260031,0.745675593968, 0.0
0.913043013274,0.717516764885, 1.0
0.929479776011,0.801354146537, 1.0
0.940152885687,0.953875319754, 1.0
0.944155267749,0.579187046578, 0.0
0.929474331462,0.523744006479, 1.0
0.948834733644,0.702005587487, 1.0
0.959253342489,0.73447023423, 1.0
0.967005610436,0.965663452931, 1.0
0.969005072598,0.990892699379, 1.0
0.97036363094,0.91560161961, 0.0
0.953806851896,0.694864136764, 0.0
0.937639037713,0.786782195379, 0.0
0.911828294407,0.838976614066, 1.0
0.92322011656,0.699182051593, 0.0
0.897262472393,0.715559548388, 1.0
0.916445136871,0.743240880946, 1.0
0.931289060115,0.867992838255, 1.0
0.93927326544,0.743911241463, 1.0
0.950309653746,0.723870585672, 1.0
0.959929121635,0.85330773061, 1.0
0.965061805909,0.940988058242, 1.0
0.967729869485,0.949225405783, 1.0
0.970030235029,0.709551021363, 0.0
0.958947180754,0.765480063607, 1.0
0.966122388101,0.822412888668, 1.0
0.971072066685,0.759728029197, 0.0
0.959148179078,0.830488310886, 1.0
0.964893039469,0.701075131157, 1.0
0.972176027851,0.583098455976, 1.0
0.979449095296,0.530691539613, 1.0
0.985293496587,0.966100312329, 1.0
0.986191202986,0.991006480988, 1.0
0.986798040335,0.916488953813, 1.0
0.98803280876,0.699285840817, 1.0
0.990584364015,0.792452208065, 1.0
0.992151125211,0.846034399505, 1.0
