RMSE: 0.423263263397


Errors: (prediction - observation)

[-0.39187568  0.53240554  0.41384073 -0.38505304 -0.46734607 -0.60740775
 -0.17287718 -0.37122201 -0.44007437 -0.22541697 -0.32413875 -0.50285118
 -0.1267237  -0.15236128 -0.16862758  0.7190306  -0.31198984 -0.06897673
  0.94109714 -0.33332859 -0.26531579 -0.20005722 -0.187556   -0.26086502
 -0.31680454  0.85997205  0.5589556   0.49996999 -0.17512986 -0.15401966
 -0.04524371 -0.1353036   0.77701439 -0.03955699 -0.01047506 -0.09508076
 -0.32616047 -0.22483394  0.83392131 -0.06741509 -0.04543697 -0.05007689
 -0.04886988  0.31890234 -0.23936259 -0.34297567 -0.49900008 -0.36075224
  0.8353987  -0.07151258  0.9700941  -0.12743417 -0.08179731 -0.26057464
 -0.41929283 -0.08015367 -0.18088999  0.          0.          0.          0.
  0.          0.          0.          0.          0.          0.          0.
  0.          0.          0.          0.          0.          0.          0.
  0.          0.          0.          0.          0.          0.          0.
  0.          0.          0.          0.          0.          0.          0.
  0.          0.          0.          0.          0.          0.          0.
  0.          0.          0.          0.          0.          0.          0.
  0.          0.          0.          0.          0.          0.          0.
  0.          0.          0.          0.          0.          0.          0.
  0.          0.          0.          0.          0.          0.          0.
  0.          0.          0.          0.          0.          0.          0.
  0.          0.          0.          0.          0.          0.          0.
  0.          0.          0.          0.          0.          0.          0.
  0.          0.          0.          0.          0.          0.          0.
  0.          0.          0.          0.          0.          0.          0.
  0.          0.          0.          0.          0.          0.          0.
  0.          0.          0.          0.          0.          0.          0.
  0.          0.          0.          0.          0.          0.          0.
  0.          0.          0.          0.          0.          0.          0.
  0.          0.          0.          0.          0.          0.          0.
  0.          0.          0.          0.          0.          0.          0.
  0.          0.          0.          0.          0.          0.          0.
  0.          0.          0.          0.          0.          0.          0.
  0.          0.          0.          0.          0.          0.          0.
  0.          0.          0.          0.          0.          0.          0.
  0.          0.          0.          0.        ]
[-0.25688788 -0.19895726 -0.04832185 -0.03311972 -0.0970079   0.80242436
 -0.02823732 -0.0311035  -0.05797954 -0.03398394 -0.03782592 -0.03400352
 -0.04841562 -0.08881025 -0.07661273 -0.0416439  -0.01349889 -0.03605853
 -0.0582285   0.9805885  -0.04515888 -0.02929952 -0.25149532 -0.11772361
  0.80720154 -0.05099687 -0.03276367  0.63908565  0.67880881  0.45012455
 -0.50417718 -0.28364222 -0.36444344 -0.29335351 -0.49225479 -0.20863075
 -0.16676209 -0.31968995 -0.09763343  0.78435407  0.70237807 -0.49309469
 -0.12272089  0.67300557 -0.30225673  0.89227998  0.69956584 -0.15870033
 -0.03113462  0.91476302 -0.15347061 -0.05649465 -0.03665217  0.89227038
 -0.06568585 -0.02852    -0.07458247 -0.32406313  0.60434068 -0.21072911
 -0.05672678  0.88715294 -0.31158353 -0.1554304  -0.03044058 -0.08351924
 -0.14126073 -0.051738   -0.03358793  0.90028089 -0.06042288 -0.06971773
 -0.02589103  0.69241465  0.60489613 -0.21023635  0.76787597 -0.05918772
 -0.23803008  0.94311462 -0.24404036 -0.17651781 -0.33418228 -0.1033403
 -0.0546976   0.70155545 -0.4938964  -0.12313119 -0.30432118 -0.37602552
 -0.18679875 -0.28040875 -0.45917613 -0.10972762  0.71923636 -0.36070479
 -0.1779897  -0.27034329 -0.44944404 -0.10628509  0.86970107  0.74287864
  0.71821492 -0.15405871  0.93793095  0.94452864  0.73466416  0.66545857
  0.79915897 -0.34576055 -0.27576158  0.79181779 -0.16290279  0.53115932
  0.47077618  0.80628495  0.81977458  0.94289204  0.82702664  0.71544245
 -0.05256946  0.98604764  0.87369859  0.90732744 -0.06403886 -0.06983824
  0.60046069  0.70833658  0.77497918 -0.3975852  -0.36816626 -0.33186347
 -0.0492999   0.98693367 -0.12122409 -0.38613414 -0.27141773 -0.20169792
 -0.19460237  0.82917038 -0.17166927 -0.07974056 -0.05364651 -0.05870378
 -0.1595634   0.70444545 -0.32779379 -0.17741325 -0.07213817 -0.06154246
  0.72545637 -0.20280272 -0.3404059  -0.32505398 -0.25872448 -0.19511373
 -0.04956821  0.56873376  0.91243507 -0.20369417 -0.01687998 -0.07821909
 -0.06294353 -0.08132372 -0.01638365 -0.06894572  0.69403143 -0.31093356
 -0.06944814 -0.12284947  0.56910484 -0.06829637  0.95874964 -0.37572823
 -0.46839026  0.88829301 -0.12945411 -0.20616029  0.53736989 -0.36536228
 -0.15168889 -0.55041299 -0.07624301 -0.01533424 -0.06500013 -0.01506498
 -0.07073931 -0.05716401  0.93543734  0.70389125 -0.30214841  0.64743382
 -0.55056515  0.54564343 -0.122921   -0.10917435 -0.19641629  0.962387
  0.54220817 -0.0411518  -0.06714605 -0.36119215 -0.11910689 -0.42397576
 -0.29382054  0.70965324 -0.06526444 -0.04633014 -0.02972131 -0.12300284
  0.83537319  0.5037935  -0.23308573 -0.07157422 -0.67351287 -0.35729145
 -0.32977569 -0.07752057 -0.25127141 -0.41665235  0.53087603  0.70549503
 -0.26455089 -0.19414262  0.          0.          0.          0.          0.
  0.          0.          0.          0.        ]
[ 0.66287322  0.64060521  0.8595807  -0.35487074 -0.46548938 -0.09983966
 -0.02285034 -0.17764388  0.51766661  0.62660181  0.66125702  0.46914642
  0.46371044  0.47894431  0.64925777 -0.12303115 -0.02753233 -0.20680362
  0.83700249 -0.1138729  -0.11811309  0.          0.          0.          0.
  0.          0.          0.          0.          0.          0.          0.
  0.          0.          0.          0.          0.          0.          0.
  0.          0.          0.          0.          0.          0.          0.
  0.          0.          0.          0.          0.          0.          0.
  0.          0.          0.          0.          0.          0.          0.
  0.          0.          0.          0.          0.          0.          0.
  0.          0.          0.          0.          0.          0.          0.
  0.          0.          0.          0.          0.          0.          0.
  0.          0.          0.          0.          0.          0.          0.
  0.          0.          0.          0.          0.          0.          0.
  0.          0.          0.          0.          0.          0.          0.
  0.          0.          0.          0.          0.          0.          0.
  0.          0.          0.          0.          0.          0.          0.
  0.          0.          0.          0.          0.          0.          0.
  0.          0.          0.          0.          0.          0.          0.
  0.          0.          0.          0.          0.          0.          0.
  0.          0.          0.          0.          0.          0.          0.
  0.          0.          0.          0.          0.          0.          0.
  0.          0.          0.          0.          0.          0.          0.
  0.          0.          0.          0.          0.          0.          0.
  0.          0.          0.          0.          0.          0.          0.
  0.          0.          0.          0.          0.          0.          0.
  0.          0.          0.          0.          0.          0.          0.
  0.          0.          0.          0.          0.          0.          0.
  0.          0.          0.          0.          0.          0.          0.
  0.          0.          0.          0.          0.          0.          0.
  0.          0.          0.          0.          0.          0.          0.
  0.          0.          0.          0.          0.          0.          0.
  0.          0.          0.          0.          0.          0.          0.
  0.          0.          0.          0.          0.        ]
[ 0.49572232 -0.62634953 -0.35723625 -0.44027886  0.41157395  0.80265864
 -0.44779349 -0.50980952 -0.26561892 -0.36042775  0.46694438  0.84558407
 -0.20458009  0.65628074 -0.38615241 -0.20814036  0.91326651 -0.08159646
 -0.24491741 -0.31772485 -0.37297616  0.7109013  -0.36435609 -0.22451816
 -0.16557031 -0.47205557  0.48591776 -0.18452074 -0.16198848 -0.04778154
 -0.14163952 -0.23138556 -0.039105   -0.01035489 -0.09413723 -0.06699996
 -0.04516153 -0.04978944 -0.29120964 -0.30751151  0.74077048  0.68257063
 -0.22615794 -0.16702897 -0.43218176 -0.48094172 -0.03537167 -0.00937732
 -0.08650498 -0.04569752  0.32982641 -0.22762857 -0.33099912 -0.02900605
  0.51136507 -0.16315116 -0.07787739 -0.35461025 -0.06859257 -0.11967449
 -0.25032921 -0.40930132 -0.07741261 -0.17611904  0.71522122 -0.28390308
 -0.06202828  0.          0.          0.          0.          0.          0.
  0.          0.          0.          0.          0.          0.          0.
  0.          0.          0.          0.          0.          0.          0.
  0.          0.          0.          0.          0.          0.          0.
  0.          0.          0.          0.          0.          0.          0.
  0.          0.          0.          0.          0.          0.          0.
  0.          0.          0.          0.          0.          0.          0.
  0.          0.          0.          0.          0.          0.          0.
  0.          0.          0.          0.          0.          0.          0.
  0.          0.          0.          0.          0.          0.          0.
  0.          0.          0.          0.          0.          0.          0.
  0.          0.          0.          0.          0.          0.          0.
  0.          0.          0.          0.          0.          0.          0.
  0.          0.          0.          0.          0.          0.          0.
  0.          0.          0.          0.          0.          0.          0.
  0.          0.          0.          0.          0.          0.          0.
  0.          0.          0.          0.          0.          0.          0.
  0.          0.          0.          0.          0.          0.          0.
  0.          0.          0.          0.          0.          0.          0.
  0.          0.          0.          0.          0.          0.          0.
  0.          0.          0.          0.          0.          0.          0.
  0.          0.          0.          0.          0.          0.          0.
  0.          0.          0.          0.          0.          0.          0.
  0.          0.          0.          0.          0.          0.        ]
[ 0.36994062 -0.45097991  0.62471815  0.48911751  0.29926631 -0.28465951
  0.46827873  0.48634385  0.          0.          0.          0.          0.
  0.          0.          0.          0.          0.          0.          0.
  0.          0.          0.          0.          0.          0.          0.
  0.          0.          0.          0.          0.          0.          0.
  0.          0.          0.          0.          0.          0.          0.
  0.          0.          0.          0.          0.          0.          0.
  0.          0.          0.          0.          0.          0.          0.
  0.          0.          0.          0.          0.          0.          0.
  0.          0.          0.          0.          0.          0.          0.
  0.          0.          0.          0.          0.          0.          0.
  0.          0.          0.          0.          0.          0.          0.
  0.          0.          0.          0.          0.          0.          0.
  0.          0.          0.          0.          0.          0.          0.
  0.          0.          0.          0.          0.          0.          0.
  0.          0.          0.          0.          0.          0.          0.
  0.          0.          0.          0.          0.          0.          0.
  0.          0.          0.          0.          0.          0.          0.
  0.          0.          0.          0.          0.          0.          0.
  0.          0.          0.          0.          0.          0.          0.
  0.          0.          0.          0.          0.          0.          0.
  0.          0.          0.          0.          0.          0.          0.
  0.          0.          0.          0.          0.          0.          0.
  0.          0.          0.          0.          0.          0.          0.
  0.          0.          0.          0.          0.          0.          0.
  0.          0.          0.          0.          0.          0.          0.
  0.          0.          0.          0.          0.          0.          0.
  0.          0.          0.          0.          0.          0.          0.
  0.          0.          0.          0.          0.          0.          0.
  0.          0.          0.          0.          0.          0.          0.
  0.          0.          0.          0.          0.          0.          0.
  0.          0.          0.          0.          0.          0.          0.
  0.          0.          0.          0.          0.          0.          0.
  0.          0.          0.        ]
[ 0.58614063  0.86524004  0.79766377  0.40950333  0.          0.          0.
  0.          0.          0.          0.          0.          0.          0.
  0.          0.          0.          0.          0.          0.          0.
  0.          0.          0.          0.          0.          0.          0.
  0.          0.          0.          0.          0.          0.          0.
  0.          0.          0.          0.          0.          0.          0.
  0.          0.          0.          0.          0.          0.          0.
  0.          0.          0.          0.          0.          0.          0.
  0.          0.          0.          0.          0.          0.          0.
  0.          0.          0.          0.          0.          0.          0.
  0.          0.          0.          0.          0.          0.          0.
  0.          0.          0.          0.          0.          0.          0.
  0.          0.          0.          0.          0.          0.          0.
  0.          0.          0.          0.          0.          0.          0.
  0.          0.          0.          0.          0.          0.          0.
  0.          0.          0.          0.          0.          0.          0.
  0.          0.          0.          0.          0.          0.          0.
  0.          0.          0.          0.          0.          0.          0.
  0.          0.          0.          0.          0.          0.          0.
  0.          0.          0.          0.          0.          0.          0.
  0.          0.          0.          0.          0.          0.          0.
  0.          0.          0.          0.          0.          0.          0.
  0.          0.          0.          0.          0.          0.          0.
  0.          0.          0.          0.          0.          0.          0.
  0.          0.          0.          0.          0.          0.          0.
  0.          0.          0.          0.          0.          0.          0.
  0.          0.          0.          0.          0.          0.          0.
  0.          0.          0.          0.          0.          0.          0.
  0.          0.          0.          0.          0.          0.          0.
  0.          0.          0.          0.          0.          0.          0.
  0.          0.          0.          0.          0.          0.          0.
  0.          0.          0.          0.          0.          0.          0.
  0.          0.          0.          0.          0.          0.          0.
  0.          0.        ]
[-0.05917267 -0.24493611 -0.18992366 -0.1017398  -0.03096471 -0.19741138
 -0.02184651 -0.02554282 -0.04841946 -0.02856202 -0.03097424 -0.02821317
 -0.07267982 -0.03931914 -0.07661893 -0.03746711 -0.01218357 -0.03229856
 -0.05288612 -0.22581516 -0.17807528 -0.01672037 -0.0216584  -0.03871972
 -0.03156217 -0.09856175 -0.0246222   0.68923614  0.73449583  0.51797077
 -0.2164776   0.58252704  0.75385747 -0.35235017 -0.2853171   0.51474255
 -0.21779002 -0.42037059  0.76701916  0.6657232  -0.28772663 -0.48905511
 -0.20681779 -0.40659064  0.77615545 -0.20426971 -0.22774743 -0.16053752
 -0.3110997  -0.09436865 -0.21007842 -0.2789796  -0.4577738  -0.10922338
  0.69738378 -0.27471447  0.90373198  0.72901962 -0.13794692 -0.02671118
 -0.07423884 -0.12736754 -0.04641995 -0.03021427 -0.09089774 -0.05157969
 -0.06007936 -0.0223044   0.72012274 -0.35945241 -0.1772889  -0.04673284
 -0.09503507 -0.26202397 -0.12797495 -0.02464773 -0.0691309  -0.11984136
 -0.04360775 -0.02844683 -0.08629823 -0.04903073 -0.05733339 -0.02129613
 -0.2721135  -0.34619609 -0.17004236 -0.26145233 -0.44107648 -0.10342481
 -0.26993539 -0.34427741 -0.16901872 -0.12703065  0.75076418  0.72947569
 -0.14385017 -0.05784707 -0.04983401  0.71277911 -0.23056032 -0.17482896
 -0.23743073 -0.16605339 -0.29481281  0.87076631  0.5864625  -0.4671173
 -0.15104435 -0.13433663 -0.12009545  0.96086127 -0.20332618 -0.03362274
 -0.00892144 -0.08294906 -0.29949501 -0.20675228 -0.15342135 -0.29118994
 -0.27183794 -0.24697467 -0.1291027   0.33630191 -0.22048371 -0.04380392
 -0.32388445 -0.0281589   0.51682207 -0.15880068  0.92421056 -0.34947725
 -0.067284   -0.11775694 -0.24753487  0.92330067  0.59334621 -0.1749204
 -0.07101719  0.98586566  0.71652084 -0.01427493 -0.06102618 -0.06694182
 -0.05426659 -0.28206708 -0.06154535  0.88922784 -0.40884824 -0.03659391
 -0.06036249 -0.34046876 -0.43878495 -0.10134972 -0.18536316 -0.11336023
 -0.43743549 -0.33630188 -0.02892932 -0.13757822 -0.52969474 -0.01412945
 -0.07099234 -0.28337197 -0.06689411 -0.01426205 -0.28195372 -0.06097751
 -0.05422978 -0.06151538  0.58697827 -0.46645675 -0.03354903 -0.00890227
  0.91720045 -0.29917309 -0.2065427  -0.15327816  0.          0.          0.
  0.          0.          0.          0.          0.          0.          0.
  0.          0.          0.          0.          0.          0.          0.
  0.          0.          0.          0.          0.          0.          0.
  0.          0.          0.          0.          0.          0.          0.
  0.          0.          0.          0.          0.          0.          0.
  0.          0.          0.          0.          0.          0.          0.
  0.          0.          0.          0.          0.          0.          0.
  0.          0.          0.        ]
[-0.05917267 -0.24493611 -0.18992366  0.8982602  -0.03920356  0.76326921
 -0.03526124 -0.03713077  0.95778616  0.94064247 -0.06262463 -0.13089919
 -0.08007279  0.87101717 -0.0738233  -0.02384071 -0.06782061  0.89718439
 -0.0385755  -0.08072953 -0.35211447 -0.04496683 -0.16461236  0.7390167
 -0.08109402 -0.05108198 -0.06939009 -0.30677364 -0.24777142 -0.1589008
 -0.06005242 -0.02003699 -0.03886489 -0.23787429 -0.02423057 -0.10978168
 -0.1816644  -0.04047184 -0.02640205  0.6758236   0.51339114  0.7140471
  0.77007789  0.53969501 -0.2843632  -0.36726614 -0.29673691  0.5030352
 -0.22632498  0.56896743  0.74401133 -0.36286877 -0.29489519 -0.49666487
 -0.41909764 -0.23223077 -0.40330856 -0.22168751 -0.15623462  0.69495549
 -0.09689707  0.78551204 -0.29586312  0.52534347  0.87804085  0.65910501
  0.68399732 -0.12150499 -0.11157223 -0.08772737 -0.30560845 -0.14362237
 -0.0594216  -0.1479305  -0.05115268 -0.06679653  0.97178078 -0.03485626
 -0.02605206  0.69113963  0.60343255  0.78877796  0.78578078  0.86171995
 -0.35453784 -0.4285453   0.77934019 -0.52751819 -0.13804698  0.67885325
 -0.12409824 -0.09117916 -0.11220198 -0.31049407 -0.14637626 -0.06063613
 -0.1505405  -0.05212422 -0.0679903  -0.02872606 -0.0331561  -0.02481408
  0.70072797 -0.38510438 -0.19223496 -0.15667551  0.69432674 -0.09720272
 -0.18580092  0.88780403 -0.16162666 -0.31266432 -0.09495696 -0.28328326
 -0.46200806 -0.11075374 -0.28254169 -0.35555007 -0.17512353 -0.26711629
 -0.44638262 -0.10522818 -0.12917889  0.74781592 -0.14661127 -0.05897863
 -0.29064157 -0.2326971  -0.2725349  -0.05023423 -0.17580766 -0.23843665
  0.70420807 -0.16708609  0.86997806 -0.41570651 -0.4684252  -0.15162864
 -0.13480041 -0.12046782 -0.03926269  0.79639769 -0.03376928 -0.00895957
 -0.08324637 -0.12962811 -0.05950069 -0.04028158 -0.04473738 -0.04394771
 -0.02825    -0.11805727  0.33591241 -0.48376055 -0.34982717 -0.22068006
 -0.15894044 -0.06733996 -0.32402544 -0.07583046 -0.24761953 -0.40670607
 -0.07671633 -0.17491181 -0.28342961  0.71799979 -0.0615382  -0.11076133
 -0.4087641  -0.34042364 -0.10134261 -0.18535321 -0.43874003 -0.11335046
 -0.43741818  0.          0.          0.          0.          0.          0.
  0.          0.          0.          0.          0.          0.          0.
  0.          0.          0.          0.          0.          0.          0.
  0.          0.          0.          0.          0.          0.          0.
  0.          0.          0.          0.          0.          0.          0.
  0.          0.          0.          0.          0.          0.          0.
  0.          0.          0.          0.          0.          0.          0.
  0.          0.          0.          0.          0.          0.          0.
  0.          0.          0.        ]
[-0.05917267 -0.24493611 -0.18992366 -0.1017398  -0.02531986 -0.03423668
  0.          0.          0.          0.          0.          0.          0.
  0.          0.          0.          0.          0.          0.          0.
  0.          0.          0.          0.          0.          0.          0.
  0.          0.          0.          0.          0.          0.          0.
  0.          0.          0.          0.          0.          0.          0.
  0.          0.          0.          0.          0.          0.          0.
  0.          0.          0.          0.          0.          0.          0.
  0.          0.          0.          0.          0.          0.          0.
  0.          0.          0.          0.          0.          0.          0.
  0.          0.          0.          0.          0.          0.          0.
  0.          0.          0.          0.          0.          0.          0.
  0.          0.          0.          0.          0.          0.          0.
  0.          0.          0.          0.          0.          0.          0.
  0.          0.          0.          0.          0.          0.          0.
  0.          0.          0.          0.          0.          0.          0.
  0.          0.          0.          0.          0.          0.          0.
  0.          0.          0.          0.          0.          0.          0.
  0.          0.          0.          0.          0.          0.          0.
  0.          0.          0.          0.          0.          0.          0.
  0.          0.          0.          0.          0.          0.          0.
  0.          0.          0.          0.          0.          0.          0.
  0.          0.          0.          0.          0.          0.          0.
  0.          0.          0.          0.          0.          0.          0.
  0.          0.          0.          0.          0.          0.          0.
  0.          0.          0.          0.          0.          0.          0.
  0.          0.          0.          0.          0.          0.          0.
  0.          0.          0.          0.          0.          0.          0.
  0.          0.          0.          0.          0.          0.          0.
  0.          0.          0.          0.          0.          0.          0.
  0.          0.          0.          0.          0.          0.          0.
  0.          0.          0.          0.          0.          0.          0.
  0.          0.          0.          0.          0.          0.          0.
  0.          0.          0.        ]
[ 0.729253   -0.26218091 -0.42064955  0.90219452  0.32533743  0.4194575
  0.64802954 -0.10438465  0.80572947  0.21897793 -0.13805815 -0.04051693
  0.75684249 -0.03612719 -0.03788882 -0.06969508 -0.04074105 -0.04663655
 -0.04152072  0.85885939  0.95932197  0.44803085 -0.18080125 -0.04058186
 -0.14939253  0.85878016  0.4552474  -0.191172    0.43627401  0.66216919
  0.89883975  0.78777865  0.202061    0.          0.          0.          0.
  0.          0.          0.          0.          0.          0.          0.
  0.          0.          0.          0.          0.          0.          0.
  0.          0.          0.          0.          0.          0.          0.
  0.          0.          0.          0.          0.          0.          0.
  0.          0.          0.          0.          0.          0.          0.
  0.          0.          0.          0.          0.          0.          0.
  0.          0.          0.          0.          0.          0.          0.
  0.          0.          0.          0.          0.          0.          0.
  0.          0.          0.          0.          0.          0.          0.
  0.          0.          0.          0.          0.          0.          0.
  0.          0.          0.          0.          0.          0.          0.
  0.          0.          0.          0.          0.          0.          0.
  0.          0.          0.          0.          0.          0.          0.
  0.          0.          0.          0.          0.          0.          0.
  0.          0.          0.          0.          0.          0.          0.
  0.          0.          0.          0.          0.          0.          0.
  0.          0.          0.          0.          0.          0.          0.
  0.          0.          0.          0.          0.          0.          0.
  0.          0.          0.          0.          0.          0.          0.
  0.          0.          0.          0.          0.          0.          0.
  0.          0.          0.          0.          0.          0.          0.
  0.          0.          0.          0.          0.          0.          0.
  0.          0.          0.          0.          0.          0.          0.
  0.          0.          0.          0.          0.          0.          0.
  0.          0.          0.          0.          0.          0.          0.
  0.          0.          0.          0.          0.          0.          0.
  0.          0.          0.          0.          0.          0.          0.
  0.          0.          0.          0.          0.          0.          0.        ]
[-0.34020035  0.88995218 -0.31855684  0.58005628  0.89177044 -0.02877904
 -0.21454155 -0.51554561 -0.47505713  0.60015662  0.          0.          0.
  0.          0.          0.          0.          0.          0.          0.
  0.          0.          0.          0.          0.          0.          0.
  0.          0.          0.          0.          0.          0.          0.
  0.          0.          0.          0.          0.          0.          0.
  0.          0.          0.          0.          0.          0.          0.
  0.          0.          0.          0.          0.          0.          0.
  0.          0.          0.          0.          0.          0.          0.
  0.          0.          0.          0.          0.          0.          0.
  0.          0.          0.          0.          0.          0.          0.
  0.          0.          0.          0.          0.          0.          0.
  0.          0.          0.          0.          0.          0.          0.
  0.          0.          0.          0.          0.          0.          0.
  0.          0.          0.          0.          0.          0.          0.
  0.          0.          0.          0.          0.          0.          0.
  0.          0.          0.          0.          0.          0.          0.
  0.          0.          0.          0.          0.          0.          0.
  0.          0.          0.          0.          0.          0.          0.
  0.          0.          0.          0.          0.          0.          0.
  0.          0.          0.          0.          0.          0.          0.
  0.          0.          0.          0.          0.          0.          0.
  0.          0.          0.          0.          0.          0.          0.
  0.          0.          0.          0.          0.          0.          0.
  0.          0.          0.          0.          0.          0.          0.
  0.          0.          0.          0.          0.          0.          0.
  0.          0.          0.          0.          0.          0.          0.
  0.          0.          0.          0.          0.          0.          0.
  0.          0.          0.          0.          0.          0.          0.
  0.          0.          0.          0.          0.          0.          0.
  0.          0.          0.          0.          0.          0.          0.
  0.          0.          0.          0.          0.          0.          0.
  0.          0.          0.          0.          0.          0.          0.
  0.          0.          0.        ]
[-0.05917267 -0.24493611 -0.18992366 -0.1017398  -0.03096471  0.80258862
 -0.02820545 -0.03107587 -0.05793191 -0.03395671 -0.03779107 -0.03397393
 -0.08283952 -0.04581781 -0.08540506 -0.04162714 -0.01349362 -0.03604318
 -0.05820694 -0.23871374 -0.18822008 -0.02329937 -0.01745381 -0.04084411
 -0.10379595 -0.0324958  -0.02571832 -0.31873397  0.74130749  0.52732075
  0.79084944  0.57075346 -0.25641852  0.65851445 -0.29607978 -0.49574498
  0.78910974 -0.43122406 -0.21196201 -0.41297195 -0.20079749 -0.16093225
  0.68837766 -0.10021834  0.77974638  0.6962683   0.49965221  0.86559091
  0.63390554 -0.33942427  0.87562876 -0.33399506  0.83084842 -0.03582331
  0.90320135  0.82816515  0.93154555 -0.05020233 -0.08206968 -0.09199904
 -0.0341268   0.87216408  0.62271529  0.52416656  0.72044109 -0.08975374
 -0.28676884  0.82846357 -0.17068282 -0.38531597 -0.20218012 -0.03904554
 -0.10338383 -0.17115639 -0.0620602  -0.04059821 -0.11673738 -0.06595155
 -0.07541035 -0.02797454 -0.32147829  0.60752933  0.79076157  0.67527652
 -0.52543671  0.86380998 -0.34560115 -0.41658138 -0.21151723 -0.17171735
 -0.32684857  0.89957953 -0.2025082  -0.3044251  -0.48330964  0.88117539
 -0.31010801 -0.38163479 -0.19011431 -0.14206148  0.72982727  0.70106116
 -0.16809486  0.93194885 -0.06208941  0.67022742  0.72360988 -0.22110627
  0.71221569 -0.21363219 -0.35450672  0.83971126 -0.48241271 -0.52415172
 -0.1796226  -0.15782449 -0.0464565  -0.13835584 -0.22705014 -0.03823339
 -0.01012694 -0.09235943 -0.32011573 -0.22060666 -0.16306494 -0.04676339
  0.32616411 -0.23160624  0.6649834  -0.03038597 -0.49754498  0.83441785
 -0.08124308 -0.1249439  -0.36152136  0.92961101 -0.26009395 -0.08112004
  0.58223182 -0.18456105 -0.07509248 -0.01495776  0.70704633 -0.01533352
 -0.07125685 -0.29323615 -0.06396196 -0.05670946  0.9359107  -0.11728704
  0.57936683 -0.06472283  0.64624651 -0.45659747 -0.19490421 -0.10655174
  0.88151562  0.54732495 -0.35428797 -0.14615606 -0.03086152 -0.07928773
 -0.54049909 -0.07366916 -0.01466932  0.71038455  0.98503126 -0.07169382
 -0.29437225 -0.06426798 -0.05696465  0.93564501 -0.35039666 -0.14425851
 -0.07851881 -0.53858251  0.70305822  0.74567559 -0.28248324 -0.19864585
 -0.04612468  0.57918705 -0.47625599 -0.29799441 -0.26552977 -0.03433655
 -0.0091073   0.91560162  0.69486414  0.7867822  -0.16102339  0.69918205
 -0.28444045 -0.25675912 -0.13200716 -0.25608876 -0.27612941 -0.14669227
 -0.05901194 -0.05077459  0.70955102 -0.23451994 -0.17758711  0.75972803
 -0.16951169 -0.29892487 -0.41690154 -0.46930846 -0.03389969 -0.00899352
 -0.08351105 -0.30071416 -0.20754779 -0.1539656   0.          0.          0.
  0.          0.          0.          0.          0.          0.          0.
  0.          0.          0.          0.          0.          0.          0.
  0.          0.        ]
