0.0270468064431,0.372100208232, 0.0
0.0278224663,0.383049462914, 0.0
0.0665445213857,0.409049985874, 1.0
0.172264329712,0.488818534151, 0.0
0.160201625743,0.483116618376, 1.0
0.326952505264,0.578583327555, 1.0
0.0270468064431,0.372100208232, 0.0
0.0278224663,0.383049462914, 0.0
0.0665445213857,0.409049985874, 1.0
0.172264329712,0.488818534151, 1.0
0.348295621844,0.588016778971, 0.0
0.22800174023,0.529629495204, 1.0
0.418941161247,0.628409090685, 1.0
0.63541846808,0.734333384537, 1.0
0.807672903308,0.816853426398, 1.0
0.0270468064431,0.372100208232, 0.0
0.0278224663,0.383049462914, 0.0
0.0665445213857,0.409049985874, 0.0
0.0994272701676,0.426948753691, 0.0
0.118320028713,0.434304936022, 0.0
0.126979585465,0.434044801843, 0.0
0.128531590588,0.428429338517, 0.0
0.125178994759,0.419169736919, 0.0
0.118646826057,0.407737381989, 1.0
0.290483155835,0.539696799391, 1.0
0.520741700922,0.671572620411, 1.0
0.731026271903,0.778490555269, 0.0
0.427849019213,0.632087381747, 0.0
0.280702168651,0.559656482764, 0.0
0.244046188896,0.539465660303, 1.0
0.437940846682,0.639786162148, 0.0
0.295028481412,0.570493281177, 0.0
0.258808524174,0.551323659567, 1.0
0.45352584894,0.648957975868, 1.0
0.664153940042,0.749770899227, 1.0
0.0270468064431,0.372100208232, 1.0
0.0977390152009,0.438789320432, 0.0
0.0947671747818,0.444078072692, 0.0
0.124043900917,0.462174877632, 0.0
0.146563810193,0.47423384534, 0.0
0.160690191064,0.480031080815, 0.0
0.168131791968,0.480665333823, 0.0
0.170167467415,0.47686666871, 0.0
0.1676379208,0.469135430011, 1.0
0.350787835486,0.585475369637, 0.0
0.236058281758,0.524762393487, 0.0
0.207943159854,0.505371836293, 1.0
0.40059739243,0.616149667599, 1.0
0.620923715952,0.726990545135, 0.0
0.364525240467,0.603928947597, 0.0
0.273299203574,0.558851736872, 0.0
0.251642792844,0.546222004553, 0.0
0.244129199003,0.539398822019, 1.0
0.437825671325,0.640045528067, 0.0
0.0270468064431,0.372100208232, 0.0
0.0278224663,0.383049462914, 1.0
0.0947671747818,0.444078072692, 0.0
0.124043900917,0.462174877632, 0.0
0.0270468064431,0.372100208232, 0.0
0.0278224663,0.383049462914, 0.0
0.0665445213857,0.409049985874, 0.0
0.0994272701676,0.426948753691, 0.0
0.118320028713,0.434304936022, 1.0
0.272624970404,0.541154147677, 0.0
0.197350224833,0.500571505787, 1.0
0.385417267266,0.607858940372, 1.0
0.606447918533,0.719375498904, 1.0
0.788844584124,0.807674310587, 0.0
0.492854130394,0.667409673236, 0.0
0.315331872333,0.583103400269, 0.0
0.268160169403,0.560293943678, 0.0
0.258562401665,0.554952122581, 1.0
0.44988647946,0.648349885314, 0.0
0.309003457918,0.581575919394, 0.0
0.273779534875,0.56434764189, 0.0
0.265952660631,0.559704555452, 1.0
0.458387835911,0.652997241709, 0.0
0.315252465357,0.585255452221, 0.0
0.27862901594,0.567324220499, 1.0
0.473370562666,0.660635290813, 1.0
0.679812980613,0.75787327631, 1.0
0.834702275025,0.830461461383, 1.0
0.92334496263,0.871923323925, 1.0
0.966405506486,0.892045997309, 0.0
0.853356527354,0.839255087727, 1.0
0.932769327117,0.876346624203, 1.0
0.0270468064431,0.372100208232, 1.0
0.0977390152009,0.438789320432, 1.0
0.234720854465,0.523225965197, 0.0
0.161931764223,0.490656520547, 1.0
0.326486081309,0.579654094895, 0.0
0.2273044454,0.532777299058, 0.0
0.214289575445,0.527362372301, 0.0
0.217487702457,0.529275684695, 1.0
0.39914582573,0.621070874965, 1.0
0.613896861016,0.724971438531, 1.0
0.792165944752,0.809831262591, 1.0
0.901375675706,0.861420702884, 0.0
0.0270468064431,0.372100208232, 1.0
0.0977390152009,0.438789320432, 0.0
0.0947671747818,0.444078072692, 0.0
0.124043900917,0.462174877632, 1.0
0.2685499085,0.54774180452, 0.0
0.206131047891,0.51776901676, 0.0
0.201161538667,0.515109816874, 1.0
0.380642154226,0.609810341829, 0.0
0.263472398306,0.553250214271, 1.0
0.460685401525,0.651411971269, 1.0
0.671435364187,0.752639207554, 0.0
0.40090616426,0.624999003521, 0.0
0.292646305478,0.573875528314, 0.0
0.268425228708,0.562272791763, 0.0
0.263925557901,0.559789097213, 1.0
0.454902348526,0.651516252068, 1.0
0.663555717126,0.750042254578, 1.0
0.824367496084,0.825546120304, 1.0
0.918049927888,0.869422228506, 1.0
0.9639840701,0.890906942127, 1.0
0.984607922166,0.900545646907, 0.0
0.926209559648,0.873273272252, 0.0
0.730905941083,0.782068898526, 1.0
0.865890735208,0.845121328336, 1.0
