RMSE: 0.500428324972


Errors: (prediction - observation)

[ 0.37210021  0.38304946 -0.59095001  0.48881853 -0.51688338 -0.42141667
  0.          0.          0.          0.          0.          0.          0.
  0.          0.          0.          0.          0.          0.          0.
  0.          0.          0.          0.          0.          0.          0.
  0.          0.          0.          0.          0.        ]
[ 0.37210021  0.38304946 -0.59095001 -0.51118147  0.58801678 -0.4703705
 -0.37159091 -0.26566662 -0.18314657  0.          0.          0.          0.
  0.          0.          0.          0.          0.          0.          0.
  0.          0.          0.          0.          0.          0.          0.
  0.          0.          0.          0.          0.        ]
[ 0.37210021  0.38304946  0.40904999  0.42694875  0.43430494  0.4340448
  0.42842934  0.41916974 -0.59226262 -0.4603032  -0.32842738  0.77849056
  0.63208738  0.55965648 -0.46053434  0.63978616  0.57049328 -0.44867634
 -0.35104202 -0.2502291   0.          0.          0.          0.          0.
  0.          0.          0.          0.          0.          0.          0.        ]
[-0.62789979  0.43878932  0.44407807  0.46217488  0.47423385  0.48003108
  0.48066533  0.47686667 -0.53086457  0.58547537  0.52476239 -0.49462816
 -0.38385033  0.72699055  0.60392895  0.55885174  0.546222   -0.46060118
  0.64004553  0.          0.          0.          0.          0.          0.
  0.          0.          0.          0.          0.          0.          0.        ]
[ 0.37210021 -0.61695054  0.44407807  0.46217488  0.          0.          0.
  0.          0.          0.          0.          0.          0.          0.
  0.          0.          0.          0.          0.          0.          0.
  0.          0.          0.          0.          0.          0.          0.
  0.          0.          0.          0.        ]
[ 0.37210021  0.38304946  0.40904999  0.42694875 -0.56569506  0.54115415
 -0.49942849 -0.39214106 -0.2806245   0.80767431  0.66740967  0.5831034
  0.56029394 -0.44504788  0.64834989  0.58157592  0.56434764 -0.44029544
  0.65299724  0.58525545 -0.43267578 -0.33936471 -0.24212672 -0.16953854
 -0.12807668  0.892046   -0.16074491 -0.12365338  0.          0.          0.
  0.        ]
[-0.62789979 -0.56121068  0.52322597 -0.50934348  0.57965409  0.5327773
  0.52736237 -0.47072432 -0.37892913 -0.27502856 -0.19016874  0.8614207   0.
  0.          0.          0.          0.          0.          0.          0.
  0.          0.          0.          0.          0.          0.          0.
  0.          0.          0.          0.          0.        ]
[-0.62789979  0.43878932  0.44407807 -0.53782512  0.5477418   0.51776902
 -0.48489018  0.60981034 -0.44674979 -0.34858803  0.75263921  0.624999
  0.57387553  0.56227279 -0.4402109  -0.34848375 -0.24995775 -0.17445388
 -0.13057777 -0.10909306  0.90054565  0.87327327 -0.2179311  -0.15487867
  0.          0.          0.          0.          0.          0.          0.
  0.        ]
