0.0318398100409,0.818894658439, 1.0
0.140671551367,0.873403939507, 1.0
0.246253255595,0.900444440951, 0.0
0.223065422943,0.831685975127, 1.0
0.32818900677,0.881997023971, 1.0
0.0318398100409,0.818894658439, 1.0
0.140671551367,0.873403939507, 1.0
0.246253255595,0.900444440951, 1.0
0.34447407904,0.914475839909, 1.0
0.433276317909,0.922729108785, 1.0
0.512502443895,0.928318594603, 0.0
0.433177315461,0.915474800268, 1.0
0.512582138169,0.924164456602, 1.0
0.0318398100409,0.818894658439, 1.0
0.140671551367,0.873403939507, 1.0
0.246253255595,0.900444440951, 1.0
0.34447407904,0.914475839909, 1.0
0.433276317909,0.922729108785, 1.0
0.0318398100409,0.818894658439, 0.0
0.0543249949369,0.625174665705, 1.0
0.144795388915,0.750419952056, 1.0
0.253720354264,0.837991821828, 1.0
0.357588651356,0.885376759675, 1.0
0.448922325688,0.908975836791, 1.0
0.528170809934,0.921350268061, 1.0
0.597046210382,0.928680915433, 0.0
0.466870810681,0.904417845745, 1.0
0.543701969193,0.918264023122, 1.0
0.61052505492,0.926603950435, 0.0
0.0318398100409,0.818894658439, 1.0
0.140671551367,0.873403939507, 1.0
0.246253255595,0.900444440951, 1.0
0.34447407904,0.914475839909, 1.0
0.433276317909,0.922729108785, 1.0
0.512502443895,0.928318594603, 1.0
0.582516112161,0.932518851243, 1.0
0.643874268587,0.935866172943, 1.0
0.697245286097,0.938610025925, 1.0
0.743364219625,0.940886825442, 1.0
0.782991928606,0.942785271867, 1.0
0.816879833777,0.944370970268, 1.0
0.845743632996,0.94569606461, 1.0
0.870246359122,0.946803395394, 1.0
0.890989337844,0.947728629686, 1.0
0.908509054708,0.948501597616, 1.0
0.923278064682,0.949147274594, 1.0
0.935708442079,0.949686568357, 1.0
0.94615666,0.950136973002, 1.0
0.954929124635,0.950513119053, 1.0
0.962287850843,0.95082723712, 1.0
0.968455956874,0.951089548333, 1.0
0.973622790863,0.951308592512, 1.0
0.977948593447,0.951491503541, 1.0
0.981568661187,0.951644240125, 0.0
0.970244077328,0.951159811569, 1.0
0.97512181973,0.951368111847, 1.0
0.979204454779,0.951541795867, 1.0
0.982620228066,0.951686648825, 1.0
0.0318398100409,0.818894658439, 1.0
0.140671551367,0.873403939507, 1.0
0.246253255595,0.900444440951, 1.0
0.34447407904,0.914475839909, 1.0
0.433276317909,0.922729108785, 1.0
0.512502443895,0.928318594603, 1.0
0.582516112161,0.932518851243, 1.0
0.643874268587,0.935866172943, 1.0
0.697245286097,0.938610025925, 1.0
0.743364219625,0.940886825442, 1.0
0.782991928606,0.942785271867, 1.0
0.816879833777,0.944370970268, 1.0
0.845743632996,0.94569606461, 1.0
0.870246359122,0.946803395394, 1.0
0.890989337844,0.947728629686, 1.0
0.908509054708,0.948501597616, 1.0
0.923278064682,0.949147274594, 1.0
0.935708442079,0.949686568357, 1.0
0.94615666,0.950136973002, 1.0
0.954929124635,0.950513119053, 1.0
0.962287850843,0.95082723712, 1.0
0.968455956874,0.951089548333, 1.0
0.973622790863,0.951308592512, 1.0
0.977948593447,0.951491503541, 1.0
0.981568661187,0.951644240125, 1.0
0.984597013581,0.951771778962, 1.0
0.0318398100409,0.818894658439, 0.0
0.0318398100409,0.818894658439, 1.0
0.140671551367,0.873403939507, 1.0
0.246253255595,0.900444440951, 1.0
0.34447407904,0.914475839909, 1.0
0.433276317909,0.922729108785, 1.0
0.512502443895,0.928318594603, 1.0
0.582516112161,0.932518851243, 0.0
0.494054939309,0.92303634123, 1.0
0.566195951658,0.929015174061, 1.0
0.62959181217,0.933401915854, 1.0
0.684882668051,0.936816820343, 1.0
0.732764965059,0.939556818547, 1.0
0.773973323389,0.941787501453, 1.0
0.809250163276,0.943616436386, 1.0
0.839316087455,0.945121619275, 1.0
0.864847769345,0.946363236298, 1.0
0.886464504001,0.947389171688, 1.0
0.904722037192,0.94823806779, 1.0
0.920111646767,0.948941323921, 1.0
0.933062630894,0.949524552384, 1.0
0.94394678006,0.950008701171, 1.0
0.0318398100409,0.818894658439, 1.0
0.140671551367,0.873403939507, 1.0
0.246253255595,0.900444440951, 1.0
0.34447407904,0.914475839909, 1.0
0.433276317909,0.922729108785, 1.0
0.512502443895,0.928318594603, 1.0
0.582516112161,0.932518851243, 1.0
0.643874268587,0.935866172943, 1.0
0.697245286097,0.938610025925, 1.0
0.743364219625,0.940886825442, 1.0
0.782991928606,0.942785271867, 0.0
0.699144423233,0.937889734608, 1.0
0.74503807909,0.940392205738, 1.0
0.784478212041,0.942449220443, 1.0
0.818200060281,0.944145781815, 1.0
0.846912111556,0.945547807393, 1.0
0.871274813515,0.946708035515, 1.0
0.89188896055,0.94766925124, 1.0
0.909291177071,0.948466381697, 1.0
0.923954167116,0.949128029429, 1.0
0.936289910394,0.949677665689, 1.0
0.946654495268,0.950134583751, 1.0
0.955353698674,0.950514667972, 1.0
0.962648737363,0.950831016387, 1.0
0.968761838023,0.951094445548, 1.0
0.973881426368,0.951313900421, 1.0
0.97816683623,0.95149678777, 1.0
0.981752504367,0.95164924781, 1.0
0.984751656419,0.951776376077, 1.0
0.98725951253,0.951882405028, 1.0
0.989356053168,0.951970853025, 1.0
0.991108390722,0.952044646824, 1.0
0.992572793098,0.952106222495, 1.0
0.993796403611,0.952157608704, 1.0
0.994818698138,0.95220049557, 1.0
0.995672716516,0.952236291675, 1.0
0.996386100969,0.952266171319, 0.0
0.994091461657,0.952169624241, 1.0
0.995065317085,0.95221058007, 1.0
0.995878814237,0.952244748115, 1.0
