RMSE: 0.253627478845


Errors: (prediction - observation)

[-0.18110534 -0.12659606  0.90044444 -0.16831402 -0.11800298  0.          0.
  0.          0.          0.          0.          0.          0.          0.
  0.          0.          0.          0.          0.          0.          0.
  0.          0.          0.          0.          0.          0.          0.
  0.          0.          0.          0.          0.          0.          0.
  0.          0.          0.          0.          0.          0.          0.
  0.          0.          0.        ]
[-0.18110534 -0.12659606 -0.09955556 -0.08552416 -0.07727089  0.92831859
 -0.0845252  -0.07583554  0.          0.          0.          0.          0.
  0.          0.          0.          0.          0.          0.          0.
  0.          0.          0.          0.          0.          0.          0.
  0.          0.          0.          0.          0.          0.          0.
  0.          0.          0.          0.          0.          0.          0.
  0.          0.          0.          0.        ]
[-0.18110534 -0.12659606 -0.09955556 -0.08552416 -0.07727089  0.          0.
  0.          0.          0.          0.          0.          0.          0.
  0.          0.          0.          0.          0.          0.          0.
  0.          0.          0.          0.          0.          0.          0.
  0.          0.          0.          0.          0.          0.          0.
  0.          0.          0.          0.          0.          0.          0.
  0.          0.          0.        ]
[ 0.81889466 -0.37482533 -0.24958005 -0.16200818 -0.11462324 -0.09102416
 -0.07864973  0.92868092 -0.09558215 -0.08173598  0.92660395  0.          0.
  0.          0.          0.          0.          0.          0.          0.
  0.          0.          0.          0.          0.          0.          0.
  0.          0.          0.          0.          0.          0.          0.
  0.          0.          0.          0.          0.          0.          0.
  0.          0.          0.          0.        ]
[-0.18110534 -0.12659606 -0.09955556 -0.08552416 -0.07727089 -0.07168141
 -0.06748115 -0.06413383 -0.06138997 -0.05911317 -0.05721473 -0.05562903
 -0.05430394 -0.0531966  -0.05227137 -0.0514984  -0.05085273 -0.05031343
 -0.04986303 -0.04948688 -0.04917276 -0.04891045 -0.04869141 -0.0485085
  0.95164424 -0.04884019 -0.04863189 -0.0484582  -0.04831335  0.          0.
  0.          0.          0.          0.          0.          0.          0.
  0.          0.          0.          0.          0.          0.          0.        ]
[-0.18110534 -0.12659606 -0.09955556 -0.08552416 -0.07727089 -0.07168141
 -0.06748115 -0.06413383 -0.06138997 -0.05911317 -0.05721473 -0.05562903
 -0.05430394 -0.0531966  -0.05227137 -0.0514984  -0.05085273 -0.05031343
 -0.04986303 -0.04948688 -0.04917276 -0.04891045 -0.04869141 -0.0485085
 -0.04835576 -0.04822822  0.          0.          0.          0.          0.
  0.          0.          0.          0.          0.          0.          0.
  0.          0.          0.          0.          0.          0.          0.        ]
[ 0.81889466  0.          0.          0.          0.          0.          0.
  0.          0.          0.          0.          0.          0.          0.
  0.          0.          0.          0.          0.          0.          0.
  0.          0.          0.          0.          0.          0.          0.
  0.          0.          0.          0.          0.          0.          0.
  0.          0.          0.          0.          0.          0.          0.
  0.          0.          0.        ]
[-0.18110534 -0.12659606 -0.09955556 -0.08552416 -0.07727089 -0.07168141
  0.93251885 -0.07696366 -0.07098483 -0.06659808 -0.06318318 -0.06044318
 -0.0582125  -0.05638356 -0.05487838 -0.05363676 -0.05261083 -0.05176193
 -0.05105868 -0.05047545 -0.0499913   0.          0.          0.          0.
  0.          0.          0.          0.          0.          0.          0.
  0.          0.          0.          0.          0.          0.          0.
  0.          0.          0.          0.          0.          0.        ]
[-0.18110534 -0.12659606 -0.09955556 -0.08552416 -0.07727089 -0.07168141
 -0.06748115 -0.06413383 -0.06138997 -0.05911317  0.94278527 -0.06211027
 -0.05960779 -0.05755078 -0.05585422 -0.05445219 -0.05329196 -0.05233075
 -0.05153362 -0.05087197 -0.05032233 -0.04986542 -0.04948533 -0.04916898
 -0.04890555 -0.0486861  -0.04850321 -0.04835075 -0.04822362 -0.04811759
 -0.04802915 -0.04795535 -0.04789378 -0.04784239 -0.0477995  -0.04776371
  0.95226617 -0.04783038 -0.04778942 -0.04775525  0.          0.          0.
  0.          0.        ]
