0.0467077504268,0.436648280858, 1.0
0.26562511351,0.538798476633, 0.0
0.374161019615,0.572869103072, 0.0
0.410128168767,0.580321561476, 0.0
0.42019017804,0.576798079242, 1.0
0.633854859933,0.668158665556, 0.0
0.549776438067,0.635831579411, 0.0
0.494026796284,0.611541077016, 1.0
0.694253776842,0.690783257664, 1.0
0.834821477568,0.740554419494, 0.0
0.73675532901,0.706767996047, 1.0
0.860336418406,0.749450907048, 1.0
0.930840781736,0.773473917119, 1.0
0.967037726211,0.785763465743, 0.0
0.934158080531,0.774609902483, 0.0
0.876411958388,0.755016125821, 0.0
0.790239945872,0.725764603905, 1.0
0.891595651304,0.76017782643, 1.0
0.947163450805,0.779026039033, 1.0
0.975028031941,0.788475077055, 1.0
0.988374559437,0.793000648148, 1.0
0.994626524486,0.795120539006, 1.0
0.997524569092,0.79610319113, 0.0
0.994743038318,0.795160047059, 0.0
0.988900174596,0.793178884682, 1.0
0.994870901152,0.795203402491, 1.0
0.997637453734,0.796141467555, 1.0
0.998913376777,0.796574099325, 1.0
0.999500560932,0.796773197934, 1.0
0.999770517123,0.796864732933, 1.0
0.999894572075,0.796906796684, 1.0
0.0467077504268,0.436648280858, 1.0
0.26562511351,0.538798476633, 0.0
0.374161019615,0.572869103072, 0.0
0.410128168767,0.580321561476, 0.0
0.42019017804,0.576798079242, 1.0
0.633854859933,0.668158665556, 0.0
0.549776438067,0.635831579411, 1.0
0.735933834756,0.705956894765, 1.0
0.860379431277,0.749385185798, 1.0
0.930950577305,0.773500001418, 1.0
0.967104303355,0.785784559833, 1.0
0.984624174727,0.791728501594, 1.0
0.99287927071,0.794528028735, 1.0
0.996716658672,0.795829242101, 1.0
0.998489136635,0.796430249679, 1.0
0.999305413869,0.796707028598, 1.0
0.999680817704,0.796834318218, 1.0
0.999853355815,0.796892821339, 1.0
0.999932632403,0.796919701933, 0.0
0.999856215078,0.79689379084, 1.0
0.999933946033,0.796920147351, 0.0
0.999859018416,0.796894741379, 1.0
0.0467077504268,0.436648280858, 1.0
0.26562511351,0.538798476633, 1.0
0.450782611673,0.608674928413, 0.0
0.451733609455,0.607894575107, 1.0
0.646965422623,0.676655445156, 1.0
0.800893101037,0.729337763667, 1.0
0.897797910405,0.762275142044, 1.0
0.950366960101,0.780111480235, 0.0
0.90399469443,0.76438434002, 1.0
0.953530583518,0.781185277061, 1.0
0.978113403192,0.789521285129, 1.0
0.0467077504268,0.436648280858, 1.0
0.26562511351,0.538798476633, 0.0
0.374161019615,0.572869103072, 0.0
0.410128168767,0.580321561476, 1.0
0.61804018604,0.664162460427, 1.0
0.782970940664,0.722820011976, 1.0
0.887852384858,0.758838530564, 1.0
0.94529892812,0.77838426127, 1.0
0.974130855642,0.788169607317, 1.0
0.987952445658,0.792857357358, 1.0
0.994430337507,0.795053996277, 0.0
0.988247396949,0.792957473934, 0.0
0.97551314856,0.788639467746, 1.0
0.988603495237,0.793078261391, 1.0
0.994733002763,0.795156641331, 1.0
0.997573760813,0.796119870531, 1.0
0.998884044643,0.796564153519, 1.0
0.999487071204,0.796768623917, 0.0
0.99890625649,0.796571685005, 0.0
0.997670579078,0.796152699447, 1.0
0.998928631309,0.796579271729, 1.0
0.999507576299,0.796775576659, 1.0
0.999773741398,0.7968658262, 1.0
0.999896053534,0.796907299007, 1.0
0.999952248602,0.796926353268, 1.0
0.999978064403,0.796935106722, 0.0
0.999953177678,0.796926668293, 1.0
0.999978491204,0.796935251439, 0.0
0.999954088659,0.796926977182, 1.0
0.999978909692,0.796935393337, 1.0
0.999990311866,0.796939259513, 1.0
0.0467077504268,0.436648280858, 1.0
0.26562511351,0.538798476633, 1.0
0.450782611673,0.608674928413, 1.0
0.645185321519,0.676252840584, 0.0
0.564330049377,0.648496173152, 0.0
0.51208404711,0.630264757322, 1.0
0.698365430246,0.694450488146, 1.0
0.835169221201,0.741019836032, 1.0
0.917039046034,0.768808064571, 1.0
0.960136092725,0.783425132992, 1.0
0.981291957275,0.790599062359, 1.0
0.991319965096,0.793999364153, 1.0
0.995994255605,0.795584301301, 1.0
0.998155995528,0.796317291231, 1.0
0.999152107912,0.796655046718, 1.0
0.0467077504268,0.436648280858, 1.0
0.26562511351,0.538798476633, 0.0
0.374161019615,0.572869103072, 1.0
0.57746071549,0.651269276234, 0.0
0.517468839214,0.629150538709, 0.0
0.481939227628,0.61453416764, 0.0
0.461457605239,0.603942013289, 0.0
0.448291423412,0.594377694665, 1.0
0.654192156145,0.676792467245, 0.0
0.566595266126,0.644583879125, 1.0
0.0467077504268,0.436648280858, 1.0
0.26562511351,0.538798476633, 0.0
0.374161019615,0.572869103072, 1.0
0.57746071549,0.651269276234, 1.0
0.751859458094,0.712399119961, 1.0
0.869095168737,0.752495671051, 1.0
0.935430518057,0.77504036786, 1.0
0.969293182314,0.786529563352, 0.0
0.938397266686,0.776051289032, 0.0
0.883476402681,0.757422700111, 1.0
0.942946079549,0.777595744015, 1.0
0.0467077504268,0.436648280858, 1.0
0.26562511351,0.538798476633, 0.0
0.374161019615,0.572869103072, 0.0
0.410128168767,0.580321561476, 0.0
0.42019017804,0.576798079242, 0.0
0.418326879736,0.56679780673, 1.0
0.640138843063,0.66832908196, 1.0
0.802146623208,0.728798049683, 1.0
0.899549896038,0.762731302193, 1.0
0.951417047276,0.780448977071, 1.0
0.977113197041,0.789179574254, 1.0
0.989360068444,0.79333448305, 1.0
0.995085000033,0.795275954421, 1.0
0.997736377982,0.796175004639, 1.0
0.99895893674,0.796589546804, 1.0
0.999521513811,0.796780302412, 1.0
0.999780147129,0.796867998202, 1.0
0.999898996776,0.796908296981, 1.0
0.999953600756,0.796926811747, 1.0
0.999978685559,0.79693531734, 0.0
0.999954503498,0.796927117843, 1.0
0.999979100261,0.796935457954, 1.0
0.999990399408,0.796939289196, 1.0
0.999995589858,0.79694104914, 1.0
0.999997974156,0.796941857593, 1.0
0.999999069409,0.796942228964, 0.0
0.999998013533,0.796941870944, 1.0
0.999999087497,0.796942235097, 1.0
0.999999580833,0.796942402374, 1.0
0.999999807452,0.796942479215, 1.0
0.999999911551,0.796942514512, 1.0
0.0467077504268,0.436648280858, 1.0
0.26562511351,0.538798476633, 1.0
0.450782611673,0.608674928413, 1.0
0.645185321519,0.676252840584, 1.0
0.799450891848,0.728880297962, 1.0
0.896934605477,0.761986904055, 1.0
0.949918332326,0.779959964872, 0.0
0.903211793913,0.764120648742, 0.0
0.828121084507,0.738653276458, 0.0
0.729990272013,0.705366278059, 1.0
0.855181046976,0.747834836366, 1.0
0.927925126506,0.772503389911, 1.0
0.965571785557,0.785268785904, 0.0
0.931437926257,0.773694771898, 1.0
0.96731300649,0.785859225479, 1.0
0.984719161143,0.791761213343, 1.0
0.992923064139,0.794542942473, 0.0
0.985113359723,0.791894877543, 1.0
0.993107083055,0.794605338659, 1.0
0.996822019072,0.795864975271, 1.0
0.998537692555,0.796446714753, 1.0
0.999327752639,0.796714603217, 0.0
0.998567009966,0.796456655513, 1.0
0.99934124063,0.796719176638, 1.0
0.999697286763,0.796839902457, 1.0
0.999860923513,0.796895387347, 1.0
0.99993610922,0.79692088083, 0.0
0.999863634777,0.796896306665, 1.0
0.999937354846,0.796921303189, 1.0
0.999971222418,0.796932786786, 1.0
0.999986780553,0.796938062138, 1.0
0.0467077504268,0.436648280858, 1.0
0.26562511351,0.538798476633, 0.0
0.374161019615,0.572869103072, 1.0
0.57746071549,0.651269276234, 0.0
0.517468839214,0.629150538709, 0.0
0.481939227628,0.61453416764, 0.0
0.461457605239,0.603942013289, 1.0
0.662008286666,0.680430735673, 1.0
0.812614731653,0.733107002068, 0.0
0.711718297677,0.698499256716, 0.0
0.614535097751,0.664840101364, 0.0
0.542063699139,0.639166376388, 0.0
0.0467077504268,0.436648280858, 1.0
0.26562511351,0.538798476633, 0.0
0.374161019615,0.572869103072, 0.0
0.410128168767,0.580321561476, 0.0
0.42019017804,0.576798079242, 0.0
0.418326879736,0.56679780673, 0.0
0.410014597761,0.55219838988, 0.0
0.398060246706,0.534448142944, 0.0
0.384473111705,0.515236734218, 0.0
0.37095467774,0.496426800582, 0.0
0.358812840537,0.479615074769, 1.0
0.639142941841,0.649629786499, 1.0
0.820863434411,0.732092542538, 1.0
0.913505067562,0.767034594232, 1.0
0.958989990551,0.78296006433, 1.0
0.980826892199,0.790431472392, 1.0
0.991112971713,0.793927912219, 1.0
0.99589968614,0.795552074332, 1.0
0.998112545578,0.796302538093, 1.0
0.999132131845,0.796648270778, 1.0
0.99960115556,0.796807306581, 1.0
0.999816748646,0.796880408777, 1.0
0.999915813658,0.796913999137, 1.0
0.99996132651,0.796929431345, 0.0
0.999917452924,0.796914554972, 1.0
0.999962079585,0.796929686693, 1.0
0.999982580561,0.796936638032, 1.0
0.999991998148,0.796939831286, 1.0
0.999996324261,0.796941298157, 1.0
0.999998311512,0.796941971981, 1.0
0.999999224377,0.796942281509, 1.0
0.0467077504268,0.436648280858, 0.0
0.199057905164,0.479900993637, 0.0
0.330776976779,0.517850350264, 0.0
0.364160196898,0.516946228739, 1.0
0.609495027904,0.649781644817, 0.0
0.519451829067,0.608539540426, 0.0
0.459276869072,0.574929752007, 1.0
0.685862506515,0.682863612898, 0.0
0.581636333695,0.640629027295, 0.0
0.504247485178,0.604897880786, 1.0
0.712751034618,0.695194643631, 1.0
0.848778782309,0.745010253568, 1.0
0.925170422046,0.771479033013, 1.0
0.0467077504268,0.436648280858, 0.0
0.199057905164,0.479900993637, 0.0
0.330776976779,0.517850350264, 0.0
0.364160196898,0.516946228739, 1.0
0.609495027904,0.649781644817, 1.0
0.788185232138,0.722646545576, 1.0
0.892968591593,0.760290633039, 1.0
0.948257070363,0.779348879724, 1.0
0.975612332162,0.788666891767, 0.0
0.950433027503,0.780115804374, 1.0
0.976636076041,0.789017856737, 1.0
0.989135334676,0.793258289611, 1.0
0.994980566243,0.795240544682, 0.0
0.989396279686,0.793346966988, 0.0
0.977854651699,0.789433211064, 1.0
0.989706503254,0.793452236859, 0.0
0.978489301101,0.789648660849, 0.0
0.0467077504268,0.436648280858, 1.0
0.26562511351,0.538798476633, 0.0
0.374161019615,0.572869103072, 1.0
0.57746071549,0.651269276234, 0.0
0.517468839214,0.629150538709, 0.0
0.481939227628,0.61453416764, 1.0
0.677257968402,0.686294237278, 1.0
0.822235485957,0.736478909818, 1.0
0.910012929915,0.766403717119, 0.0
0.838200741612,0.742008042889, 1.0
0.918752366549,0.769383506785, 1.0
0.961002744378,0.783718264017, 1.0
0.981708116564,0.790740076907, 1.0
0.991515056542,0.794065502478, 1.0
0.996084710252,0.795614970549, 1.0
0.998197724095,0.79633144009, 1.0
0.999171313773,0.796661558893, 1.0
0.999619167542,0.796813414291, 1.0
0.999825025687,0.796883215344, 1.0
0.999919616471,0.796915288575, 1.0
0.999963073514,0.796930023709, 1.0
0.999983037149,0.796936792849, 1.0
0.999992207889,0.796939902404, 0.0
0.999983366968,0.796936904682, 1.0
0.999992359398,0.796939953776, 1.0
0.999996490205,0.796941354424, 1.0
0.999998387741,0.796941997828, 1.0
0.999999259393,0.796942293382, 1.0
0.999999659795,0.796942429148, 1.0
0.999999843724,0.796942491513, 1.0
