0.0274212951552,0.498282324233, 1.0
0.201202863101,0.436800229804, 0.0
0.308528564798,0.482787401573, 0.0
0.344271558795,0.616653579228, 0.0
0.34609746353,0.620057226514, 1.0
0.529987915179,0.688435158476, 0.0
0.41928399029,0.530244149546, 0.0
0.38909684064,0.633399738144, 1.0
0.575864759996,0.597336249932, 1.0
0.77826719514,0.684062126439, 0.0
0.638723897687,0.624270282661, 1.0
0.821333994083,0.702515490817, 1.0
0.923629552095,0.746347334664, 1.0
0.96966130991,0.766071131667, 0.0
0.930121280417,0.837220980571, 0.0
0.82235972337,0.70295499774, 0.0
0.689644341793,0.745680487064, 1.0
0.824412619845,0.796028212906, 1.0
0.908272966001,0.739767308153, 1.0
0.963170288892,0.763289843552, 1.0
0.985757969016,0.772968266421, 1.0
0.994574973546,0.77674619748, 1.0
0.997945510082,0.778190412986, 0.0
0.994959825313,0.77691109968, 0.0
0.987719598376,0.773808790032, 1.0
0.995328258074,0.777068966625, 1.0
0.998231660221,0.860964810133, 1.0
0.999159318092,0.778710508327, 1.0
0.999682586537,0.778934719635, 1.0
0.999880196397,0.861580682418, 1.0
0.999943093026,0.863183563779, 1.0
0.0274212951552,0.498282324233, 1.0
0.201202863101,0.436800229804, 0.0
0.308528564798,0.482787401573, 0.0
0.344271558795,0.616653579228, 0.0
0.34609746353,0.620057226514, 1.0
0.529987915179,0.577678830418, 0.0
0.444897043364,0.541218891408, 1.0
0.670599119545,0.740720110082, 1.0
0.810740217615,0.790920376188, 1.0
0.900355718731,0.736374907224, 1.0
0.959769119892,0.761832502575, 1.0
0.984407093759,0.77238944018, 1.0
0.994055085786,0.776523434737, 1.0
0.997747854798,0.77810572118, 1.0
0.999148876691,0.778706034371, 1.0
0.99967864201,0.861505384246, 1.0
0.999847338339,0.861568407063, 1.0
0.999927484144,0.861598348523, 1.0
0.999965555652,0.779055966913, 0.0
0.999915104688,0.779034349565, 1.0
0.99996796225,0.861613470632, 0.0
0.999900612415,0.863167767764, 1.0
0.0274212951552,0.498282324233, 1.0
0.201202863101,0.436800229804, 1.0
0.366853570673,0.625089933535, 0.0
0.353508776871,0.622813053556, 1.0
0.537963845132,0.581096375843, 1.0
0.749837853186,0.768168022357, 1.0
0.863527230242,0.810640937125, 1.0
0.930257830605,0.749187435195, 0.0
0.851969792758,0.715642390652, 1.0
0.938132890527,0.838512669142, 1.0
0.969643742918,0.8519170359, 1.0
0.0274212951552,0.498282324233, 1.0
0.201202863101,0.436800229804, 0.0
0.308528564798,0.482787401573, 0.0
0.344271558795,0.616653579228, 1.0
0.528779321009,0.687985754121, 1.0
0.703232645094,0.750756905485, 1.0
0.83349384251,0.799420842949, 1.0
0.913463913275,0.741991537579, 1.0
0.96537994155,0.764236640776, 1.0
0.986632293456,0.773342899036, 1.0
0.994910964088,0.776890163506, 0.0
0.987601932786,0.7737583724, 0.0
0.970291808012,0.766341288992, 1.0
0.98856658255,0.774171707824, 1.0
0.995652904466,0.777208071882, 1.0
0.998354896185,0.862593007746, 1.0
0.99921407038,0.861331826155, 1.0
0.999626553073,0.778910710283, 0.0
0.99908028288,0.778676643132, 0.0
0.997737795995,0.77810141116, 1.0
0.999145069653,0.778704403122, 1.0
0.999677203783,0.778932413219, 1.0
0.999878164316,0.779018521266, 1.0
0.999954020597,0.779051024346, 1.0
0.999982648759,0.779063291009, 1.0
0.999993452288,0.863202289396, 0.0
0.999979584982,0.861617812738, 1.0
0.99999030332,0.779066570853, 0.0
0.999976099133,0.779060484609, 1.0
0.999990980664,0.861622070021, 1.0
0.999995716041,0.863203131151, 1.0
0.0274212951552,0.498282324233, 1.0
0.201202863101,0.436800229804, 1.0
0.366853570673,0.507778638725, 1.0
0.591398295518,0.708977005545, 0.0
0.452525803383,0.659631601997, 0.0
0.384790756374,0.631791039471, 1.0
0.571480528193,0.595457683868, 1.0
0.775079152375,0.682696106298, 1.0
0.900436567173,0.824429799041, 1.0
0.950143457058,0.84299966504, 1.0
0.975692892218,0.852544611191, 1.0
0.988307836128,0.774060839542, 1.0
0.995553766329,0.777165592938, 1.0
0.998317268871,0.860996792443, 1.0
0.999200052524,0.862907271169, 1.0
0.0274212951552,0.498282324233, 1.0
0.201202863101,0.436800229804, 0.0
0.308528564798,0.482787401573, 1.0
0.522520882172,0.683245274206, 0.0
0.416153600504,0.646106941029, 0.0
0.370660641324,0.509409901406, 0.0
0.368266214688,0.50838393179, 0.0
0.367289604429,0.625252830237, 1.0
0.553363155916,0.69712702152, 0.0
0.43108274136,0.649085140148, 1.0
0.0274212951552,0.498282324233, 1.0
0.201202863101,0.436800229804, 0.0
0.308528564798,0.482787401573, 1.0
0.522520882172,0.683245274206, 1.0
0.698864650161,0.751230381344, 1.0
0.829952384719,0.798097799066, 1.0
0.911445926531,0.828542756591, 1.0
0.955920948752,0.760183629058, 0.0
0.901401230713,0.736822890683, 0.0
0.80209440255,0.787690408922, 1.0
0.895284845758,0.824267380547, 1.0
0.0274212951552,0.498282324233, 1.0
0.201202863101,0.436800229804, 0.0
0.308528564798,0.482787401573, 0.0
0.344271558795,0.616653579228, 0.0
0.34609746353,0.620057226514, 0.0
0.346454481253,0.617469091476, 1.0
0.531148671051,0.578176193853, 1.0
0.744509311092,0.76820291848, 1.0
0.859621304946,0.809181732787, 1.0
0.928105550305,0.834766581533, 1.0
0.964533680657,0.763874032896, 1.0
0.986297748031,0.773199552217, 1.0
0.99478244893,0.861264626892, 1.0
0.997502787698,0.778000714247, 1.0
0.999056109799,0.778666285393, 1.0
0.999643594387,0.778918012185, 1.0
0.999865475874,0.779013084492, 1.0
0.999949231701,0.779048972388, 1.0
0.999980841514,0.779062516636, 1.0
0.999992770292,0.779067627907, 0.0
0.999982179749,0.779063090046, 1.0
0.999993275298,0.779067844293, 1.0
0.999997462366,0.779069638378, 1.0
0.999999042401,0.779070315395, 1.0
0.999999638642,0.779070570874, 1.0
0.999999863638,0.779070667281, 0.0
0.999999663881,0.861625313961, 1.0
0.999999840353,0.779070657304, 1.0
0.999999939756,0.779070699896, 1.0
0.999999977266,0.861625431038, 1.0
0.999999989202,0.863204720086, 1.0
0.0274212951552,0.498282324233, 1.0
0.201202863101,0.436800229804, 1.0
0.366853570673,0.507778638725, 1.0
0.591398295518,0.708977005545, 1.0
0.753939902111,0.771709594902, 1.0
0.8655526464,0.81139760701, 1.0
0.931370216254,0.749664072842, 0.0
0.854007435534,0.807084462107, 0.0
0.691882014688,0.748633954129, 0.0
0.51935795644,0.573124080431, 1.0
0.735126282268,0.665577005548, 1.0
0.879032646475,0.72723834654, 1.0
0.950418131179,0.757825768704, 0.0
0.890358510279,0.732091279583, 1.0
0.955420049428,0.759969002525, 1.0
0.982670686284,0.855151426888, 1.0
0.991694629439,0.77551202079, 0.0
0.979913878487,0.77046417662, 1.0
0.992319143906,0.775779614234, 1.0
0.997086888448,0.777822508747, 1.0
0.998898608288,0.778598798771, 1.0
0.999584080047,0.77889251134, 0.0
0.998975781744,0.778631866237, 1.0
0.999613242748,0.778905007043, 1.0
0.999854016841,0.779008174498, 1.0
0.999944906742,0.863184238192, 1.0
0.999973701322,0.861615614677, 0.0
0.999918414669,0.779035767833, 1.0
0.999969211436,0.779057533353, 1.0
0.99998838144,0.861621098983, 1.0
0.999994481467,0.863202672086, 1.0
0.0274212951552,0.498282324233, 1.0
0.201202863101,0.436800229804, 0.0
0.308528564798,0.482787401573, 1.0
0.522520882172,0.683245274206, 0.0
0.416153600504,0.646106941029, 0.0
0.370660641324,0.62919081276, 0.0
0.354529976475,0.623192777008, 1.0
0.539055720686,0.689422480952, 1.0
0.712555914345,0.655906000653, 0.0
0.574413123657,0.596714249343, 0.0
0.471338369013,0.664124133997, 0.0
0.392992057754,0.637494539569, 0.0
0.0274212951552,0.498282324233, 1.0
0.201202863101,0.436800229804, 0.0
0.308528564798,0.482787401573, 0.0
0.344271558795,0.616653579228, 0.0
0.34609746353,0.620057226514, 0.0
0.346454481253,0.617469091476, 0.0
0.346798730784,0.49918549326, 0.0
0.358726165944,0.62205363782, 0.0
0.350800894325,0.500900349807, 0.0
0.360296859894,0.625337138276, 0.0
0.351071711526,0.619194030366, 1.0
0.536133706401,0.690720413041, 1.0
0.709313258642,0.654516579829, 1.0
0.864466844382,0.720997157037, 1.0
0.943865438691,0.755018055452, 1.0
0.978007438813,0.769647300817, 1.0
0.991579459138,0.775462672346, 1.0
0.996804790875,0.777701634909, 1.0
0.998791728612,0.778553002713, 1.0
0.999543686929,0.7788752036, 1.0
0.999827754843,0.778996921695, 1.0
0.999934994486,0.779042871992, 1.0
0.999975468572,0.779060214425, 1.0
0.999990742709,0.779066759123, 0.0
0.999977182137,0.779060948658, 1.0
0.999991389357,0.779067036201, 1.0
0.999996750683,0.861624225627, 1.0
0.99999845666,0.779070064416, 1.0
0.999999417607,0.779070476164, 1.0
0.999999780229,0.861625357427, 1.0
0.999999895615,0.863204685286, 1.0
0.0274212951552,0.498282324233, 0.0
0.167783087054,0.422480444726, 0.0
0.298637409745,0.478549215945, 0.0
0.340694380086,0.615317190461, 1.0
0.524879096514,0.686535492387, 0.0
0.416799027023,0.6463469368, 0.0
0.370901334748,0.626602127048, 1.0
0.557141852788,0.698532094351, 0.0
0.433058984903,0.649823439765, 0.0
0.377435515981,0.512312815803, 1.0
0.602940239095,0.608937615572, 1.0
0.797406141655,0.785938933889, 1.0
0.89251394896,0.823237048678, 1.0
0.0274212951552,0.498282324233, 0.0
0.167783087054,0.422480444726, 0.0
0.298637409745,0.478549215945, 0.0
0.340694380086,0.615317190461, 1.0
0.524879096514,0.686535492387, 1.0
0.699983272237,0.650518845078, 1.0
0.859051031425,0.718676576628, 1.0
0.94139385346,0.753959024737, 1.0
0.977000405185,0.769215804655, 0.0
0.946171540518,0.756006179444, 1.0
0.978943995061,0.770048598665, 1.0
0.991943070561,0.858615472494, 1.0
0.99615716903,0.860189806436, 0.0
0.988223237482,0.774024590513, 0.0
0.971741099955,0.766962285049, 1.0
0.98913488643,0.857566370385, 0.0
0.967430081546,0.851093906774, 0.0
0.0274212951552,0.498282324233, 1.0
0.201202863101,0.436800229804, 0.0
0.308528564798,0.482787401573, 1.0
0.522520882172,0.683245274206, 0.0
0.416153600504,0.646106941029, 0.0
0.370660641324,0.509409901406, 1.0
0.595582166089,0.605784810961, 1.0
0.792296458374,0.690073418496, 1.0
0.909259972691,0.740190223125, 0.0
0.815132127692,0.699858100365, 1.0
0.920612791909,0.745054706089, 1.0
0.968397053362,0.84981897798, 1.0
0.984740105236,0.857530476, 1.0
0.992658368811,0.775924966127, 1.0
0.99721616849,0.777877902967, 1.0
0.998947576005,0.778619780575, 1.0
0.999602584562,0.778900440198, 1.0
0.999849992814,0.779006450274, 1.0
0.999943387947,0.779046468442, 1.0
0.999978636168,0.861617458273, 1.0
0.99998985265,0.779066377749, 1.0
0.999996170786,0.863203300244, 1.0
0.999998172179,0.77906994252, 0.0
0.999995494612,0.77906879523, 1.0
0.999998299849,0.779069997225, 1.0
0.999999358433,0.861625199849, 1.0
0.999999695273,0.779070595139, 1.0
0.999999885009,0.779070676438, 1.0
0.999999956607,0.86162542332, 1.0
0.99999997939,0.863204716437, 1.0
