0.321653048498,0.610803436445, 0.0
0.641202237406,0.51379081803, 0.0
0.82528283064,0.515084872504, 0.0
0.895664602294,0.530633373175, 0.0
0.931873077644,0.783121804266, 0.0
0.939004280769,0.901864363365, 1.0
0.977674870717,0.762605347925, 1.0
0.993894759522,0.626291286424, 0.0
0.99498389689,0.568348029451, 0.0
0.996172895919,0.562053620825, 0.0
0.9970988389,0.801987699231, 0.0
0.321653048498,0.610803436445, 1.0
0.740492596842,0.552050223746, 1.0
0.903620010459,0.540780898597, 0.0
0.939073100502,0.544257519955, 1.0
0.986768641211,0.799005666312, 1.0
0.996182905959,0.912259209647, 1.0
0.998638004817,0.827192772885, 1.0
0.999593806084,0.716158060522, 1.0
0.999900199375,0.82917151878, 1.0
0.999970178835,0.878939401091, 1.0
0.999990149317,0.839025015621, 1.0
0.999997000276,0.90522188002, 1.0
0.999998950619,0.827099669973, 1.0
0.999999687734,0.819485913512, 0.0
0.999999646813,0.672547384297, 1.0
0.999999918875,0.546568181277, 1.0
0.999999984287,0.766509217536, 1.0
0.99999999581,0.837542127879, 1.0
0.999999998728,0.88992643758, 1.0
0.99999999957,0.72027463418, 1.0
0.999999999894,0.897477350962, 1.0
0.999999999963,0.598668504077, 1.0
0.999999999992,0.881885488775, 1.0
0.999999999997,0.612655204901, 0.0
0.999999999998,0.602430186565, 0.0
0.999999999998,0.729999939586, 1.0
1.0,0.769426121612, 1.0
1.0,0.628266605586, 0.0
1.0,0.569923942447, 1.0
1.0,0.563250109904, 1.0
1.0,0.802826834569, 1.0
0.321653048498,0.610803436445, 1.0
0.740492596842,0.552050223746, 0.0
0.865237837761,0.527904887675, 0.0
0.915805508985,0.536942399316, 1.0
0.981341532475,0.79743162929, 1.0
0.994608883888,0.911972797994, 1.0
0.998075856702,0.827039212779, 1.0
0.999426065861,0.889804267259, 1.0
0.999805834608,0.720212522319, 1.0
0.999952011834,0.897467595831, 1.0
0.999983499368,0.598663228187, 0.0
0.999986821698,0.881882557048, 0.0
0.999983109228,0.612649769523, 1.0
0.999996435304,0.766508129163, 1.0
0.999999049377,0.837541876639, 1.0
0.999999711359,0.602430094104, 1.0
0.999999939918,0.716288270285, 1.0
0.999999985247,0.672547494299, 0.0
0.999999986932,0.546568202267, 0.0
0.99999999024,0.829198649951, 1.0
0.999999997084,0.878946134737, 1.0
0.999999999037,0.839027618549, 1.0
0.999999999707,0.905222458452, 1.0
0.999999999897,0.827099956876, 1.0
0.999999999969,0.819486000559, 1.0
0.999999999991,0.729999939583, 0.0
0.999999999991,0.76942612161, 1.0
0.999999999998,0.628266605585, 0.0
0.999999999998,0.569923942447, 1.0
1.0,0.563250109904, 1.0
1.0,0.802826834569, 1.0
0.321653048498,0.610803436445, 1.0
0.740492596842,0.552050223746, 0.0
0.865237837761,0.527904887675, 0.0
0.915805508985,0.536942399316, 0.0
0.943490227825,0.786482435259, 1.0
0.983157581719,0.886341279891, 1.0
0.994251762063,0.718435818808, 0.0
0.994602457522,0.896380123875, 0.0
0.993011460123,0.718039047184, 0.0
0.993458334721,0.896147543234, 1.0
0.997743198192,0.597946915312, 0.0
0.998204801356,0.881486117507, 0.0
0.997716316441,0.611920325157, 1.0
0.999516747903,0.912864895257, 1.0
0.999827919707,0.827517668957, 0.0
0.999802480886,0.71622495957, 1.0
0.999951490314,0.769411300932, 1.0
0.999986998071,0.628262398878, 0.0
0.999989190113,0.569920546297, 1.0
0.999997843604,0.563249435738, 0.0
0.999998355262,0.802826358843, 1.0
0.321653048498,0.610803436445, 1.0
0.740492596842,0.552050223746, 0.0
0.865237837761,0.527904887675, 1.0
0.96666857336,0.552876930439, 1.0
0.992959949399,0.800795425081, 1.0
0.997975166815,0.82701218297, 1.0
0.999394930325,0.71609435176, 1.0
0.999851167762,0.9129256929, 1.0
0.999947003337,0.76940993073, 1.0
0.999985793764,0.628262009314, 0.0
0.999988189312,0.569920231879, 1.0
0.999997643943,0.563249373317, 1.0
0.999999533995,0.802826699781, 1.0
0.321653048498,0.610803436445, 0.0
0.641202237406,0.51379081803, 0.0
0.82528283064,0.515084872504, 1.0
0.955338067239,0.549295448468, 1.0
0.990616543004,0.800113611674, 1.0
0.99730914784,0.912463630806, 1.0
0.999040763088,0.827302712331, 0.0
0.998902131253,0.715936283581, 1.0
0.999730123001,0.769343668837, 1.0
0.999927651116,0.628243197483, 0.0
0.999939855699,0.569905046866, 1.0
0.999988001461,0.563246358733, 0.0
0.999990848552,0.802824187593, 1.0
0.321653048498,0.610803436445, 1.0
0.740492596842,0.552050223746, 0.0
0.865237837761,0.527904887675, 0.0
0.915805508985,0.536942399316, 0.0
0.943490227825,0.786482435259, 1.0
0.983157581719,0.909891006301, 1.0
0.993958262453,0.600494805706, 0.0
0.995202886465,0.71475020537, 0.0
0.995512382504,0.671088887, 0.0
0.996064465271,0.72874903576, 1.0
0.999008454963,0.827293880753, 1.0
0.999704465088,0.546477055935, 0.0
0.999779366643,0.88987947221, 1.0
0.999925373593,0.72025076183, 1.0
0.999981558428,0.89747360213, 1.0
0.99999365901,0.598666476623, 1.0
0.999998686697,0.881885196611, 1.0
0.999999563472,0.612655064429, 1.0
0.999999907875,0.766509194102, 1.0
0.999999975432,0.837542122469, 1.0
0.99999999254,0.829198650577, 1.0
0.999999997771,0.878946134893, 1.0
0.999999999264,0.839027618609, 1.0
0.999999999776,0.905222458465, 1.0
0.999999999922,0.827099956883, 1.0
0.999999999977,0.819486000561, 0.0
0.999999999974,0.769426121605, 1.0
0.999999999993,0.628266605584, 1.0
0.999999999998,0.569923942447, 1.0
1.0,0.563250109904, 1.0
1.0,0.802826834569, 1.0
0.321653048498,0.610803436445, 1.0
0.740492596842,0.552050223746, 0.0
0.865237837761,0.527904887675, 1.0
0.96666857336,0.552876930439, 1.0
0.992959949399,0.800795425081, 1.0
0.997975166815,0.912584957749, 1.0
0.999277872488,0.766287822497, 1.0
0.999807162032,0.837490943327, 1.0
0.999941428617,0.672528462332, 0.0
0.999948130646,0.716271658864, 1.0
0.999987262927,0.829195189561, 1.0
0.999996194504,0.87894527602, 1.0
0.999998742983,0.839027286618, 1.0
0.999999617218,0.90522238469, 1.0
0.999999866093,0.82709992029, 1.0
0.999999960153,0.819485989458, 1.0
0.999999988313,0.546568202693, 0.0
0.999999991271,0.60243018377, 0.0
0.999999992993,0.827564660572, 1.0
0.999999997913,0.889926437406, 1.0
0.999999999294,0.720274634092, 1.0
0.999999999826,0.897477350948, 1.0
0.99999999994,0.59866850407, 1.0
0.999999999988,0.881885488774, 1.0
0.999999999996,0.612655204901, 1.0
0.999999999999,0.729999939586, 1.0
1.0,0.769426121613, 1.0
1.0,0.628266605586, 1.0
1.0,0.569923942447, 1.0
1.0,0.563250109904, 1.0
1.0,0.802826834569, 1.0
0.321653048498,0.610803436445, 1.0
0.740492596842,0.552050223746, 0.0
0.865237837761,0.527904887675, 0.0
0.915805508985,0.536942399316, 0.0
0.943490227825,0.786482435259, 0.0
0.947773636585,0.903458551628, 0.0
0.942426303273,0.653834298326, 0.0
0.954812534837,0.815224385797, 0.0
0.955297343437,0.532780788258, 0.0
0.968749493282,0.592419510385, 0.0
0.976260032662,0.708676612844, 1.0
0.994027981607,0.728101742472, 1.0
0.998492350634,0.766046869004, 1.0
0.99959739937,0.837435254705, 1.0
0.999877721996,0.829165406781, 1.0
0.999963463727,0.878937884594, 1.0
0.999987931251,0.839024429457, 1.0
0.999996324845,0.905221749764, 1.0
0.999998714337,0.827099605366, 1.0
0.999999617424,0.819485893911, 1.0
0.99999988779,0.889926413964, 1.0
0.999999962051,0.720274622178, 1.0
0.999999990623,0.897477349078, 1.0
0.999999996776,0.598668503058, 0.0
0.999999997425,0.881885488203, 1.0
0.999999999144,0.612655204627, 1.0
0.999999999819,0.769426121557, 1.0
0.999999999952,0.62826660557, 1.0
0.99999999999,0.569923942444, 1.0
0.999999999998,0.563250109903, 1.0
1.0,0.802826834568, 1.0
0.321653048498,0.610803436445, 0.0
0.641202237406,0.51379081803, 1.0
0.865237837761,0.527904887675, 0.0
0.915805508985,0.536942399316, 1.0
0.981341532475,0.79743162929, 1.0
0.994608883888,0.911972797994, 1.0
0.998075856702,0.715671377176, 0.0
0.998187049653,0.729423697008, 1.0
0.999544181918,0.827440182892, 1.0
0.999864195011,0.602386683291, 1.0
0.999971727061,0.769417483665, 1.0
0.999992422209,0.628264153831, 0.0
0.99999369971,0.56992196308, 0.0
0.999995153535,0.563248594726, 1.0
0.999999041417,0.802826557307, 1.0
0.321653048498,0.610803436445, 1.0
0.740492596842,0.552050223746, 0.0
0.865237837761,0.527904887675, 0.0
0.915805508985,0.536942399316, 1.0
0.981341532475,0.79743162929, 1.0
0.994608883888,0.767779213196, 1.0
0.998547649533,0.627796728622, 0.0
0.998796023185,0.569545689376, 1.0
0.999759466218,0.563174910631, 1.0
0.99995241023,0.802813069662, 1.0
