RMSE: 0.439686105143


Errors: (prediction - observation)

[-0.29688672  0.35429149  0.55333642 -0.4654486   0.7849455   0.45176884
 -0.09726195 -0.03056673  0.65384735 -0.04906275 -0.53378071 -0.08947222
 -0.25715539 -0.05247351 -0.00695894 -0.02891419 -0.05421932 -0.0411056
  0.751196    0.84974621  0.57119559 -0.19818047 -0.46080633 -0.22075217
 -0.1994157   0.92449081  0.          0.          0.          0.          0.
  0.          0.          0.          0.          0.          0.          0.
  0.          0.          0.          0.          0.          0.          0.
  0.          0.          0.          0.          0.          0.          0.
  0.          0.          0.          0.          0.          0.          0.
  0.          0.          0.          0.          0.          0.          0.
  0.          0.          0.          0.          0.          0.          0.
  0.          0.          0.          0.          0.          0.          0.        ]
[-0.29688672 -0.46446597  0.55678442 -0.24797399 -0.56229889 -0.06104478
 -0.14919389  0.61333678 -0.29814882 -0.25385635 -0.09488908  0.          0.
  0.          0.          0.          0.          0.          0.          0.
  0.          0.          0.          0.          0.          0.          0.
  0.          0.          0.          0.          0.          0.          0.
  0.          0.          0.          0.          0.          0.          0.
  0.          0.          0.          0.          0.          0.          0.
  0.          0.          0.          0.          0.          0.          0.
  0.          0.          0.          0.          0.          0.          0.
  0.          0.          0.          0.          0.          0.          0.
  0.          0.          0.          0.          0.          0.          0.
  0.          0.          0.          0.        ]
[ 0.70311328  0.32972896  0.5455994   0.53222648  0.74694335 -0.03491092
  0.6131701  -0.05131134  0.4493547  -0.13766901  0.62868241  0.6625327
 -0.09838276 -0.56055524 -0.17433162  0.57672017 -0.33099627  0.71879832
 -0.19257589  0.          0.          0.          0.          0.          0.
  0.          0.          0.          0.          0.          0.          0.
  0.          0.          0.          0.          0.          0.          0.
  0.          0.          0.          0.          0.          0.          0.
  0.          0.          0.          0.          0.          0.          0.
  0.          0.          0.          0.          0.          0.          0.
  0.          0.          0.          0.          0.          0.          0.
  0.          0.          0.          0.          0.          0.          0.
  0.          0.          0.          0.          0.          0.        ]
[-0.29688672 -0.64570851 -0.41226368  0.62633839  0.77000507 -0.09787222
 -0.16722511 -0.12918942 -0.315616   -0.24113756 -0.11087838 -0.33444647
 -0.16264908 -0.16600122 -0.06503201  0.          0.          0.          0.
  0.          0.          0.          0.          0.          0.          0.
  0.          0.          0.          0.          0.          0.          0.
  0.          0.          0.          0.          0.          0.          0.
  0.          0.          0.          0.          0.          0.          0.
  0.          0.          0.          0.          0.          0.          0.
  0.          0.          0.          0.          0.          0.          0.
  0.          0.          0.          0.          0.          0.          0.
  0.          0.          0.          0.          0.          0.          0.
  0.          0.          0.          0.          0.        ]
[ 0.70311328  0.32972896  0.5455994  -0.46777352 -0.21676129 -0.07224109
  0.75710756 -0.16291118 -0.12540588 -0.02283086  0.72529307 -0.04341972
  0.50815374 -0.12723634  0.65460129 -0.11898566 -0.0164172  -0.06422671
 -0.11198727  0.91814129 -0.50294853  0.58701963  0.3600971  -0.54757938
 -0.27686778 -0.23462586 -0.10140842 -0.32237643 -0.15836334  0.83626338
 -0.07607542  0.          0.          0.          0.          0.          0.
  0.          0.          0.          0.          0.          0.          0.
  0.          0.          0.          0.          0.          0.          0.
  0.          0.          0.          0.          0.          0.          0.
  0.          0.          0.          0.          0.          0.          0.
  0.          0.          0.          0.          0.          0.          0.
  0.          0.          0.          0.          0.          0.          0.
  0.        ]
[ 0.70311328  0.32972896 -0.4544006  -0.42008496 -0.18064676 -0.05816744
  0.74476724 -0.32658083 -0.15803846  0.6009594  -0.31002577  0.73665886
 -0.18199768  0.          0.          0.          0.          0.          0.
  0.          0.          0.          0.          0.          0.          0.
  0.          0.          0.          0.          0.          0.          0.
  0.          0.          0.          0.          0.          0.          0.
  0.          0.          0.          0.          0.          0.          0.
  0.          0.          0.          0.          0.          0.          0.
  0.          0.          0.          0.          0.          0.          0.
  0.          0.          0.          0.          0.          0.          0.
  0.          0.          0.          0.          0.          0.          0.
  0.          0.          0.          0.          0.        ]
[-0.29688672 -0.64570851  0.58773632 -0.45379051 -0.20653648 -0.18282877
 -0.43719189  0.7918189  -0.30258924  0.88481785  0.          0.          0.
  0.          0.          0.          0.          0.          0.          0.
  0.          0.          0.          0.          0.          0.          0.
  0.          0.          0.          0.          0.          0.          0.
  0.          0.          0.          0.          0.          0.          0.
  0.          0.          0.          0.          0.          0.          0.
  0.          0.          0.          0.          0.          0.          0.
  0.          0.          0.          0.          0.          0.          0.
  0.          0.          0.          0.          0.          0.          0.
  0.          0.          0.          0.          0.          0.          0.
  0.          0.          0.          0.        ]
[-0.29688672  0.35429149 -0.44666358  0.58884402 -0.24066941 -0.21765247
 -0.49363446  0.75838863 -0.34617307  0.86381811  0.          0.          0.
  0.          0.          0.          0.          0.          0.          0.
  0.          0.          0.          0.          0.          0.          0.
  0.          0.          0.          0.          0.          0.          0.
  0.          0.          0.          0.          0.          0.          0.
  0.          0.          0.          0.          0.          0.          0.
  0.          0.          0.          0.          0.          0.          0.
  0.          0.          0.          0.          0.          0.          0.
  0.          0.          0.          0.          0.          0.          0.
  0.          0.          0.          0.          0.          0.          0.
  0.          0.          0.          0.        ]
[ 0.70311328 -0.67027104  0.55333642  0.5345514   0.74739174  0.73856161
 -0.6247804  -0.36894916 -0.31704667 -0.12174538  0.          0.          0.
  0.          0.          0.          0.          0.          0.          0.
  0.          0.          0.          0.          0.          0.          0.
  0.          0.          0.          0.          0.          0.          0.
  0.          0.          0.          0.          0.          0.          0.
  0.          0.          0.          0.          0.          0.          0.
  0.          0.          0.          0.          0.          0.          0.
  0.          0.          0.          0.          0.          0.          0.
  0.          0.          0.          0.          0.          0.          0.
  0.          0.          0.          0.          0.          0.          0.
  0.          0.          0.          0.        ]
[-0.29688672  0.35429149  0.55333642 -0.4654486   0.7849455  -0.09604069
 -0.11355981 -0.01558696 -0.06109919 -0.106677   -0.37084282 -0.05378806
 -0.14554945 -0.42746836 -0.27370334 -0.04392802 -0.03707254 -0.12995692
 -0.13816964 -0.00663472 -0.12915051 -0.01022401 -0.25595786 -0.03152383
  0.86333395  0.77441843 -0.06463171 -0.27814255 -0.14405203 -0.15636987
 -0.06218251  0.          0.          0.          0.          0.          0.
  0.          0.          0.          0.          0.          0.          0.
  0.          0.          0.          0.          0.          0.          0.
  0.          0.          0.          0.          0.          0.          0.
  0.          0.          0.          0.          0.          0.          0.
  0.          0.          0.          0.          0.          0.          0.
  0.          0.          0.          0.          0.          0.          0.
  0.        ]
[-0.29688672 -0.64570851  0.58773632 -0.45379051 -0.20653648 -0.06836712
 -0.1653159   0.58984644  0.68010106 -0.41064089 -0.17401692  0.          0.
  0.          0.          0.          0.          0.          0.          0.
  0.          0.          0.          0.          0.          0.          0.
  0.          0.          0.          0.          0.          0.          0.
  0.          0.          0.          0.          0.          0.          0.
  0.          0.          0.          0.          0.          0.          0.
  0.          0.          0.          0.          0.          0.          0.
  0.          0.          0.          0.          0.          0.          0.
  0.          0.          0.          0.          0.          0.          0.
  0.          0.          0.          0.          0.          0.          0.
  0.          0.          0.          0.        ]
