RMSE: 0.421044293308


Errors: (prediction - observation)

[ 0.61080344  0.51379082  0.51508487  0.53063337  0.7831218  -0.09813564
 -0.23739465  0.62629129  0.56834803  0.56205362  0.8019877   0.          0.
  0.          0.          0.          0.          0.          0.          0.
  0.          0.          0.          0.          0.          0.          0.
  0.          0.          0.          0.          0.          0.          0.
  0.          0.          0.          0.          0.          0.          0.
  0.          0.          0.          0.          0.          0.          0.
  0.          0.          0.          0.          0.          0.          0.
  0.          0.          0.          0.          0.          0.          0.
  0.          0.          0.          0.          0.          0.          0.
  0.          0.          0.          0.          0.          0.          0.
  0.          0.          0.          0.        ]
[-0.38919656 -0.44794978  0.5407809  -0.45574248 -0.20099433 -0.08774079
 -0.17280723 -0.28384194 -0.17082848 -0.1210606  -0.16097498 -0.09477812
 -0.17290033  0.81948591 -0.32745262 -0.45343182 -0.23349078 -0.16245787
 -0.11007356 -0.27972537 -0.10252265 -0.4013315  -0.11811451  0.6126552
  0.60243019 -0.27000006 -0.23057388  0.62826661 -0.43007606 -0.43674989
 -0.19717317  0.          0.          0.          0.          0.          0.
  0.          0.          0.          0.          0.          0.          0.
  0.          0.          0.          0.          0.          0.          0.
  0.          0.          0.          0.          0.          0.          0.
  0.          0.          0.          0.          0.          0.          0.
  0.          0.          0.          0.          0.          0.          0.
  0.          0.          0.          0.          0.          0.          0.
  0.        ]
[-0.38919656  0.55205022  0.52790489 -0.4630576  -0.20256837 -0.0880272
 -0.17296079 -0.11019573 -0.27978748 -0.1025324   0.59866323  0.88188256
 -0.38735023 -0.23349187 -0.16245812 -0.39756991 -0.28371173  0.67254749
  0.5465682  -0.17080135 -0.12105387 -0.16097238 -0.09477754 -0.17290004
 -0.180514    0.72999994 -0.23057388  0.62826661 -0.43007606 -0.43674989
 -0.19717317  0.          0.          0.          0.          0.          0.
  0.          0.          0.          0.          0.          0.          0.
  0.          0.          0.          0.          0.          0.          0.
  0.          0.          0.          0.          0.          0.          0.
  0.          0.          0.          0.          0.          0.          0.
  0.          0.          0.          0.          0.          0.          0.
  0.          0.          0.          0.          0.          0.          0.
  0.        ]
[-0.38919656  0.55205022  0.52790489  0.5369424  -0.21351756 -0.11365872
  0.71843582  0.89638012  0.71803905 -0.10385246  0.59794692  0.88148612
 -0.38807967 -0.0871351   0.82751767 -0.28377504 -0.2305887   0.6282624
 -0.43007945  0.56324944 -0.19717364  0.          0.          0.          0.
  0.          0.          0.          0.          0.          0.          0.
  0.          0.          0.          0.          0.          0.          0.
  0.          0.          0.          0.          0.          0.          0.
  0.          0.          0.          0.          0.          0.          0.
  0.          0.          0.          0.          0.          0.          0.
  0.          0.          0.          0.          0.          0.          0.
  0.          0.          0.          0.          0.          0.          0.
  0.          0.          0.          0.          0.          0.        ]
[-0.38919656  0.55205022 -0.47209511 -0.44712307 -0.19920457 -0.17298782
 -0.28390565 -0.08707431 -0.23059007  0.62826201 -0.43007977 -0.43675063
 -0.1971733   0.          0.          0.          0.          0.          0.
  0.          0.          0.          0.          0.          0.          0.
  0.          0.          0.          0.          0.          0.          0.
  0.          0.          0.          0.          0.          0.          0.
  0.          0.          0.          0.          0.          0.          0.
  0.          0.          0.          0.          0.          0.          0.
  0.          0.          0.          0.          0.          0.          0.
  0.          0.          0.          0.          0.          0.          0.
  0.          0.          0.          0.          0.          0.          0.
  0.          0.          0.          0.          0.        ]
[ 0.61080344  0.51379082 -0.48491513 -0.45070455 -0.19988639 -0.08753637
  0.82730271 -0.28406372 -0.23065633  0.6282432  -0.43009495  0.56324636
 -0.19717581  0.          0.          0.          0.          0.          0.
  0.          0.          0.          0.          0.          0.          0.
  0.          0.          0.          0.          0.          0.          0.
  0.          0.          0.          0.          0.          0.          0.
  0.          0.          0.          0.          0.          0.          0.
  0.          0.          0.          0.          0.          0.          0.
  0.          0.          0.          0.          0.          0.          0.
  0.          0.          0.          0.          0.          0.          0.
  0.          0.          0.          0.          0.          0.          0.
  0.          0.          0.          0.          0.        ]
[-0.38919656  0.55205022  0.52790489  0.5369424  -0.21351756 -0.09010899
  0.60049481  0.71475021  0.67108889 -0.27125096 -0.17270612  0.54647706
 -0.11012053 -0.27974924 -0.1025264  -0.40133352 -0.1181148  -0.38734494
 -0.23349081 -0.16245788 -0.17080135 -0.12105387 -0.16097238 -0.09477754
 -0.17290004  0.819486   -0.23057388 -0.37173339 -0.43007606 -0.43674989
 -0.19717317  0.          0.          0.          0.          0.          0.
  0.          0.          0.          0.          0.          0.          0.
  0.          0.          0.          0.          0.          0.          0.
  0.          0.          0.          0.          0.          0.          0.
  0.          0.          0.          0.          0.          0.          0.
  0.          0.          0.          0.          0.          0.          0.
  0.          0.          0.          0.          0.          0.          0.
  0.        ]
[-0.38919656  0.55205022 -0.47209511 -0.44712307 -0.19920457 -0.08741504
 -0.23371218 -0.16250906  0.67252846 -0.28372834 -0.17080481 -0.12105472
 -0.16097271 -0.09477762 -0.17290008 -0.18051401  0.5465682   0.60243018
 -0.17243534 -0.11007356 -0.27972537 -0.10252265 -0.4013315  -0.11811451
 -0.3873448  -0.27000006 -0.23057388 -0.37173339 -0.43007606 -0.43674989
 -0.19717317  0.          0.          0.          0.          0.          0.
  0.          0.          0.          0.          0.          0.          0.
  0.          0.          0.          0.          0.          0.          0.
  0.          0.          0.          0.          0.          0.          0.
  0.          0.          0.          0.          0.          0.          0.
  0.          0.          0.          0.          0.          0.          0.
  0.          0.          0.          0.          0.          0.          0.
  0.        ]
[-0.38919656  0.55205022  0.52790489  0.5369424   0.78648244  0.90345855
  0.6538343   0.81522439  0.53278079  0.59241951 -0.29132339 -0.27189826
 -0.23395313 -0.16256475 -0.17083459 -0.12106212 -0.16097557 -0.09477825
 -0.17290039 -0.18051411 -0.11007359 -0.27972538 -0.10252265  0.5986685
 -0.11811451 -0.3873448  -0.23057388 -0.37173339 -0.43007606 -0.43674989
 -0.19717317  0.          0.          0.          0.          0.          0.
  0.          0.          0.          0.          0.          0.          0.
  0.          0.          0.          0.          0.          0.          0.
  0.          0.          0.          0.          0.          0.          0.
  0.          0.          0.          0.          0.          0.          0.
  0.          0.          0.          0.          0.          0.          0.
  0.          0.          0.          0.          0.          0.          0.
  0.        ]
[ 0.61080344 -0.48620918  0.52790489 -0.4630576  -0.20256837 -0.0880272
  0.71567138 -0.2705763  -0.17255982 -0.39761332 -0.23058252  0.62826415
  0.56992196 -0.43675141 -0.19717344  0.          0.          0.          0.
  0.          0.          0.          0.          0.          0.          0.
  0.          0.          0.          0.          0.          0.          0.
  0.          0.          0.          0.          0.          0.          0.
  0.          0.          0.          0.          0.          0.          0.
  0.          0.          0.          0.          0.          0.          0.
  0.          0.          0.          0.          0.          0.          0.
  0.          0.          0.          0.          0.          0.          0.
  0.          0.          0.          0.          0.          0.          0.
  0.          0.          0.          0.          0.        ]
[-0.38919656  0.55205022  0.52790489 -0.4630576  -0.20256837 -0.23222079
  0.62779673 -0.43045431 -0.43682509 -0.19718693  0.          0.          0.
  0.          0.          0.          0.          0.          0.          0.
  0.          0.          0.          0.          0.          0.          0.
  0.          0.          0.          0.          0.          0.          0.
  0.          0.          0.          0.          0.          0.          0.
  0.          0.          0.          0.          0.          0.          0.
  0.          0.          0.          0.          0.          0.          0.
  0.          0.          0.          0.          0.          0.          0.
  0.          0.          0.          0.          0.          0.          0.
  0.          0.          0.          0.          0.          0.          0.
  0.          0.          0.          0.        ]
