RMSE: 0.412418317974


Errors: (prediction - observation)

[-0.50526879  0.36031988  0.43100971  0.46037405 -0.37402596  0.72209127
  0.17145676 -0.14547652 -0.05045415  0.62641132 -0.19397303 -0.54342917
 -0.12791276  0.69381092  0.73096094  0.42275789 -0.28665703 -0.10006846
 -0.05250801 -0.02674032 -0.04588494 -0.15022856  0.93211631  0.86959023
 -0.16311846 -0.08959413 -0.18096376 -0.35878123 -0.29699479 -0.28053123
 -0.15461609  0.          0.          0.          0.          0.          0.
  0.          0.          0.          0.          0.          0.          0.
  0.          0.          0.          0.          0.          0.          0.
  0.          0.          0.          0.          0.          0.          0.
  0.          0.          0.          0.          0.          0.          0.
  0.          0.          0.          0.          0.          0.          0.
  0.          0.          0.          0.          0.          0.          0.
  0.        ]
[-0.50526879 -0.63968012  0.46764314 -0.52263136 -0.3006772  -0.10250911
 -0.55620105  0.84429391 -0.05911249 -0.02948237 -0.04943359 -0.15632992
 -0.07035378  0.89352541  0.75686898 -0.74729344 -0.18858068 -0.10009611
 -0.05957155 -0.06123467 -0.24703829 -0.08155636 -0.42193822 -0.08952754
 -0.26853801 -0.01605063 -0.14144169 -0.33155483 -0.28606415 -0.275948
 -0.15292192  0.          0.          0.          0.          0.          0.
  0.          0.          0.          0.          0.          0.          0.
  0.          0.          0.          0.          0.          0.          0.
  0.          0.          0.          0.          0.          0.          0.
  0.          0.          0.          0.          0.          0.          0.
  0.          0.          0.          0.          0.          0.          0.
  0.          0.          0.          0.          0.          0.          0.
  0.        ]
[-0.50526879  0.36031988  0.43100971  0.46037405 -0.37402596 -0.05578867
  0.60616402  0.79532259  0.54490734 -0.2193599   0.42882012  0.78834278
 -0.4791806  -0.11158687  0.8859962  -0.32906662 -0.23678045  0.597224
 -0.39093289  0.67289482 -0.22745042  0.          0.          0.          0.
  0.          0.          0.          0.          0.          0.          0.
  0.          0.          0.          0.          0.          0.          0.
  0.          0.          0.          0.          0.          0.          0.
  0.          0.          0.          0.          0.          0.          0.
  0.          0.          0.          0.          0.          0.          0.
  0.          0.          0.          0.          0.          0.          0.
  0.          0.          0.          0.          0.          0.          0.
  0.          0.          0.          0.          0.          0.        ]
[-0.50526879  0.36031988 -0.56899029  0.5183982   0.64991253  0.4382904
  0.49187291 -0.49565754  0.72471398 -0.30537328  0.          0.          0.
  0.          0.          0.          0.          0.          0.          0.
  0.          0.          0.          0.          0.          0.          0.
  0.          0.          0.          0.          0.          0.          0.
  0.          0.          0.          0.          0.          0.          0.
  0.          0.          0.          0.          0.          0.          0.
  0.          0.          0.          0.          0.          0.          0.
  0.          0.          0.          0.          0.          0.          0.
  0.          0.          0.          0.          0.          0.          0.
  0.          0.          0.          0.          0.          0.          0.
  0.          0.          0.          0.        ]
[ 0.49473121 -0.69425366 -0.56899029 -0.4816018  -0.26378262 -0.14891352
 -0.08457152 -0.72889985 -0.03579775 -0.01860906 -0.03513417 -0.13194914
 -0.06071602 -0.0974989   0.52049194  0.8692258   0.94924781  0.77935817
 -0.02355846 -0.2676323  -0.08765006 -0.4278184  -0.09095749  0.73012247
 -0.14405092 -0.33322466  0.71329547 -0.27723101 -0.15338336  0.          0.
  0.          0.          0.          0.          0.          0.          0.
  0.          0.          0.          0.          0.          0.          0.
  0.          0.          0.          0.          0.          0.          0.
  0.          0.          0.          0.          0.          0.          0.
  0.          0.          0.          0.          0.          0.          0.
  0.          0.          0.          0.          0.          0.          0.
  0.          0.          0.          0.          0.          0.          0.        ]
[ 0.49473121  0.30574634 -0.58913998  0.5543663  -0.33255599 -0.11346427
 -0.21544449 -0.23211062 -0.04594192 -0.02352842 -0.0416191  -0.14292142
 -0.06497672  0.8985583  -0.07040398 -0.21913121 -0.01756876 -0.24945267
 -0.08226016  0.57738638 -0.09113288 -0.26999783 -0.7070927  -0.09287906
 -0.05612935 -0.47851968  0.85859889 -0.33157694 -0.28607194 -0.27595119
 -0.15292309  0.          0.          0.          0.          0.          0.
  0.          0.          0.          0.          0.          0.          0.
  0.          0.          0.          0.          0.          0.          0.
  0.          0.          0.          0.          0.          0.          0.
  0.          0.          0.          0.          0.          0.          0.
  0.          0.          0.          0.          0.          0.          0.
  0.          0.          0.          0.          0.          0.          0.
  0.        ]
[-0.50526879  0.36031988  0.43100971  0.46037405 -0.37402596 -0.13521979
  0.65673857  0.65670004  0.3337688  -0.29712195 -0.13768497  0.23021616
 -0.04116259 -0.33638837 -0.11171287 -0.45195354 -0.09719626 -0.27577692
 -0.09499669 -0.05713369 -0.0326446  -0.01709766 -0.03315499 -0.12863303
 -0.05945229  0.90366293 -0.1420617  -0.33194063 -0.28621157 -0.27600874
 -0.15294422  0.          0.          0.          0.          0.          0.
  0.          0.          0.          0.          0.          0.          0.
  0.          0.          0.          0.          0.          0.          0.
  0.          0.          0.          0.          0.          0.          0.
  0.          0.          0.          0.          0.          0.          0.
  0.          0.          0.          0.          0.          0.          0.
  0.          0.          0.          0.          0.          0.          0.
  0.        ]
[-0.50526879  0.36031988  0.43100971 -0.53962595  0.68709404 -0.15559352
 -0.09652666 -0.04954949 -0.07705189 -0.20590379 -0.13936191 -0.08093331
 -0.15284821 -0.493526   -0.21031908 -0.09458376 -0.05693721 -0.17169944
 -0.0590179  -0.01612316 -0.24410299 -0.08069826 -0.42111566 -0.08933012
  0.73164656  0.29328005 -0.14142171 -0.33154134 -0.28605898 -0.27594587
 -0.15292114  0.          0.          0.          0.          0.          0.
  0.          0.          0.          0.          0.          0.          0.
  0.          0.          0.          0.          0.          0.          0.
  0.          0.          0.          0.          0.          0.          0.
  0.          0.          0.          0.          0.          0.          0.
  0.          0.          0.          0.          0.          0.          0.
  0.          0.          0.          0.          0.          0.          0.
  0.        ]
[-0.50526879 -0.63968012  0.46764314  0.47736864 -0.36291895 -0.13333601
  0.80785684 -0.16225041 -0.05006906 -0.37274057 -0.12695982 -0.46801619
 -0.10171003 -0.2801019   0.93857267 -0.49323941  0.8247837  -0.7135067
 -0.03316251 -0.01734562 -0.03347934 -0.12917546 -0.05965826 -0.09652619
  0.79450658 -0.12998237 -0.14174414 -0.33175284 -0.28614001  0.72402074
 -0.15298563  0.          0.          0.          0.          0.          0.
  0.          0.          0.          0.          0.          0.          0.
  0.          0.          0.          0.          0.          0.          0.
  0.          0.          0.          0.          0.          0.          0.
  0.          0.          0.          0.          0.          0.          0.
  0.          0.          0.          0.          0.          0.          0.
  0.          0.          0.          0.          0.          0.          0.
  0.        ]
[ 0.49473121  0.30574634  0.41086002 -0.55390114 -0.27176963 -0.0618658
 -0.03132512 -0.05196706  0.83927136 -0.10676356 -0.14026058 -0.06785837
  0.83308983  0.60150703 -0.38284744  0.67800375  0.77887086  0.          0.
  0.          0.          0.          0.          0.          0.          0.
  0.          0.          0.          0.          0.          0.          0.
  0.          0.          0.          0.          0.          0.          0.
  0.          0.          0.          0.          0.          0.          0.
  0.          0.          0.          0.          0.          0.          0.
  0.          0.          0.          0.          0.          0.          0.
  0.          0.          0.          0.          0.          0.          0.
  0.          0.          0.          0.          0.          0.          0.
  0.          0.          0.          0.          0.        ]
[-0.50526879  0.36031988  0.43100971 -0.53962595 -0.31290596 -0.10797491
 -0.06711047 -0.03410491 -0.05579193 -0.1674873  -0.07498134  0.88914194
 -0.25688688 -0.72182795 -0.134874   -0.48192582 -0.0936031  -0.05647237
 -0.05898175 -0.17098081 -0.01607368 -0.24392167 -0.0806458  -0.42106545
 -0.0893181  -0.2683422  -0.1413853   0.66848182 -0.28605342 -0.27594354
 -0.15292029  0.          0.          0.          0.          0.          0.
  0.          0.          0.          0.          0.          0.          0.
  0.          0.          0.          0.          0.          0.          0.
  0.          0.          0.          0.          0.          0.          0.
  0.          0.          0.          0.          0.          0.          0.
  0.          0.          0.          0.          0.          0.          0.
  0.          0.          0.          0.          0.          0.          0.
  0.        ]
[ 0.49473121  0.30574634 -0.58913998  0.5543663   0.66744401 -0.16954704
  0.72755067 -0.41219979 -0.26145294 -0.42434138  0.67177718 -0.34725492
 -0.18188463  0.          0.          0.          0.          0.          0.
  0.          0.          0.          0.          0.          0.          0.
  0.          0.          0.          0.          0.          0.          0.
  0.          0.          0.          0.          0.          0.          0.
  0.          0.          0.          0.          0.          0.          0.
  0.          0.          0.          0.          0.          0.          0.
  0.          0.          0.          0.          0.          0.          0.
  0.          0.          0.          0.          0.          0.          0.
  0.          0.          0.          0.          0.          0.          0.
  0.          0.          0.          0.          0.        ]
[-0.50526879  0.36031988  0.43100971 -0.53962595 -0.31290596 -0.24771657
  0.58760458 -0.40206775 -0.33382308 -0.17625326  0.          0.          0.
  0.          0.          0.          0.          0.          0.          0.
  0.          0.          0.          0.          0.          0.          0.
  0.          0.          0.          0.          0.          0.          0.
  0.          0.          0.          0.          0.          0.          0.
  0.          0.          0.          0.          0.          0.          0.
  0.          0.          0.          0.          0.          0.          0.
  0.          0.          0.          0.          0.          0.          0.
  0.          0.          0.          0.          0.          0.          0.
  0.          0.          0.          0.          0.          0.          0.
  0.          0.          0.          0.        ]
