0.320365397383,0.630623154034, 1.0
0.613516190889,0.634369479985, 0.0
0.530437125783,0.889111193965, 1.0
0.682117786571,0.631829908264, 1.0
0.910203159733,0.765308002598, 1.0
0.981422687959,0.933559039548, 1.0
0.992841011132,0.860299073935, 1.0
0.320365397383,0.630623154034, 1.0
0.613516190889,0.634369479985, 0.0
0.530437125783,0.539128408399, 1.0
0.829561593189,0.715954053392, 1.0
0.961284419938,0.976326370879, 1.0
0.976958094599,0.931513096538, 1.0
0.991094110911,0.859258602981, 0.0
0.320365397383,0.630623154034, 1.0
0.613516190889,0.634369479985, 0.0
0.530437125783,0.889111193965, 1.0
0.682117786571,0.79639967888, 1.0
0.84709566096,0.773491709831, 1.0
0.320365397383,0.630623154034, 1.0
0.613516190889,0.634369479985, 1.0
0.860926648841,0.956011236306, 1.0
0.914831739256,0.768140768484, 1.0
0.982470046939,0.815393883259, 1.0
0.996558985827,0.940495394178, 1.0
0.998687166004,0.863781101279, 1.0
0.320365397383,0.630623154034, 1.0
0.613516190889,0.634369479985, 0.0
0.530437125783,0.889111193965, 1.0
0.682117786571,0.625716047678, 1.0
0.912032311582,0.772344995676, 1.0
0.981401714206,0.933549428123, 1.0
0.992832828777,0.860294200444, 1.0
0.320365397383,0.630623154034, 1.0
0.613516190889,0.634369479985, 0.0
0.530437125783,0.584886771648, 1.0
0.80788059242,0.854031698823, 1.0
0.320365397383,0.630623154034, 1.0
0.613516190889,0.634369479985, 1.0
0.860926648841,0.956011236306, 1.0
0.914831739256,0.903043094409, 1.0
0.965660178945,0.844109902935, 1.0
0.320365397383,0.630623154034, 1.0
0.613516190889,0.634369479985, 0.0
0.530437125783,0.889111193965, 1.0
0.682117786571,0.631829908264, 1.0
0.910203159733,0.765308002598, 1.0
0.981422687959,0.933559039548, 1.0
0.992841011132,0.860299073935, 1.0
0.320365397383,0.630623154034, 1.0
0.613516190889,0.634369479985, 1.0
0.860926648841,0.741111141847, 1.0
0.968855320503,0.977858926476, 0.0
0.793007159499,0.693582145939, 1.0
0.950795496059,0.919523833173, 0.0
0.786910329926,0.737644734688, 1.0
0.320365397383,0.630623154034, 1.0
0.613516190889,0.634369479985, 0.0
0.530437125783,0.726890551689, 1.0
0.741638397602,0.710680326505, 0.0
0.320365397383,0.630623154034, 1.0
0.613516190889,0.634369479985, 0.0
0.530437125783,0.889111193965, 0.0
0.472722786764,0.497562904981, 0.0
0.496927393964,0.518648523992, 1.0
0.805132096932,0.852772174231, 1.0
0.914943402701,0.813902492158, 1.0
0.320365397383,0.630623154034, 0.0
0.296017696031,0.445264253555, 1.0
0.530437125783,0.889111193965, 1.0
0.682117786571,0.79639967888, 0.0
0.522023920908,0.579875784073, 1.0
0.320365397383,0.630623154034, 0.0
0.296017696031,0.445264253555, 1.0
0.530437125783,0.889111193965, 1.0
0.682117786571,0.79639967888, 0.0
0.522023920908,0.579875784073, 0.0
0.320365397383,0.630623154034, 1.0
0.613516190889,0.634369479985, 0.0
0.530437125783,0.889111193965, 1.0
0.682117786571,0.625716047678, 1.0
0.912032311582,0.901760229651, 1.0
0.964462296595,0.843396432426, 1.0
