0.185020480657,0.681017742777, 1.0
0.619400237144,0.731548656123, 0.0
0.705670569737,0.918540217966, 1.0
0.822628181132,0.841800308021, 1.0
0.919394022505,0.893931956031, 1.0
0.962449317161,0.953511399956, 1.0
0.977553427577,0.900118011882, 1.0
0.185020480657,0.681017742777, 0.0
0.46395764107,0.64105707596, 1.0
0.705670569737,0.918540217966, 1.0
0.822628181132,0.908455220804, 1.0
0.89835803551,0.861295065768, 1.0
0.185020480657,0.681017742777, 1.0
0.619400237144,0.731548656123, 1.0
0.83013737006,0.947519538852, 1.0
0.898938954022,0.933577508733, 1.0
0.943018363565,0.883306331263, 1.0
0.185020480657,0.681017742777, 0.0
0.46395764107,0.64105707596, 0.0
0.676823099618,0.911114225216, 1.0
0.805990187658,0.902640280075, 1.0
0.888895810898,0.856534808148, 0.0
0.185020480657,0.681017742777, 1.0
0.619400237144,0.731548656123, 0.0
0.705670569737,0.785645973436, 1.0
0.862828894295,0.868225312011, 1.0
0.936866421766,0.969096022421, 1.0
0.957548989935,0.951993610646, 1.0
0.97467497029,0.898725450867, 0.0
0.185020480657,0.681017742777, 1.0
0.619400237144,0.731548656123, 0.0
0.705670569737,0.868906973184, 1.0
0.836718348907,0.830314557329, 0.0
0.185020480657,0.681017742777, 1.0
0.619400237144,0.731548656123, 0.0
0.705670569737,0.918540217966, 1.0
0.822628181132,0.841800308021, 1.0
0.919394022505,0.893931956031, 1.0
0.962449317161,0.953511399956, 1.0
0.977553427577,0.900118011882, 1.0
0.185020480657,0.681017742777, 0.0
0.46395764107,0.64105707596, 0.0
0.676823099618,0.911114225216, 1.0
0.805990187658,0.902640280075, 1.0
0.888895810898,0.856534808148, 0.0
0.185020480657,0.681017742777, 1.0
0.619400237144,0.731548656123, 0.0
0.705670569737,0.918540217966, 1.0
0.822628181132,0.849106788849, 1.0
0.917261746221,0.886857835914, 1.0
0.962534290757,0.953538305325, 1.0
0.977601744004,0.900141529662, 1.0
0.185020480657,0.681017742777, 0.0
0.46395764107,0.64105707596, 1.0
0.705670569737,0.918540217966, 1.0
0.822628181132,0.841800308021, 1.0
0.919394022505,0.893931956031, 1.0
0.962449317161,0.953511399956, 1.0
0.977553427577,0.900118011882, 0.0
0.185020480657,0.681017742777, 1.0
0.619400237144,0.731548656123, 1.0
0.83013737006,0.912661339493, 1.0
0.908959559353,0.8667983326, 1.0
0.185020480657,0.681017742777, 1.0
0.619400237144,0.731548656123, 0.0
0.705670569737,0.918540217966, 1.0
0.822628181132,0.841800308021, 1.0
0.919394022505,0.893931956031, 1.0
0.962449317161,0.953511399956, 1.0
0.977553427577,0.900118011882, 1.0
0.185020480657,0.681017742777, 0.0
0.46395764107,0.64105707596, 1.0
0.705670569737,0.918540217966, 1.0
0.822628181132,0.908455220804, 1.0
0.89835803551,0.861295065768, 1.0
0.185020480657,0.681017742777, 0.0
0.46395764107,0.64105707596, 1.0
0.705670569737,0.918540217966, 1.0
0.822628181132,0.841800308021, 0.0
0.656960143294,0.772931470422, 1.0
0.81179861364,0.907318292839, 1.0
0.882135344513,0.854077691041, 1.0
0.185020480657,0.681017742777, 1.0
0.619400237144,0.731548656123, 0.0
0.705670569737,0.918540217966, 1.0
0.822628181132,0.908455220804, 1.0
0.89835803551,0.861295065768, 0.0
0.185020480657,0.681017742777, 1.0
0.619400237144,0.731548656123, 1.0
0.83013737006,0.912661339493, 1.0
0.908959559353,0.8667983326, 1.0
