-0.1448,0.363853361311, 0.0
0.0415841904429,0.386610514109, 0.0
0.118987347502,0.444166268465, 0.0
0.135289505358,0.454480827878, 0.0
0.138397682664,0.456315207813, 1.0
0.413555531756,0.632599729851, 0.0
0.220273013926,0.504914744046, 0.0
0.155067116875,0.465818775397, 1.0
0.44050274906,0.645950705252, 0.0
0.229167934312,0.509654889053, 0.0
-0.1448,0.363853361311, 1.0
0.040035076149,0.553114978093, 0.0
0.195988843922,0.507467359009, 0.0
0.158235160382,0.469487721193, 0.0
0.143194691637,0.459191974236, 0.0
0.139823720749,0.457130200076, 1.0
0.415923526225,0.633774816183, 1.0
0.722988040732,0.797714626351, 1.0
0.892318416439,0.873550751446, 0.0
0.701829563492,0.763677594639, 0.0
-0.1448,0.363853361311, 0.0
0.0415841904429,0.386610514109, 1.0
0.195988843922,0.507467359009, 1.0
0.508653511391,0.694734961947, 1.0
0.78287050159,0.830553242775, 0.0
0.51099909251,0.666012842227, 0.0
0.240826856146,0.512835536752, 0.0
0.157433963636,0.466691501886, 1.0
0.443899191982,0.647197244212, 1.0
0.743051242425,0.805832597998, 1.0
-0.1448,0.363853361311, 0.0
0.0415841904429,0.386610514109, 0.0
0.118987347502,0.444166268465, 1.0
0.379182410503,0.614507850542, 1.0
0.694962409253,0.785376752539, 1.0
0.879688182172,0.869079906935, 1.0
0.954150119645,0.896330702239, 1.0
0.981806925276,0.904090449233, 1.0
0.99242252589,0.90628327894, 1.0
0.996725634002,0.906932119756, 1.0
-0.1448,0.363853361311, 0.0
0.0415841904429,0.386610514109, 0.0
0.118987347502,0.444166268465, 0.0
0.135289505358,0.454480827878, 0.0
0.138397682664,0.456315207813, 0.0
0.138947778211,0.456627813341, 0.0
0.13904041888,0.456679248241, 0.0
0.139055517631,0.456687502875, 1.0
0.414646630706,0.63313772032, 1.0
0.722048045705,0.797319949826, 0.0
-0.1448,0.363853361311, 0.0
0.0415841904429,0.386610514109, 0.0
0.118987347502,0.444166268465, 0.0
0.135289505358,0.454480827878, 1.0
0.408308490857,0.629940875285, 0.0
0.21856942276,0.503996081023, 0.0
0.154744818989,0.465645124398, 1.0
0.440002832093,0.645712292569, 0.0
0.229004850985,0.509569751911, 1.0
0.544221699718,0.698635753806, 1.0
-0.1448,0.363853361311, 0.0
0.0415841904429,0.386610514109, 0.0
0.118987347502,0.444166268465, 1.0
0.379182410503,0.614507850542, 1.0
0.694962409253,0.785376752539, 1.0
0.879688182172,0.869079906935, 1.0
0.954150119645,0.896330702239, 1.0
0.981806925276,0.904090449233, 1.0
0.99242252589,0.90628327894, 1.0
0.996725634002,0.906932119756, 1.0
-0.1448,0.363853361311, 0.0
0.0415841904429,0.386610514109, 0.0
0.118987347502,0.444166268465, 1.0
0.379182410503,0.614507850542, 1.0
0.694962409253,0.785376752539, 1.0
0.879688182172,0.869079906935, 1.0
0.954150119645,0.896330702239, 1.0
0.981806925276,0.904090449233, 1.0
0.99242252589,0.90628327894, 0.0
0.987442960568,0.90304032934, 1.0
-0.1448,0.363853361311, 0.0
0.0415841904429,0.386610514109, 0.0
0.118987347502,0.444166268465, 0.0
0.135289505358,0.454480827878, 0.0
0.138397682664,0.456315207813, 0.0
0.138947778211,0.456627813341, 1.0
0.414469060661,0.633051379684, 1.0
0.72191696886,0.797266240028, 1.0
0.891837872475,0.8733902825, 1.0
0.958853971088,0.897603247597, 1.0
-0.1448,0.363853361311, 0.0
0.0415841904429,0.386610514109, 0.0
0.118987347502,0.444166268465, 0.0
0.135289505358,0.454480827878, 0.0
0.138397682664,0.456315207813, 0.0
0.138947778211,0.456627813341, 1.0
0.414469060661,0.633051379684, 0.0
0.220562786358,0.505068988829, 1.0
0.533779178688,0.693734333955, 0.0
0.267969210901,0.530680941945, 1.0
-0.1448,0.363853361311, 0.0
0.0415841904429,0.386610514109, 1.0
0.195988843922,0.507467359009, 0.0
0.158235160382,0.469487721193, 0.0
0.143194691637,0.459191974236, 1.0
0.421572026487,0.636704337156, 1.0
0.727108245096,0.79950945919, 1.0
0.894140475948,0.8741878283, 1.0
0.959745577573,0.897837809652, 1.0
0.983995980266,0.904523206624, 1.0
-0.1448,0.363853361311, 1.0
0.040035076149,0.553114978093, 1.0
0.37447207108,0.728215270315, 1.0
0.689453726959,0.841476127273, 1.0
0.862333850004,0.885966845014, 1.0
0.939921734022,0.90029890105, 1.0
0.973478670234,0.904827770075, 1.0
0.988139619724,0.906340550643, 0.0
0.987958222676,0.905110982659, 1.0
0.995011324277,0.906602166923, 1.0
-0.1448,0.363853361311, 0.0
0.0415841904429,0.386610514109, 1.0
0.195988843922,0.507467359009, 0.0
0.158235160382,0.469487721193, 0.0
0.143194691637,0.459191974236, 0.0
0.139823720749,0.457130200076, 1.0
0.415923526225,0.633774816183, 0.0
0.221029323987,0.505318129543, 1.0
0.534362996978,0.694008703076, 1.0
0.800573774749,0.830886803798, 1.0
-0.1448,0.363853361311, 0.0
0.0415841904429,0.386610514109, 1.0
0.195988843922,0.507467359009, 1.0
0.508653511391,0.694734961947, 0.0
0.271842030642,0.535727986463, 1.0
0.594244989281,0.724655974856, 0.0
0.300549717488,0.548323235366, 1.0
0.623709373154,0.736397641249, 1.0
0.849604508602,0.850366898745, 1.0
0.944902697393,0.89097617154, 1.0
-0.1448,0.363853361311, 0.0
0.0415841904429,0.386610514109, 0.0
0.118987347502,0.444166268465, 0.0
0.135289505358,0.454480827878, 1.0
0.408308490857,0.629940875285, 0.0
0.21856942276,0.503996081023, 1.0
0.53127281065,0.692549471857, 0.0
0.266876608999,0.530109873005, 1.0
0.588230824988,0.71956329707, 1.0
0.830995133418,0.842972273241, 1.0
-0.1448,0.363853361311, 0.0
0.0415841904429,0.386610514109, 1.0
0.195988843922,0.507467359009, 1.0
0.508653511391,0.694734961947, 1.0
0.78287050159,0.830553242775, 1.0
0.915767170064,0.884418932249, 1.0
0.967074418473,0.900687124, 1.0
0.986533528298,0.905291756539, 1.0
0.994259438412,0.906624518846, 1.0
0.997481529253,0.907035204957, 1.0
-0.1448,0.363853361311, 0.0
0.0415841904429,0.386610514109, 0.0
0.118987347502,0.444166268465, 0.0
0.135289505358,0.454480827878, 0.0
0.138397682664,0.456315207813, 1.0
0.413555531756,0.632599729851, 1.0
0.721242444326,0.796985466744, 1.0
0.891534438109,0.873289615426, 1.0
0.958734819304,0.897573414296, 1.0
0.983598437899,0.904447018711, 1.0
-0.1448,0.363853361311, 1.0
0.040035076149,0.553114978093, 0.0
0.195988843922,0.507467359009, 1.0
0.508653511391,0.694734961947, 1.0
0.78287050159,0.830553242775, 1.0
0.915767170064,0.884418932249, 1.0
0.967074418473,0.900687124, 1.0
0.986533528298,0.905291756539, 1.0
0.994259438412,0.906624518846, 1.0
0.997481529253,0.907035204957, 1.0
-0.1448,0.363853361311, 0.0
0.0415841904429,0.386610514109, 0.0
0.118987347502,0.444166268465, 0.0
0.135289505358,0.454480827878, 0.0
0.138397682664,0.456315207813, 1.0
0.413555531756,0.632599729851, 1.0
0.721242444326,0.796985466744, 1.0
0.891534438109,0.873289615426, 1.0
0.958734819304,0.897573414296, 1.0
0.983598437899,0.904447018711, 1.0
-0.1448,0.363853361311, 0.0
0.0415841904429,0.386610514109, 0.0
0.118987347502,0.444166268465, 0.0
0.135289505358,0.454480827878, 1.0
0.408308490857,0.629940875285, 1.0
0.717348420429,0.795326327092, 1.0
0.889788475034,0.872694653226, 1.0
0.958053887926,0.897397619017, 1.0
0.983329618781,0.904396206882, 1.0
0.99304469237,0.906374580398, 1.0
-0.1448,0.363853361311, 0.0
0.0415841904429,0.386610514109, 0.0
0.118987347502,0.444166268465, 1.0
0.379182410503,0.614507850542, 0.0
0.20903573336,0.498740456223, 0.0
0.15290781066,0.464641209403, 1.0
0.437134056158,0.644330954502, 1.0
0.738259104593,0.804111182296, 1.0
0.899097042016,0.875815805283, 1.0
0.961688410647,0.898318721456, 1.0
-0.1448,0.363853361311, 0.0
0.0415841904429,0.386610514109, 0.0
0.118987347502,0.444166268465, 0.0
0.135289505358,0.454480827878, 0.0
0.138397682664,0.456315207813, 1.0
0.413555531756,0.632599729851, 0.0
0.220273013926,0.504914744046, 0.0
0.155067116875,0.465818775397, 0.0
0.141817477248,0.458224411128, 1.0
0.419181542181,0.635349118196, 0.0
-0.1448,0.363853361311, 0.0
0.0415841904429,0.386610514109, 0.0
0.118987347502,0.444166268465, 1.0
0.379182410503,0.614507850542, 1.0
0.694962409253,0.785376752539, 1.0
0.879688182172,0.869079906935, 1.0
0.954150119645,0.896330702239, 1.0
0.981806925276,0.904090449233, 1.0
0.99242252589,0.90628327894, 1.0
0.996725634002,0.906932119756, 1.0
-0.1448,0.363853361311, 0.0
0.0415841904429,0.386610514109, 0.0
0.118987347502,0.444166268465, 1.0
0.379182410503,0.614507850542, 1.0
0.694962409253,0.785376752539, 0.0
0.395640276307,0.602652908226, 0.0
0.198670102828,0.489808513412, 1.0
0.503883518817,0.676608383243, 0.0
0.252325974435,0.521839600798, 1.0
0.571773323138,0.71143824934, 0.0
-0.1448,0.363853361311, 0.0
0.0415841904429,0.386610514109, 1.0
0.195988843922,0.507467359009, 0.0
0.158235160382,0.469487721193, 0.0
0.143194691637,0.459191974236, 0.0
0.139823720749,0.457130200076, 1.0
0.415923526225,0.633774816183, 1.0
0.722988040732,0.797714626351, 1.0
0.892318416439,0.873550751446, 1.0
0.959042244616,0.897650739401, 1.0
-0.1448,0.363853361311, 0.0
0.0415841904429,0.386610514109, 1.0
0.195988843922,0.507467359009, 1.0
0.508653511391,0.694734961947, 1.0
0.78287050159,0.830553242775, 1.0
0.915767170064,0.884418932249, 1.0
0.967074418473,0.900687124, 0.0
0.922364619294,0.874407296267, 1.0
0.973886998535,0.898307494608, 1.0
0.990703385697,0.904828612635, 1.0
-0.1448,0.363853361311, 0.0
0.0415841904429,0.386610514109, 0.0
0.118987347502,0.444166268465, 0.0
0.135289505358,0.454480827878, 1.0
0.408308490857,0.629940875285, 0.0
0.21856942276,0.503996081023, 0.0
0.154744818989,0.465645124398, 1.0
0.440002832093,0.645712292569, 1.0
0.740280644248,0.804931361926, 0.0
0.437720213191,0.624510007286, 0.0
-0.1448,0.363853361311, 0.0
0.0415841904429,0.386610514109, 0.0
0.118987347502,0.444166268465, 0.0
0.135289505358,0.454480827878, 0.0
0.138397682664,0.456315207813, 0.0
0.138947778211,0.456627813341, 0.0
0.13904041888,0.456679248241, 0.0
0.139055517631,0.456687502875, 0.0
0.139057924304,0.45668880456, 0.0
0.139058301958,0.456689007243, 0.0
-0.1448,0.363853361311, 1.0
0.040035076149,0.553114978093, 0.0
0.195988843922,0.507467359009, 0.0
0.158235160382,0.469487721193, 1.0
0.446635159228,0.650680752465, 0.0
0.232828673933,0.511933444674, 1.0
0.548973124973,0.701130110843, 1.0
0.809060161267,0.834355556331, 1.0
0.928676501461,0.885928090921, 1.0
0.972958509703,0.901239449057, 1.0
-0.1448,0.363853361311, 0.0
0.0415841904429,0.386610514109, 0.0
0.118987347502,0.444166268465, 1.0
0.379182410503,0.614507850542, 0.0
0.20903573336,0.498740456223, 0.0
0.15290781066,0.464641209403, 0.0
0.141463152557,0.458033007925, 0.0
0.139455095518,0.456906905149, 0.0
0.139122045231,0.456723591766, 1.0
0.414755672611,0.633190010021, 1.0
-0.1448,0.363853361311, 0.0
0.0415841904429,0.386610514109, 0.0
0.118987347502,0.444166268465, 0.0
0.135289505358,0.454480827878, 0.0
0.138397682664,0.456315207813, 0.0
0.138947778211,0.456627813341, 0.0
0.13904041888,0.456679248241, 0.0
0.139055517631,0.456687502875, 0.0
0.139057924304,0.45668880456, 0.0
0.139058301958,0.456689007243, 1.0
-0.1448,0.363853361311, 0.0
0.0415841904429,0.386610514109, 0.0
0.118987347502,0.444166268465, 0.0
0.135289505358,0.454480827878, 0.0
0.138397682664,0.456315207813, 1.0
0.413555531756,0.632599729851, 1.0
0.721242444326,0.796985466744, 0.0
0.419650296807,0.61522974999, 0.0
0.205797305268,0.493605339416, 1.0
0.513393718502,0.681102188551, 1.0
-0.1448,0.363853361311, 1.0
0.040035076149,0.553114978093, 0.0
0.195988843922,0.507467359009, 0.0
0.158235160382,0.469487721193, 1.0
0.446635159228,0.650680752465, 1.0
0.744714434755,0.807734960964, 0.0
0.444774171231,0.628544422688, 1.0
0.745830190075,0.795716112208, 1.0
0.905907765021,0.873340285747, 1.0
0.965975622953,0.897798096191, 1.0
-0.1448,0.363853361311, 0.0
0.0415841904429,0.386610514109, 0.0
0.118987347502,0.444166268465, 0.0
0.135289505358,0.454480827878, 0.0
0.138397682664,0.456315207813, 0.0
0.138947778211,0.456627813341, 0.0
0.13904041888,0.456679248241, 0.0
0.139055517631,0.456687502875, 1.0
0.414646630706,0.63313772032, 0.0
0.220617982605,0.505098101678, 1.0
-0.1448,0.363853361311, 0.0
0.0415841904429,0.386610514109, 1.0
0.195988843922,0.507467359009, 0.0
0.158235160382,0.469487721193, 1.0
0.446635159228,0.650680752465, 1.0
0.744714434755,0.807734960964, 1.0
0.901649523512,0.877040480867, 0.0
0.723943146964,0.774863753577, 0.0
0.369553450333,0.580912613513, 0.0
0.186022061861,0.481828117277, 0.0
-0.1448,0.363853361311, 1.0
0.040035076149,0.553114978093, 0.0
0.195988843922,0.507467359009, 0.0
0.158235160382,0.469487721193, 0.0
0.143194691637,0.459191974236, 0.0
0.139823720749,0.457130200076, 0.0
0.139190117155,0.456762851192, 0.0
0.139080129423,0.45670101201, 0.0
0.139061870221,0.45669094478, 0.0
0.139058923703,0.456689341612, 1.0
-0.1448,0.363853361311, 0.0
0.0415841904429,0.386610514109, 0.0
0.118987347502,0.444166268465, 0.0
0.135289505358,0.454480827878, 0.0
0.138397682664,0.456315207813, 1.0
0.413555531756,0.632599729851, 1.0
0.721242444326,0.796985466744, 0.0
0.419650296807,0.61522974999, 1.0
0.727413411288,0.787190472483, 0.0
0.395614760371,0.598058587611, 1.0
-0.1448,0.363853361311, 0.0
0.0415841904429,0.386610514109, 0.0
0.118987347502,0.444166268465, 0.0
0.135289505358,0.454480827878, 0.0
0.138397682664,0.456315207813, 0.0
0.138947778211,0.456627813341, 0.0
0.13904041888,0.456679248241, 0.0
0.139055517631,0.456687502875, 0.0
0.139057924304,0.45668880456, 0.0
0.139058301958,0.456689007243, 0.0
-0.1448,0.363853361311, 1.0
0.040035076149,0.553114978093, 0.0
0.195988843922,0.507467359009, 0.0
0.158235160382,0.469487721193, 0.0
0.143194691637,0.459191974236, 1.0
0.421572026487,0.636704337156, 0.0
0.222961627064,0.506372239556, 1.0
0.53678057116,0.695163177342, 0.0
0.269300911451,0.531379332969, 0.0
0.164912131325,0.471126648731, 1.0
-0.1448,0.363853361311, 1.0
0.040035076149,0.553114978093, 1.0
0.37447207108,0.728215270315, 1.0
0.689453726959,0.841476127273, 1.0
0.862333850004,0.885966845014, 1.0
0.939921734022,0.90029890105, 1.0
0.973478670234,0.904827770075, 1.0
0.988139619724,0.906340550643, 1.0
0.994647141713,0.906887458584, 1.0
0.997570377225,0.907100717698, 1.0
-0.1448,0.363853361311, 0.0
0.0415841904429,0.386610514109, 0.0
0.118987347502,0.444166268465, 1.0
0.379182410503,0.614507850542, 0.0
0.20903573336,0.498740456223, 0.0
0.15290781066,0.464641209403, 1.0
0.437134056158,0.644330954502, 1.0
0.738259104593,0.804111182296, 1.0
0.899097042016,0.875815805283, 1.0
0.961688410647,0.898318721456, 1.0
-0.1448,0.363853361311, 1.0
0.040035076149,0.553114978093, 0.0
0.195988843922,0.507467359009, 0.0
0.158235160382,0.469487721193, 1.0
0.446635159228,0.650680752465, 1.0
0.744714434755,0.807734960964, 1.0
0.901649523512,0.877040480867, 1.0
0.962552938584,0.898661845841, 1.0
0.985066346675,0.904755564461, 1.0
0.99374972794,0.906481063626, 1.0
-0.1448,0.363853361311, 0.0
0.0415841904429,0.386610514109, 1.0
0.195988843922,0.507467359009, 0.0
0.158235160382,0.469487721193, 1.0
0.446635159228,0.650680752465, 1.0
0.744714434755,0.807734960964, 1.0
0.901649523512,0.877040480867, 1.0
0.962552938584,0.898661845841, 1.0
0.985066346675,0.904755564461, 1.0
0.99374972794,0.906481063626, 1.0
-0.1448,0.363853361311, 0.0
0.0415841904429,0.386610514109, 1.0
0.195988843922,0.507467359009, 0.0
0.158235160382,0.469487721193, 0.0
0.143194691637,0.459191974236, 1.0
0.421572026487,0.636704337156, 0.0
0.222961627064,0.506372239556, 1.0
0.53678057116,0.695163177342, 1.0
0.801997712924,0.831456413281, 1.0
0.925806372809,0.884993071129, 1.0
-0.1448,0.363853361311, 0.0
0.0415841904429,0.386610514109, 0.0
0.118987347502,0.444166268465, 1.0
0.379182410503,0.614507850542, 0.0
0.20903573336,0.498740456223, 1.0
0.519032822652,0.686658720891, 1.0
0.791409580393,0.827205512841, 1.0
0.921427195765,0.883603653284, 1.0
0.970172323948,0.900568951213, 1.0
0.988078089663,0.905306652144, 1.0
-0.1448,0.363853361311, 0.0
0.0415841904429,0.386610514109, 1.0
0.195988843922,0.507467359009, 1.0
0.508653511391,0.694734961947, 1.0
0.78287050159,0.830553242775, 1.0
0.915767170064,0.884418932249, 1.0
0.967074418473,0.900687124, 1.0
0.986533528298,0.905291756539, 1.0
0.994259438412,0.906624518846, 1.0
0.997481529253,0.907035204957, 1.0
-0.1448,0.363853361311, 1.0
0.040035076149,0.553114978093, 1.0
0.37447207108,0.728215270315, 1.0
0.689453726959,0.841476127273, 0.0
0.562910338598,0.718255681602, 1.0
0.814780302735,0.841851270832, 1.0
0.929337114813,0.888107431254, 1.0
0.972522194061,0.901777109881, 1.0
0.988778956163,0.905620353322, 1.0
0.995218856409,0.90673053726, 1.0
-0.1448,0.363853361311, 1.0
0.040035076149,0.553114978093, 0.0
0.195988843922,0.507467359009, 1.0
0.508653511391,0.694734961947, 1.0
0.78287050159,0.830553242775, 1.0
0.915767170064,0.884418932249, 1.0
0.967074418473,0.900687124, 1.0
0.986533528298,0.905291756539, 1.0
0.994259438412,0.906624518846, 1.0
0.997481529253,0.907035204957, 1.0
-0.1448,0.363853361311, 1.0
0.040035076149,0.553114978093, 0.0
0.195988843922,0.507467359009, 1.0
0.508653511391,0.694734961947, 1.0
0.78287050159,0.830553242775, 0.0
0.51099909251,0.666012842227, 1.0
0.78950845368,0.817296637716, 1.0
0.923534848302,0.88068790434, 1.0
0.972244642681,0.899883526784, 1.0
0.98933149018,0.905175003011, 1.0
-0.1448,0.363853361311, 0.0
0.0415841904429,0.386610514109, 0.0
0.118987347502,0.444166268465, 1.0
0.379182410503,0.614507850542, 1.0
0.694962409253,0.785376752539, 1.0
0.879688182172,0.869079906935, 0.0
0.675521376454,0.750554211387, 1.0
0.877927627479,0.856730495805, 1.0
0.957457306722,0.893106434771, 1.0
0.984580851244,0.903371984006, 1.0
-0.1448,0.363853361311, 1.0
0.040035076149,0.553114978093, 1.0
0.37447207108,0.728215270315, 1.0
0.689453726959,0.841476127273, 1.0
0.862333850004,0.885966845014, 1.0
0.939921734022,0.90029890105, 1.0
0.973478670234,0.904827770075, 1.0
0.988139619724,0.906340550643, 1.0
0.994647141713,0.906887458584, 1.0
0.997570377225,0.907100717698, 1.0
-0.1448,0.363853361311, 0.0
0.0415841904429,0.386610514109, 0.0
0.118987347502,0.444166268465, 1.0
0.379182410503,0.614507850542, 1.0
0.694962409253,0.785376752539, 1.0
0.879688182172,0.869079906935, 1.0
0.954150119645,0.896330702239, 1.0
0.981806925276,0.904090449233, 0.0
0.960741551537,0.891561726088, 0.0
0.832956446449,0.823057135024, 1.0
-0.1448,0.363853361311, 0.0
0.0415841904429,0.386610514109, 1.0
0.195988843922,0.507467359009, 1.0
0.508653511391,0.694734961947, 1.0
0.78287050159,0.830553242775, 1.0
0.915767170064,0.884418932249, 1.0
0.967074418473,0.900687124, 1.0
0.986533528298,0.905291756539, 1.0
0.994259438412,0.906624518846, 1.0
0.997481529253,0.907035204957, 1.0
-0.1448,0.363853361311, 0.0
0.0415841904429,0.386610514109, 0.0
0.118987347502,0.444166268465, 1.0
0.379182410503,0.614507850542, 1.0
0.694962409253,0.785376752539, 0.0
0.395640276307,0.602652908226, 0.0
0.198670102828,0.489808513412, 0.0
0.149429682192,0.462361771869, 1.0
0.431395051501,0.641213013182, 1.0
0.734215037921,0.802266016017, 1.0
-0.1448,0.363853361311, 0.0
0.0415841904429,0.386610514109, 0.0
0.118987347502,0.444166268465, 0.0
0.135289505358,0.454480827878, 0.0
0.138397682664,0.456315207813, 1.0
0.413555531756,0.632599729851, 1.0
0.721242444326,0.796985466744, 0.0
0.419650296807,0.61522974999, 1.0
0.727413411288,0.787190472483, 1.0
0.897951234663,0.870281053728, 1.0
-0.1448,0.363853361311, 0.0
0.0415841904429,0.386610514109, 0.0
0.118987347502,0.444166268465, 0.0
0.135289505358,0.454480827878, 0.0
0.138397682664,0.456315207813, 0.0
0.138947778211,0.456627813341, 1.0
0.414469060661,0.633051379684, 0.0
0.220562786358,0.505068988829, 0.0
0.155121059687,0.46584758708, 0.0
0.141826084956,0.45822899163, 0.0
-0.1448,0.363853361311, 0.0
0.0415841904429,0.386610514109, 1.0
0.195988843922,0.507467359009, 1.0
0.508653511391,0.694734961947, 1.0
0.78287050159,0.830553242775, 1.0
0.915767170064,0.884418932249, 1.0
0.967074418473,0.900687124, 1.0
0.986533528298,0.905291756539, 1.0
0.994259438412,0.906624518846, 1.0
0.997481529253,0.907035204957, 1.0
-0.1448,0.363853361311, 0.0
0.0415841904429,0.386610514109, 0.0
0.118987347502,0.444166268465, 1.0
0.379182410503,0.614507850542, 0.0
0.20903573336,0.498740456223, 0.0
0.15290781066,0.464641209403, 0.0
0.141463152557,0.458033007925, 1.0
0.418606366304,0.635074087501, 0.0
0.221865179452,0.505758016134, 0.0
0.155361828391,0.465975645204, 1.0
-0.1448,0.363853361311, 1.0
0.040035076149,0.553114978093, 1.0
0.37447207108,0.728215270315, 1.0
0.689453726959,0.841476127273, 1.0
0.862333850004,0.885966845014, 1.0
0.939921734022,0.90029890105, 0.0
0.9181559708,0.881948878967, 1.0
0.969119909782,0.900116163204, 1.0
0.987731547638,0.90518647211, 1.0
0.994874514399,0.906616487004, 1.0
-0.1448,0.363853361311, 0.0
0.0415841904429,0.386610514109, 1.0
0.195988843922,0.507467359009, 0.0
0.158235160382,0.469487721193, 0.0
0.143194691637,0.459191974236, 1.0
0.421572026487,0.636704337156, 0.0
0.222961627064,0.506372239556, 1.0
0.53678057116,0.695163177342, 0.0
0.269300911451,0.531379332969, 1.0
0.590884566015,0.720790227036, 0.0
-0.1448,0.363853361311, 0.0
0.0415841904429,0.386610514109, 0.0
0.118987347502,0.444166268465, 1.0
0.379182410503,0.614507850542, 0.0
0.20903573336,0.498740456223, 0.0
0.15290781066,0.464641209403, 0.0
0.141463152557,0.458033007925, 1.0
0.418606366304,0.635074087501, 0.0
0.221865179452,0.505758016134, 0.0
0.155361828391,0.465975645204, 1.0
-0.1448,0.363853361311, 0.0
0.0415841904429,0.386610514109, 0.0
0.118987347502,0.444166268465, 1.0
0.379182410503,0.614507850542, 1.0
0.694962409253,0.785376752539, 0.0
0.395640276307,0.602652908226, 0.0
0.198670102828,0.489808513412, 1.0
0.503883518817,0.676608383243, 1.0
0.782576997046,0.822165652406, 1.0
0.918196642345,0.881996675852, 1.0
-0.1448,0.363853361311, 0.0
0.0415841904429,0.386610514109, 0.0
0.118987347502,0.444166268465, 0.0
0.135289505358,0.454480827878, 1.0
0.408308490857,0.629940875285, 1.0
0.717348420429,0.795326327092, 1.0
0.889788475034,0.872694653226, 1.0
0.958053887926,0.897397619017, 1.0
0.983329618781,0.904396206882, 1.0
0.99304469237,0.906374580398, 1.0
-0.1448,0.363853361311, 0.0
0.0415841904429,0.386610514109, 1.0
0.195988843922,0.507467359009, 0.0
0.158235160382,0.469487721193, 0.0
0.143194691637,0.459191974236, 0.0
0.139823720749,0.457130200076, 1.0
0.415923526225,0.633774816183, 1.0
0.722988040732,0.797714626351, 1.0
0.892318416439,0.873550751446, 1.0
0.959042244616,0.897650739401, 1.0
-0.1448,0.363853361311, 0.0
0.0415841904429,0.386610514109, 0.0
0.118987347502,0.444166268465, 0.0
0.135289505358,0.454480827878, 0.0
0.138397682664,0.456315207813, 0.0
0.138947778211,0.456627813341, 0.0
0.13904041888,0.456679248241, 0.0
0.139055517631,0.456687502875, 1.0
0.414646630706,0.63313772032, 0.0
0.220617982605,0.505098101678, 1.0
-0.1448,0.363853361311, 1.0
0.040035076149,0.553114978093, 0.0
0.195988843922,0.507467359009, 0.0
0.158235160382,0.469487721193, 0.0
0.143194691637,0.459191974236, 1.0
0.421572026487,0.636704337156, 1.0
0.727108245096,0.79950945919, 0.0
0.425245788658,0.618134767405, 0.0
0.207507840162,0.494512187135, 1.0
0.515644697415,0.682162065333, 1.0
-0.1448,0.363853361311, 1.0
0.040035076149,0.553114978093, 1.0
0.37447207108,0.728215270315, 1.0
0.689453726959,0.841476127273, 1.0
0.862333850004,0.885966845014, 1.0
0.939921734022,0.90029890105, 1.0
0.973478670234,0.904827770075, 0.0
0.969150082519,0.899878742911, 1.0
0.987832067996,0.905131391419, 1.0
0.994943120881,0.906605160297, 1.0
-0.1448,0.363853361311, 0.0
0.0415841904429,0.386610514109, 1.0
0.195988843922,0.507467359009, 1.0
0.508653511391,0.694734961947, 0.0
0.271842030642,0.535727986463, 1.0
0.594244989281,0.724655974856, 1.0
0.833700196389,0.845146243226, 1.0
0.938280183408,0.889313226848, 1.0
0.976513418519,0.902194617761, 1.0
0.990557977798,0.905771932816, 1.0
-0.1448,0.363853361311, 0.0
0.0415841904429,0.386610514109, 0.0
0.118987347502,0.444166268465, 0.0
0.135289505358,0.454480827878, 0.0
0.138397682664,0.456315207813, 0.0
0.138947778211,0.456627813341, 1.0
0.414469060661,0.633051379684, 1.0
0.72191696886,0.797266240028, 0.0
0.420262551228,0.615543882343, 0.0
0.205980305744,0.493701724048, 1.0
-0.1448,0.363853361311, 1.0
0.040035076149,0.553114978093, 0.0
0.195988843922,0.507467359009, 0.0
0.158235160382,0.469487721193, 1.0
0.446635159228,0.650680752465, 1.0
0.744714434755,0.807734960964, 1.0
0.901649523512,0.877040480867, 1.0
0.962552938584,0.898661845841, 1.0
0.985066346675,0.904755564461, 1.0
0.99374972794,0.906481063626, 1.0
