0.1792,0.394036048076, 1.0
0.514817453805,0.582541812198, 1.0
0.779193626656,0.731033590303, 1.0
0.926406541271,0.813718452617, 1.0
0.978653134425,0.843063720134, 1.0
0.994080515477,0.851728794673, 0.0
0.977733350523,0.842547106456, 1.0
0.993820672194,0.851582848876, 1.0
0.998308087676,0.854103288963, 1.0
0.999538473443,0.854794357936, 1.0
0.999874231171,0.854982942487, 0.0
0.999513539437,0.854780353289, 1.0
0.999867433765,0.854979124598, 1.0
0.999963884718,0.855033298064, 0.0
0.999860248783,0.85497508902, 1.0
0.999961927073,0.855032198517, 1.0
0.999989628528,0.855047757552, 1.0
0.999997174765,0.855051996036, 1.0
0.1792,0.394036048076, 0.0
0.240130200089,0.428258624392, 1.0
0.44248964623,0.541917558365, 0.0
0.420155437041,0.529373135775, 1.0
0.696382956095,0.684521442158, 1.0
0.889546374747,0.793015256829, 0.0
0.722253775275,0.699052267306, 0.0
0.543674975717,0.598750174299, 0.0
0.452764267508,0.547688489862, 1.0
0.727585829145,0.702047114201, 1.0
0.904200839885,0.801246208816, 1.0
0.971657536387,0.839134512822, 0.0
0.903637701395,0.800929911645, 1.0
0.971476495615,0.839032827916, 1.0
0.99204233152,0.850584010872, 1.0
0.997817947228,0.853827992495, 1.0
0.999404529156,0.854719125644, 0.0
0.997702046663,0.853762894794, 0.0
0.1792,0.394036048076, 1.0
0.514817453805,0.582541812198, 0.0
0.44248964623,0.541917558365, 0.0
0.420155437041,0.529373135775, 0.0
0.414090771719,0.525966804078, 1.0
0.690219349638,0.68105953834, 0.0
0.522723345211,0.586982302654, 0.0
0.445218056009,0.543450020293, 0.0
0.420920756558,0.529802991668, 1.0
0.69715232238,0.684953570993, 1.0
0.889919849544,0.793225025871, 1.0
0.967009074668,0.836523618131, 1.0
0.990761005644,0.849864330442, 1.0
0.997463891442,0.853629130499, 0.0
0.990304594308,0.849607978555, 1.0
0.997337593128,0.85355819271, 1.0
0.999273153615,0.854645336136, 1.0
0.999801886376,0.854942308692, 1.0
0.1792,0.394036048076, 0.0
0.240130200089,0.428258624392, 1.0
0.44248964623,0.541917558365, 1.0
0.718091464353,0.696714428222, 1.0
0.899846258335,0.79880037737, 1.0
0.97025281371,0.838345524291, 1.0
0.991692326241,0.850387423919, 1.0
0.997721308861,0.853773713764, 1.0
0.999378107233,0.854704285281, 1.0
0.999830507893,0.854958384498, 1.0
0.999953823519,0.855027647005, 1.0
0.999987420949,0.855046517625, 1.0
0.999996573405,0.855051658271, 1.0
0.999999066586,0.855053058612, 1.0
0.999999745736,0.855053440069, 1.0
0.999999930738,0.855053543979, 1.0
0.999999981133,0.855053572285, 1.0
0.999999994861,0.855053579995, 1.0
0.1792,0.394036048076, 0.0
0.240130200089,0.428258624392, 0.0
0.375460124243,0.504269184844, 0.0
0.402934963059,0.519700937354, 1.0
0.678562269748,0.674512123337, 1.0
0.880714374603,0.788054600233, 1.0
0.963948088079,0.834804358273, 1.0
0.989877430138,0.849368053881, 1.0
0.997219300953,0.853491751717, 1.0
0.999240784965,0.854627155684, 1.0
0.999793058236,0.854937350204, 1.0
0.999943618976,0.855021915434, 1.0
0.999984640974,0.8550449562, 1.0
0.999995816116,0.855051232926, 1.0
0.999998860297,0.855052942746, 1.0
0.999999689542,0.855053408507, 1.0
0.999999915431,0.855053535382, 1.0
0.999999976963,0.855053569943, 1.0
0.1792,0.394036048076, 0.0
0.240130200089,0.428258624392, 0.0
0.375460124243,0.504269184844, 0.0
0.402934963059,0.519700937354, 0.0
0.40964533876,0.523469944254, 0.0
0.41135471524,0.52443004724, 0.0
0.411794775817,0.52467721542, 0.0
0.411908371715,0.524741018662, 0.0
0.411937715488,0.524757500136, 1.0
0.688002189327,0.679814229152, 1.0
0.885436565992,0.790706906559, 0.0
0.715625613251,0.695329437242, 1.0
0.898700662345,0.798156932147, 1.0
0.969881425977,0.838136927487, 1.0
0.991585955782,0.850327678979, 1.0
0.997691928228,0.853757211587, 1.0
0.999370073426,0.854699772945, 1.0
0.999828317199,0.854957154054, 1.0
0.1792,0.394036048076, 0.0
0.240130200089,0.428258624392, 0.0
0.375460124243,0.504269184844, 0.0
0.402934963059,0.519700937354, 1.0
0.678562269748,0.674512123337, 0.0
0.515732119088,0.583055550908, 1.0
0.779888196386,0.731423708267, 0.0
0.589323187137,0.624389338403, 1.0
0.83055296997,0.759880517501, 1.0
0.946315601382,0.824900745274, 1.0
0.984696490252,0.846458082957, 1.0
0.99577782955,0.852682122584, 1.0
0.998845839898,0.854405327466, 1.0
0.999685303846,0.854876827953, 1.0
0.999914253781,0.855005421928, 1.0
0.999976640893,0.855040462806, 1.0
0.999993636807,0.855050008877, 1.0
0.999998266644,0.85505260931, 1.0
0.1792,0.394036048076, 0.0
0.240130200089,0.428258624392, 0.0
0.375460124243,0.504269184844, 0.0
0.402934963059,0.519700937354, 1.0
0.678562269748,0.674512123337, 1.0
0.880714374603,0.788054600233, 1.0
0.963948088079,0.834804358273, 1.0
0.989877430138,0.849368053881, 1.0
0.997219300953,0.853491751717, 1.0
0.999240784965,0.854627155684, 0.0
0.997072482189,0.853409288237, 1.0
0.999200601662,0.854604585987, 1.0
0.99978209809,0.854931194235, 1.0
0.999940632359,0.855020237946, 1.0
0.999983827336,0.855044499205, 0.0
0.999937412381,0.855018429385, 1.0
0.999982950119,0.8550440065, 1.0
0.999995355511,0.855050974218, 1.0
0.1792,0.394036048076, 0.0
0.240130200089,0.428258624392, 0.0
0.375460124243,0.504269184844, 1.0
0.647953970514,0.6573204047, 1.0
0.864687096409,0.779052582344, 1.0
0.958493435499,0.831740651541, 0.0
0.866420627496,0.780026252213, 1.0
0.959091262385,0.832076432093, 1.0
0.988465966537,0.848575279186, 1.0
0.996827831906,0.85327187587, 1.0
0.999133620789,0.854566964938, 1.0
0.999763827186,0.854920932043, 1.0
0.999935653456,0.855017441453, 1.0
0.999982470933,0.855043737356, 1.0
0.999995224976,0.855050900901, 1.0
0.999998699268,0.855052852302, 1.0
0.999999645678,0.85505338387, 1.0
0.999999903482,0.85505352867, 1.0
0.1792,0.394036048076, 1.0
0.514817453805,0.582541812198, 1.0
0.779193626656,0.731033590303, 1.0
0.926406541271,0.813718452617, 1.0
0.978653134425,0.843063720134, 1.0
0.994080515477,0.851728794673, 1.0
0.998379583462,0.854143445896, 1.0
0.999558002531,0.85480532681, 1.0
0.999879554915,0.854985932667, 1.0
0.999967187236,0.855035152985, 1.0
0.999991061492,0.855048562403, 1.0
0.999997565114,0.855052215283, 1.0
0.999999336731,0.855053210344, 1.0
0.999999819324,0.855053481402, 1.0
0.999999950783,0.855053555238, 1.0
0.999999986593,0.855053575352, 1.0
0.999999996348,0.85505358083, 1.0
0.999999999005,0.855053582323, 1.0
0.1792,0.394036048076, 0.0
0.240130200089,0.428258624392, 0.0
0.375460124243,0.504269184844, 1.0
0.647953970514,0.6573204047, 1.0
0.864687096409,0.779052582344, 1.0
0.958493435499,0.831740651541, 1.0
0.988291417418,0.848477240438, 1.0
0.996779356604,0.853244648819, 1.0
0.999120345891,0.854559508846, 1.0
0.999760205846,0.85491889805, 1.0
0.999934666607,0.855016887171, 1.0
0.999982202085,0.855043586353, 1.0
0.999995151739,0.855050859766, 1.0
0.999998679318,0.855052841096, 1.0
0.999999640243,0.855053380818, 1.0
0.999999902001,0.855053527839, 0.0
0.999999620719,0.855053369852, 1.0
0.999999896683,0.855053524852, 1.0
0.1792,0.394036048076, 1.0
0.514817453805,0.582541812198, 0.0
0.44248964623,0.541917558365, 0.0
0.420155437041,0.529373135775, 0.0
0.414090771719,0.525966804078, 0.0
0.41250310374,0.525075060928, 0.0
0.412091482328,0.524843866132, 0.0
0.41198503381,0.524784077349, 0.0
0.411957523377,0.524768625604, 1.0
0.688022657088,0.679825725249, 1.0
0.885446696679,0.790712596648, 1.0
0.96552810445,0.835691803756, 1.0
0.990334088357,0.849624544435, 0.0
0.96427576009,0.834988401332, 1.0
0.989972235415,0.849421303023, 1.0
0.997245562126,0.853506501792, 1.0
0.999247971438,0.8546311921, 1.0
0.999795018296,0.854938451108, 1.0
0.1792,0.394036048076, 1.0
0.514817453805,0.582541812198, 1.0
0.779193626656,0.731033590303, 1.0
0.926406541271,0.813718452617, 1.0
0.978653134425,0.843063720134, 0.0
0.925177874352,0.813028349067, 0.0
0.787884074403,0.735914741372, 0.0
0.596652909447,0.628506212807, 0.0
0.474164808667,0.559708500496, 0.0
0.429392296679,0.53456118921, 0.0
0.416556601265,0.527351782951, 0.0
0.413145685983,0.525435979156, 0.0
0.412257880392,0.524937326689, 0.0
0.412028052338,0.524808239502, 1.0
0.688095525012,0.67986665287, 1.0
0.885482759507,0.790732852004, 0.0
0.71569916476,0.695370748811, 1.0
0.898734921673,0.798176174533, 1.0
