0.233918180144,0.381860665163, 0.0
0.318685574462,0.369713168388, 0.0
0.463434839073,0.433485945139, 0.0
0.514089558737,0.456833441671, 1.0
0.841590134717,0.652959804007, 0.0
0.742388193446,0.592291661784, 0.0
0.652701388869,0.537534403234, 0.0
0.595679513312,0.502757731835, 1.0
0.89817888486,0.686101067579, 0.0
0.809898136825,0.63255267579, 1.0
0.233918180144,0.381860665163, 1.0
0.586730564925,0.527609555682, 1.0
0.812418219473,0.641088878513, 1.0
0.948710079279,0.718048952319, 1.0
0.989237942317,0.741504932969, 1.0
0.997971050537,0.746613415479, 1.0
0.999636047973,0.747593206129, 1.0
0.999936601664,0.747770748008, 1.0
0.999989176095,0.747801886529, 1.0
0.999998179231,0.747807229082, 1.0
0.233918180144,0.381860665163, 0.0
0.318685574462,0.369713168388, 0.0
0.463434839073,0.433485945139, 0.0
0.514089558737,0.456833441671, 0.0
0.533157886091,0.465970331543, 1.0
0.861764421275,0.664386922412, 0.0
0.763837551868,0.604840291149, 0.0
0.66868957849,0.547016483826, 0.0
0.604535796995,0.508042421462, 0.0
0.571181806912,0.487784771238, 0.0
0.233918180144,0.381860665163, 1.0
0.586730564925,0.527609555682, 1.0
0.812418219473,0.641088878513, 1.0
0.948710079279,0.718048952319, 1.0
0.989237942317,0.741504932969, 0.0
0.975341558853,0.733043208309, 1.0
0.996045366616,0.745440598116, 0.0
0.990449576978,0.742042975862, 1.0
0.998602514924,0.746965022951, 1.0
0.99979655834,0.747685598635, 1.0
0.233918180144,0.381860665163, 1.0
0.586730564925,0.527609555682, 1.0
0.812418219473,0.641088878513, 1.0
0.948710079279,0.718048952319, 1.0
0.989237942317,0.741504932969, 1.0
0.997971050537,0.746613415479, 0.0
0.995190459019,0.744922467706, 1.0
0.999259053192,0.747363855608, 1.0
0.999886049393,0.747739976859, 1.0
0.99998244416,0.747797786002, 1.0
0.233918180144,0.381860665163, 1.0
0.586730564925,0.527609555682, 1.0
0.812418219473,0.641088878513, 0.0
0.721004559615,0.582651074763, 0.0
0.639766962241,0.531243577325, 1.0
0.911020412489,0.694336980406, 1.0
0.985118322307,0.738868751349, 1.0
0.997705953109,0.746430758508, 1.0
0.999650026718,0.747598228145, 1.0
0.999946553406,0.747776238598, 1.0
0.233918180144,0.381860665163, 0.0
0.318685574462,0.369713168388, 0.0
0.463434839073,0.433485945139, 0.0
0.514089558737,0.456833441671, 0.0
0.533157886091,0.465970331543, 0.0
0.540588288451,0.469650737139, 0.0
0.54353041704,0.471149754722, 1.0
0.871659829253,0.670029111019, 1.0
0.979163873432,0.735181824154, 1.0
0.997026455069,0.746006536871, 1.0
0.233918180144,0.381860665163, 1.0
0.586730564925,0.527609555682, 1.0
0.812418219473,0.641088878513, 1.0
0.948710079279,0.718048952319, 1.0
0.989237942317,0.741504932969, 1.0
0.997971050537,0.746613415479, 1.0
0.999636047973,0.747593206129, 1.0
0.999936601664,0.747770748008, 1.0
0.999989176095,0.747801886529, 1.0
0.999998179231,0.747807229082, 1.0
0.233918180144,0.381860665163, 0.0
0.318685574462,0.369713168388, 1.0
0.566716323962,0.49868062895, 0.0
0.554982939105,0.483245830272, 1.0
0.860899213821,0.665027249887, 0.0
0.765201573007,0.606376929852, 0.0
0.67045268867,0.548438305904, 0.0
0.605685883582,0.508888159457, 0.0
0.571748480932,0.488184845173, 1.0
0.886964437337,0.679284238303, 0.0
0.233918180144,0.381860665163, 0.0
0.318685574462,0.369713168388, 0.0
0.463434839073,0.433485945139, 0.0
0.514089558737,0.456833441671, 1.0
0.841590134717,0.652959804007, 0.0
0.742388193446,0.592291661784, 1.0
0.94805059394,0.716459646343, 0.0
0.88999303696,0.68121333405, 0.0
0.798850947662,0.625901898281, 0.0
0.698151189526,0.564800823883, 0.0
0.233918180144,0.381860665163, 1.0
0.586730564925,0.527609555682, 1.0
0.812418219473,0.641088878513, 0.0
0.721004559615,0.582651074763, 0.0
0.639766962241,0.531243577325, 0.0
0.589186582879,0.499446206414, 1.0
0.893088488813,0.683194191868, 1.0
0.982655895549,0.73732960074, 1.0
0.997460092978,0.746274337606, 1.0
0.999632830097,0.747586643322, 1.0
0.233918180144,0.381860665163, 0.0
0.318685574462,0.369713168388, 0.0
0.463434839073,0.433485945139, 1.0
0.780940472584,0.618785159987, 1.0
0.949430933555,0.717918485192, 1.0
0.990712231025,0.74230504726, 1.0
0.998399564122,0.746858294209, 0.0
0.9961558858,0.745494965605, 1.0
0.99942418069,0.747461938248, 1.0
0.99991370816,0.747756425871, 0.0
0.233918180144,0.381860665163, 0.0
0.318685574462,0.369713168388, 0.0
0.463434839073,0.433485945139, 0.0
0.514089558737,0.456833441671, 0.0
0.533157886091,0.465970331543, 0.0
0.540588288451,0.469650737139, 1.0
0.868983530884,0.668497407446, 1.0
0.978421398328,0.734748398537, 1.0
0.996878927132,0.745919788626, 1.0
0.999556793167,0.747540198836, 1.0
0.233918180144,0.381860665163, 0.0
0.318685574462,0.369713168388, 1.0
0.566716323962,0.49868062895, 0.0
0.554982939105,0.483245830272, 0.0
0.549465488267,0.476530645311, 0.0
0.547110491959,0.473855471447, 1.0
0.871814310532,0.670290076736, 1.0
0.978759773672,0.734967431102, 0.0
0.950709408173,0.717949901191, 0.0
0.894382210042,0.683784086492, 1.0
0.233918180144,0.381860665163, 0.0
0.318685574462,0.369713168388, 0.0
0.463434839073,0.433485945139, 0.0
0.514089558737,0.456833441671, 1.0
0.841590134717,0.652959804007, 1.0
0.97019035346,0.729961546378, 1.0
0.995185293222,0.744926060243, 1.0
0.999242674647,0.747354987884, 1.0
0.999881307833,0.747737269289, 1.0
0.999981398403,0.747797178266, 1.0
0.233918180144,0.381860665163, 0.0
0.318685574462,0.369713168388, 1.0
0.566716323962,0.49868062895, 0.0
0.554982939105,0.483245830272, 0.0
0.549465488267,0.476530645311, 0.0
0.547110491959,0.473855471447, 1.0
0.871814310532,0.670290076736, 0.0
0.775608018568,0.611865803112, 0.0
0.678109845818,0.552675266097, 0.0
0.609984536474,0.511324554053, 1.0
0.233918180144,0.381860665163, 1.0
0.586730564925,0.527609555682, 1.0
0.812418219473,0.641088878513, 1.0
0.948710079279,0.718048952319, 1.0
0.989237942317,0.741504932969, 1.0
0.997971050537,0.746613415479, 1.0
0.999636047973,0.747593206129, 1.0
0.999936601664,0.747770748008, 1.0
0.999989176095,0.747801886529, 1.0
0.999998179231,0.747807229082, 1.0
0.233918180144,0.381860665163, 1.0
0.586730564925,0.527609555682, 0.0
0.566716323962,0.49868062895, 1.0
0.842723028159,0.656117567934, 1.0
0.964019019072,0.726677514057, 1.0
0.993171117116,0.743779752772, 1.0
0.998784958825,0.74708934749, 1.0
0.999790115616,0.747683849821, 1.0
0.999964406285,0.747787170277, 1.0
0.999994043657,0.74780476917, 0.0
0.233918180144,0.381860665163, 0.0
0.318685574462,0.369713168388, 0.0
0.463434839073,0.433485945139, 1.0
0.780940472584,0.618785159987, 0.0
0.686669441586,0.559794648571, 0.0
0.616008179844,0.515817754579, 0.0
0.576839701566,0.491533277705, 1.0
0.888599801712,0.680352809913, 1.0
0.982153978034,0.737004041528, 0.0
0.958072033994,0.722397189752, 0.0
