RMSE: 0.459543167508


Errors: (prediction - observation)

[ 0.38186067  0.36971317  0.43348595 -0.54316656  0.6529598   0.59229166
  0.5375344  -0.49724227  0.68610107 -0.36744732  0.        ]
[-0.61813933 -0.47239044 -0.35891112 -0.28195105 -0.25849507 -0.25338658
 -0.25240679 -0.25222925 -0.25219811 -0.25219277  0.        ]
[ 0.38186067  0.36971317  0.43348595  0.45683344 -0.53402967  0.66438692
  0.60484029  0.54701648  0.50804242  0.48778477  0.        ]
[-0.61813933 -0.47239044 -0.35891112 -0.28195105  0.74150493 -0.26695679
  0.7454406  -0.25795702 -0.25303498 -0.2523144   0.        ]
[-0.61813933 -0.47239044 -0.35891112 -0.28195105 -0.25849507  0.74661342
 -0.25507753 -0.25263614 -0.25226002 -0.25220221  0.        ]
[-0.61813933 -0.47239044  0.64108888  0.58265107 -0.46875642 -0.30566302
 -0.26113125 -0.25356924 -0.25240177 -0.25222376  0.        ]
[ 0.38186067  0.36971317  0.43348595  0.45683344  0.46597033  0.46965074
 -0.52885025 -0.32997089 -0.26481818 -0.25399346  0.        ]
[-0.61813933 -0.47239044 -0.35891112 -0.28195105 -0.25849507 -0.25338658
 -0.25240679 -0.25222925 -0.25219811 -0.25219277  0.        ]
[ 0.38186067 -0.63028683  0.49868063 -0.51675417  0.66502725  0.60637693
  0.54843831  0.50888816 -0.51181515  0.67928424  0.        ]
[ 0.38186067  0.36971317  0.43348595 -0.54316656  0.6529598  -0.40770834
  0.71645965  0.68121333  0.6259019   0.56480082  0.        ]
[-0.61813933 -0.47239044  0.64108888  0.58265107  0.53124358 -0.50055379
 -0.31680581 -0.2626704  -0.25372566 -0.25241336  0.        ]
[ 0.38186067  0.36971317 -0.56651405 -0.38121484 -0.28208151 -0.25769495
  0.74685829 -0.25450503 -0.25253806  0.74775643  0.        ]
[ 0.38186067  0.36971317  0.43348595  0.45683344  0.46597033 -0.53034926
 -0.33150259 -0.2652516  -0.25408021 -0.2524598   0.        ]
[ 0.38186067 -0.63028683  0.49868063  0.48324583  0.47653065 -0.52614453
 -0.32970992  0.73496743  0.7179499  -0.31621591  0.        ]
[ 0.38186067  0.36971317  0.43348595 -0.54316656 -0.3470402  -0.27003845
 -0.25507394 -0.25264501 -0.25226273 -0.25220282  0.        ]
[ 0.38186067 -0.63028683  0.49868063  0.48324583  0.47653065 -0.52614453
  0.67029008  0.6118658   0.55267527 -0.48867545  0.        ]
[-0.61813933 -0.47239044 -0.35891112 -0.28195105 -0.25849507 -0.25338658
 -0.25240679 -0.25222925 -0.25219811 -0.25219277  0.        ]
[-0.61813933  0.52760956 -0.50131937 -0.34388243 -0.27332249 -0.25622025
 -0.25291065 -0.25231615 -0.25221283  0.74780477  0.        ]
[ 0.38186067  0.36971317 -0.56651405  0.61878516  0.55979465  0.51581775
 -0.50846672 -0.31964719  0.73700404  0.72239719  0.        ]
