RMSE: 0.457853499243


Errors: (prediction - observation)

[ 0.35252879 -0.51053802 -0.43327948 -0.26595384 -0.15417508  0.89092956
  0.78631744 -0.45904767 -0.28242771 -0.16225921  0.        ]
[ 0.35252879 -0.51053802  0.56672052  0.46261744 -0.59274719  0.54135843
 -0.58892542 -0.44932282  0.72646543  0.48688181  0.        ]
[-0.64747121  0.61386309 -0.43327948  0.73404616 -0.49903987  0.67599406
  0.45774348  0.39328194  0.38313404 -0.61828487  0.        ]
[ 0.35252879  0.48946198  0.55090204  0.45992747 -0.59294401 -0.45905576
 -0.28255478  0.83767871 -0.37977368 -0.21902163  0.        ]
[ 0.35252879 -0.51053802 -0.43327948 -0.26595384 -0.15417508 -0.10907044
  0.90567119 -0.1322627  -0.10171734  0.90792462  0.        ]
[ 0.35252879  0.48946198  0.55090204  0.45992747 -0.59294401  0.54094424
  0.41098834  0.38582046  0.38211649  0.38157994  0.        ]
[-0.64747121 -0.38613691 -0.23612571  0.85984534 -0.32349348  0.81597591
 -0.41858982  0.75235452  0.50696552  0.40253873  0.        ]
[-0.64747121 -0.38613691  0.76387429  0.54774732 -0.57584174 -0.4290392
 -0.25616155 -0.14973322 -0.10756963 -0.09386758  0.        ]
[ 0.35252879  0.48946198  0.55090204  0.45992747  0.40705599 -0.61141178
 -0.49249139 -0.31603844 -0.17983764 -0.11829029  0.        ]
[-0.64747121  0.61386309  0.56672052 -0.53738256 -0.37568236 -0.21636859
 -0.1324971  -0.10179325 -0.09209839 -0.08918378  0.        ]
[ 0.35252879  0.48946198  0.55090204  0.45992747 -0.59294401 -0.45905576
 -0.28255478 -0.16232129 -0.11195056 -0.09522589  0.        ]
[ 0.35252879  0.48946198  0.55090204  0.45992747  0.40705599  0.38858822
 -0.61666486 -0.50268072 -0.32726537  0.81385724  0.        ]
[ 0.35252879  0.48946198 -0.44909796 -0.28146428  0.83829397 -0.37742643
 -0.21745141 -0.13294789 -0.10194206 -0.09214373  0.        ]
[ 0.35252879  0.48946198 -0.44909796  0.71853572  0.49068099  0.40238163
  0.38520302  0.38219116  0.38162927  0.38151506  0.        ]
[ 0.35252879  0.48946198 -0.44909796 -0.28146428 -0.16170603 -0.11170133
  0.90485459 -0.13748331 -0.10343926  0.90739992  0.        ]
[-0.64747121  0.61386309  0.56672052 -0.53738256  0.62431764 -0.56214069
  0.59430729 -0.57485344 -0.4253198  -0.25303457  0.        ]
[-0.64747121 -0.38613691  0.76387429 -0.45225268 -0.27812175 -0.16011713
  0.88883388 -0.22345306 -0.13543225 -0.1027603   0.        ]
[ 0.35252879 -0.51053802 -0.43327948  0.73404616  0.50096013 -0.59563017
  0.538109   -0.59027885  0.54838631  0.41208973  0.        ]
[ 0.35252879  0.48946198  0.55090204 -0.54007253 -0.3796076  -0.21905234
 -0.1335986  -0.10215486 -0.09220842 -0.08921649  0.        ]
[ 0.35252879  0.48946198  0.55090204  0.45992747 -0.59294401 -0.45905576
  0.71744522 -0.51910009  0.65342323  0.44673434  0.        ]
[-0.64747121 -0.38613691 -0.23612571 -0.14015466 -0.10422643 -0.09283237
 -0.08940151 -0.08838484 -0.08808503 -0.08799674  0.        ]
[ 0.35252879  0.48946198 -0.44909796 -0.28146428 -0.16170603 -0.11170133
 -0.09514541 -0.09009239 -0.08858904 -0.0881452   0.        ]
[ 0.35252879 -0.51053802  0.56672052  0.46261744  0.40725281 -0.61145172
 -0.4925566  -0.31610797 -0.17987598 -0.1183045   0.        ]
[ 0.35252879  0.48946198  0.55090204  0.45992747 -0.59294401 -0.45905576
 -0.28255478 -0.16232129 -0.11195056 -0.09522589  0.        ]
[ 0.35252879 -0.51053802  0.56672052  0.46261744  0.40725281 -0.61145172
 -0.4925566  -0.31610797 -0.17987598  0.8816955   0.        ]
[-0.64747121  0.61386309 -0.43327948 -0.26595384 -0.15417508 -0.10907044
 -0.09432881 -0.08984821 -0.08851684  0.91187608  0.        ]
[-0.64747121 -0.38613691 -0.23612571 -0.14015466 -0.10422643 -0.09283237
 -0.08940151 -0.08838484 -0.08808503 -0.08799674  0.        ]
