RMSE: 0.437411277237


Errors: (prediction - observation)

[ 0.36385336  0.38661051  0.44416627  0.45448083 -0.54368479  0.63259973
  0.50491474 -0.53418122  0.64595071  0.50965489  0.        ]
[-0.63614664  0.55311498  0.50746736  0.46948772  0.45919197 -0.5428698
 -0.36622518 -0.20228537  0.87355075  0.76367759  0.        ]
[ 0.36385336 -0.61338949 -0.49253264 -0.30526504  0.83055324  0.66601284
  0.51283554 -0.5333085  -0.35280276 -0.1941674   0.        ]
[ 0.36385336  0.38661051 -0.55583373 -0.38549215 -0.21462325 -0.13092009
 -0.1036693  -0.09590955 -0.09371672 -0.09306788  0.        ]
[ 0.36385336  0.38661051  0.44416627  0.45448083  0.45631521  0.45662781
  0.45667925 -0.5433125  -0.36686228  0.79731995  0.        ]
[ 0.36385336  0.38661051  0.44416627 -0.54551917  0.62994088  0.50399608
 -0.53435488  0.64571229 -0.49043025 -0.30136425  0.        ]
[ 0.36385336  0.38661051 -0.55583373 -0.38549215 -0.21462325 -0.13092009
 -0.1036693  -0.09590955 -0.09371672 -0.09306788  0.        ]
[ 0.36385336  0.38661051 -0.55583373 -0.38549215 -0.21462325 -0.13092009
 -0.1036693  -0.09590955  0.90628328 -0.09695967  0.        ]
[ 0.36385336  0.38661051  0.44416627  0.45448083  0.45631521 -0.54337219
 -0.36694862 -0.20273376 -0.12660972 -0.10239675  0.        ]
[ 0.36385336  0.38661051  0.44416627  0.45448083  0.45631521 -0.54337219
  0.63305138 -0.49493101  0.69373433 -0.46931906  0.        ]
[ 0.36385336 -0.61338949  0.50746736  0.46948772 -0.54080803 -0.36329566
 -0.20049054 -0.12581217 -0.10216219 -0.09547679  0.        ]
[-0.63614664 -0.44688502 -0.27178473 -0.15852387 -0.11403315 -0.0997011
 -0.09517223  0.90634055 -0.09488902 -0.09339783  0.        ]
[ 0.36385336 -0.61338949  0.50746736  0.46948772  0.45919197 -0.5428698
  0.63377482 -0.49468187 -0.3059913  -0.1691132   0.        ]
[ 0.36385336 -0.61338949 -0.49253264  0.69473496 -0.46427201  0.72465597
 -0.45167676 -0.26360236 -0.1496331  -0.10902383  0.        ]
[ 0.36385336  0.38661051  0.44416627 -0.54551917  0.62994088 -0.49600392
  0.69254947 -0.46989013 -0.2804367  -0.15702773  0.        ]
[ 0.36385336 -0.61338949 -0.49253264 -0.30526504 -0.16944676 -0.11558107
 -0.09931288 -0.09470824 -0.09337548 -0.0929648   0.        ]
[ 0.36385336  0.38661051  0.44416627  0.45448083 -0.54368479 -0.36740027
 -0.20301453 -0.12671038 -0.10242659 -0.09555298  0.        ]
[-0.63614664  0.55311498 -0.49253264 -0.30526504 -0.16944676 -0.11558107
 -0.09931288 -0.09470824 -0.09337548 -0.0929648   0.        ]
[ 0.36385336  0.38661051  0.44416627  0.45448083 -0.54368479 -0.36740027
 -0.20301453 -0.12671038 -0.10242659 -0.09555298  0.        ]
[ 0.36385336  0.38661051  0.44416627 -0.54551917 -0.37005912 -0.20467367
 -0.12730535 -0.10260238 -0.09560379 -0.09362542  0.        ]
[ 0.36385336  0.38661051 -0.55583373  0.61450785  0.49874046 -0.53535879
 -0.35566905 -0.19588882 -0.12418419 -0.10168128  0.        ]
[ 0.36385336  0.38661051  0.44416627  0.45448083 -0.54368479  0.63259973
  0.50491474  0.46581878 -0.54177559  0.63534912  0.        ]
[ 0.36385336  0.38661051 -0.55583373 -0.38549215 -0.21462325 -0.13092009
 -0.1036693  -0.09590955 -0.09371672 -0.09306788  0.        ]
[ 0.36385336  0.38661051 -0.55583373 -0.38549215  0.78537675  0.60265291
 -0.51019149  0.67660838 -0.4781604   0.71143825  0.        ]
[ 0.36385336 -0.61338949  0.50746736  0.46948772  0.45919197 -0.5428698
 -0.36622518 -0.20228537 -0.12644925 -0.10234926  0.        ]
[ 0.36385336 -0.61338949 -0.49253264 -0.30526504 -0.16944676 -0.11558107
  0.90068712 -0.1255927  -0.10169251 -0.09517139  0.        ]
[ 0.36385336  0.38661051  0.44416627 -0.54551917  0.62994088  0.50399608
 -0.53435488 -0.35428771  0.80493136  0.62451001  0.        ]
[ 0.36385336  0.38661051  0.44416627  0.45448083  0.45631521  0.45662781
  0.45667925  0.4566875   0.4566888   0.45668901  0.        ]
[-0.63614664  0.55311498  0.50746736 -0.53051228  0.65068075 -0.48806656
 -0.29886989 -0.16564444 -0.11407191 -0.09876055  0.        ]
[ 0.36385336  0.38661051 -0.55583373  0.61450785  0.49874046  0.46464121
  0.45803301  0.45690691 -0.54327641 -0.36680999  0.        ]
[ 0.36385336  0.38661051  0.44416627  0.45448083  0.45631521  0.45662781
  0.45667925  0.4566875   0.4566888  -0.54331099  0.        ]
[ 0.36385336  0.38661051  0.44416627  0.45448083 -0.54368479 -0.36740027
  0.79698547  0.61522975 -0.50639466 -0.31889781  0.        ]
[-0.63614664  0.55311498  0.50746736 -0.53051228 -0.34931925  0.80773496
 -0.37145558 -0.20428389 -0.12665971 -0.1022019   0.        ]
[ 0.36385336  0.38661051  0.44416627  0.45448083  0.45631521  0.45662781
  0.45667925 -0.5433125   0.63313772 -0.4949019   0.        ]
[ 0.36385336 -0.61338949  0.50746736 -0.53051228 -0.34931925 -0.19226504
  0.87704048  0.77486375  0.58091261  0.48182812  0.        ]
[-0.63614664  0.55311498  0.50746736  0.46948772  0.45919197  0.4571302
  0.45676285  0.45670101  0.45669094 -0.54331066  0.        ]
[ 0.36385336  0.38661051  0.44416627  0.45448083 -0.54368479 -0.36740027
  0.79698547 -0.38477025  0.78719047 -0.40194141  0.        ]
[ 0.36385336  0.38661051  0.44416627  0.45448083  0.45631521  0.45662781
  0.45667925  0.4566875   0.4566888   0.45668901  0.        ]
[-0.63614664  0.55311498  0.50746736  0.46948772 -0.54080803  0.63670434
 -0.49362776  0.69516318  0.53137933 -0.52887335  0.        ]
[-0.63614664 -0.44688502 -0.27178473 -0.15852387 -0.11403315 -0.0997011
 -0.09517223 -0.09365945 -0.09311254 -0.09289928  0.        ]
[ 0.36385336  0.38661051 -0.55583373  0.61450785  0.49874046 -0.53535879
 -0.35566905 -0.19588882 -0.12418419 -0.10168128  0.        ]
[-0.63614664  0.55311498  0.50746736 -0.53051228 -0.34931925 -0.19226504
 -0.12295952 -0.10133815 -0.09524444 -0.09351894  0.        ]
[ 0.36385336 -0.61338949  0.50746736 -0.53051228 -0.34931925 -0.19226504
 -0.12295952 -0.10133815 -0.09524444 -0.09351894  0.        ]
[ 0.36385336 -0.61338949  0.50746736  0.46948772 -0.54080803  0.63670434
 -0.49362776 -0.30483682 -0.16854359 -0.11500693  0.        ]
[ 0.36385336  0.38661051 -0.55583373  0.61450785 -0.50125954 -0.31334128
 -0.17279449 -0.11639635 -0.09943105 -0.09469335  0.        ]
[ 0.36385336 -0.61338949 -0.49253264 -0.30526504 -0.16944676 -0.11558107
 -0.09931288 -0.09470824 -0.09337548 -0.0929648   0.        ]
[-0.63614664 -0.44688502 -0.27178473  0.84147613 -0.28174432 -0.15814873
 -0.11189257 -0.09822289 -0.09437965 -0.09326946  0.        ]
[-0.63614664  0.55311498 -0.49253264 -0.30526504 -0.16944676 -0.11558107
 -0.09931288 -0.09470824 -0.09337548 -0.0929648   0.        ]
[-0.63614664  0.55311498 -0.49253264 -0.30526504  0.83055324 -0.33398716
 -0.18270336 -0.1193121  -0.10011647 -0.094825    0.        ]
[ 0.36385336  0.38661051 -0.55583373 -0.38549215 -0.21462325  0.86907991
 -0.24944579 -0.1432695  -0.10689357 -0.09662802  0.        ]
[-0.63614664 -0.44688502 -0.27178473 -0.15852387 -0.11403315 -0.0997011
 -0.09517223 -0.09365945 -0.09311254 -0.09289928  0.        ]
[ 0.36385336  0.38661051 -0.55583373 -0.38549215 -0.21462325 -0.13092009
 -0.1036693   0.90409045  0.89156173 -0.17694286  0.        ]
[ 0.36385336 -0.61338949 -0.49253264 -0.30526504 -0.16944676 -0.11558107
 -0.09931288 -0.09470824 -0.09337548 -0.0929648   0.        ]
[ 0.36385336  0.38661051 -0.55583373 -0.38549215  0.78537675  0.60265291
  0.48980851 -0.53763823 -0.35878699 -0.19773398  0.        ]
[ 0.36385336  0.38661051  0.44416627  0.45448083 -0.54368479 -0.36740027
  0.79698547 -0.38477025 -0.21280953 -0.12971895  0.        ]
[ 0.36385336  0.38661051  0.44416627  0.45448083  0.45631521 -0.54337219
  0.63305138  0.50506899  0.46584759  0.45822899  0.        ]
[ 0.36385336 -0.61338949 -0.49253264 -0.30526504 -0.16944676 -0.11558107
 -0.09931288 -0.09470824 -0.09337548 -0.0929648   0.        ]
[ 0.36385336  0.38661051 -0.55583373  0.61450785  0.49874046  0.46464121
 -0.54196699  0.63507409  0.50575802 -0.53402435  0.        ]
[-0.63614664 -0.44688502 -0.27178473 -0.15852387 -0.11403315  0.9002989
 -0.11805112 -0.09988384 -0.09481353 -0.09338351  0.        ]
[ 0.36385336 -0.61338949  0.50746736  0.46948772 -0.54080803  0.63670434
 -0.49362776  0.69516318 -0.46862067  0.72079023  0.        ]
[ 0.36385336  0.38661051 -0.55583373  0.61450785  0.49874046  0.46464121
 -0.54196699  0.63507409  0.50575802 -0.53402435  0.        ]
[ 0.36385336  0.38661051 -0.55583373 -0.38549215  0.78537675  0.60265291
 -0.51019149 -0.32339162 -0.17783435 -0.11800332  0.        ]
[ 0.36385336  0.38661051  0.44416627 -0.54551917 -0.37005912 -0.20467367
 -0.12730535 -0.10260238 -0.09560379 -0.09362542  0.        ]
[ 0.36385336 -0.61338949  0.50746736  0.46948772  0.45919197 -0.5428698
 -0.36622518 -0.20228537 -0.12644925 -0.10234926  0.        ]
[ 0.36385336  0.38661051  0.44416627  0.45448083  0.45631521  0.45662781
  0.45667925 -0.5433125   0.63313772 -0.4949019   0.        ]
[-0.63614664  0.55311498  0.50746736  0.46948772 -0.54080803 -0.36329566
  0.79950946  0.61813477 -0.50548781 -0.31783793  0.        ]
[-0.63614664 -0.44688502 -0.27178473 -0.15852387 -0.11403315 -0.0997011
  0.90482777 -0.10012126 -0.09486861 -0.09339484  0.        ]
[ 0.36385336 -0.61338949 -0.49253264  0.69473496 -0.46427201 -0.27534403
 -0.15485376 -0.11068677 -0.09780538 -0.09422807  0.        ]
[ 0.36385336  0.38661051  0.44416627  0.45448083  0.45631521 -0.54337219
 -0.36694862  0.79726624  0.61554388 -0.50629828  0.        ]
[-0.63614664  0.55311498  0.50746736 -0.53051228 -0.34931925 -0.19226504
 -0.12295952 -0.10133815 -0.09524444 -0.09351894  0.        ]
