0.684413331279,0.144257337988, 0.0
0.77485914143,0.442244550925, 0.0
0.769466969232,0.279047216243, 0.0
0.847803542128,0.171704744127, 1.0
0.633825177429,0.623292245923, 1.0
0.684413331279,0.144257337988, 0.0
0.77485914143,0.442244550925, 0.0
0.769466969232,0.349899029358, 1.0
0.698894124857,0.396374624243, 0.0
0.936569713564,0.589778314397, 1.0
0.92441931573,0.147396365052, 1.0
0.62368356501,0.39162220646, 0.0
0.922002207814,0.470301132946, 0.0
0.684413331279,0.144257337988, 0.0
0.77485914143,0.442244550925, 1.0
0.878536171952,0.164464811005, 1.0
0.64847949913,0.617223996676, 1.0
0.684413331279,0.144257337988, 0.0
0.77485914143,0.442244550925, 1.0
0.684413331279,0.144257337988, 0.0
0.77485914143,0.442244550925, 0.0
0.769466969232,0.19258855254, 0.0
0.849992820667,0.59663970414, 0.0
0.880245346986,0.235385359169, 0.0
0.924318802434,0.297411943811, 0.0
0.952093042599,0.124578743985, 1.0
0.856520733363,0.504246079432, 0.0
0.684413331279,0.144257337988, 0.0
0.77485914143,0.442244550925, 1.0
0.878536171952,0.596202618204, 0.0
0.913670112682,0.300450148839, 0.0
0.94380292566,0.209970838598, 0.0
0.9656645221,0.107932599047, 0.0
0.979791625294,0.112681207914, 0.0
0.988688803217,0.430725382469, 1.0
0.684413331279,0.144257337988, 1.0
0.532976433272,0.659996513619, 0.0
0.878536171952,0.164464811005, 1.0
0.64847949913,0.617223996676, 1.0
0.684413331279,0.144257337988, 0.0
0.77485914143,0.442244550925, 1.0
0.878536171952,0.164464811005, 0.0
0.935192133965,0.44583282006, 1.0
0.684413331279,0.144257337988, 0.0
0.77485914143,0.442244550925, 1.0
0.878536171952,0.244236777764, 1.0
0.74643619785,0.281045323243, 0.0
0.943041317655,0.30528880848, 1.0
0.851150301856,0.633968251483, 1.0
0.786966883232,0.26650456796, 1.0
0.379906205713,0.768656607268, 1.0
0.684413331279,0.144257337988, 1.0
0.532976433272,0.659996513619, 1.0
0.410424556629,0.538650358987, 1.0
0.183254697356,0.829901725598, 0.0
0.738015649098,0.381264621225, 0.0
0.971082272788,0.584747377168, 1.0
0.955334494392,0.137389823054, 1.0
0.741738639005,0.569669302559, 1.0
0.684413331279,0.144257337988, 0.0
0.77485914143,0.442244550925, 0.0
0.769466969232,0.203255989517, 0.0
0.850222470062,0.467268163427, 0.0
0.684413331279,0.144257337988, 0.0
0.77485914143,0.442244550925, 1.0
0.878536171952,0.164464811005, 1.0
0.64847949913,0.617223996676, 1.0
0.684413331279,0.144257337988, 0.0
0.77485914143,0.442244550925, 0.0
0.769466969232,0.603228498406, 1.0
0.794338407773,0.390784316227, 1.0
0.601890746994,0.393599041279, 1.0
0.24250096205,0.750139569499, 0.0
0.764721295324,0.283455638226, 1.0
0.357502444003,0.780970985588, 1.0
0.684413331279,0.144257337988, 0.0
0.77485914143,0.442244550925, 0.0
0.769466969232,0.279047216243, 0.0
0.847803542128,0.595060047998, 1.0
0.860727173589,0.352905472118, 1.0
0.69810445693,0.321024308285, 1.0
0.292660276784,0.645811861548, 1.0
0.163027530412,0.887933786719, 1.0
0.684413331279,0.144257337988, 0.0
0.77485914143,0.442244550925, 1.0
0.878536171952,0.244236777764, 0.0
0.935328641914,0.122220087448, 0.0
0.96233416894,0.284350983587, 0.0
0.977745689487,0.576272172279, 1.0
0.979870589619,0.116855503758, 1.0
0.882195340158,0.492167336595, 1.0
0.684413331279,0.144257337988, 0.0
0.77485914143,0.442244550925, 0.0
0.769466969232,0.19258855254, 0.0
0.849992820667,0.59663970414, 0.0
0.880245346986,0.235385359169, 0.0
0.924318802434,0.297411943811, 0.0
0.952093042599,0.124578743985, 0.0
0.971396966332,0.435285318292, 0.0
0.684413331279,0.144257337988, 0.0
0.77485914143,0.442244550925, 1.0
0.878536171952,0.164464811005, 1.0
0.64847949913,0.617223996676, 1.0
0.684413331279,0.144257337988, 0.0
0.77485914143,0.442244550925, 1.0
0.878536171952,0.164464811005, 1.0
0.64847949913,0.617223996676, 1.0
0.684413331279,0.144257337988, 0.0
0.77485914143,0.442244550925, 1.0
0.878536171952,0.244236777764, 0.0
0.935328641914,0.294051013172, 1.0
0.899576878064,0.165244380142, 1.0
0.556814545512,0.755649309403, 1.0
0.471038547475,0.508975002957, 1.0
0.203473063403,0.865691253656, 1.0
