0.0315324721015,0.165766605074, 0.0
0.269086804484,0.565708475134, 0.0
0.238544940125,0.288196932204, 0.0
0.174826962229,0.21974976364, 1.0
0.598665936447,0.748397636757, 1.0
0.0315324721015,0.165766605074, 0.0
0.269086804484,0.565708475134, 1.0
0.424209534369,0.406395841125, 1.0
0.870288095025,0.900850369214, 1.0
0.0315324721015,0.165766605074, 0.0
0.269086804484,0.565708475134, 1.0
0.424209534369,0.759242372848, 0.0
0.166132802361,0.288963399404, 0.0
0.155717477665,0.225527109935, 0.0
0.158154840045,0.292849870059, 1.0
0.434990327911,0.414401810414, 0.0
0.233153617274,0.543250405254, 1.0
0.0315324721015,0.165766605074, 0.0
0.269086804484,0.565708475134, 1.0
0.424209534369,0.406395841125, 0.0
0.235755538459,0.544714164556, 1.0
0.0315324721015,0.165766605074, 0.0
0.269086804484,0.565708475134, 0.0
0.238544940125,0.352580467069, 1.0
0.594836190481,0.609375109155, 1.0
0.894420705653,0.945255774253, 1.0
0.938748334289,0.817770290026, 1.0
0.992507045464,0.831532302481, 1.0
0.999258934911,0.973234134951, 1.0
0.0315324721015,0.165766605074, 1.0
0.593903740731,0.750254494559, 0.0
0.424209534369,0.481934371463, 0.0
0.203465174836,0.326501227292, 1.0
0.535233521095,0.489403222931, 0.0
0.274261125654,0.566322382214, 1.0
0.0315324721015,0.165766605074, 1.0
0.593903740731,0.750254494559, 0.0
0.424209534369,0.428668607594, 0.0
0.224563120101,0.256963460128, 1.0
0.695245033116,0.802603639226, 1.0
0.0315324721015,0.165766605074, 0.0
0.269086804484,0.565708475134, 0.0
0.238544940125,0.267443329086, 0.0
0.179332528058,0.513043770943, 1.0
0.0315324721015,0.165766605074, 0.0
0.269086804484,0.565708475134, 0.0
0.238544940125,0.288196932204, 0.0
0.174826962229,0.295460730691, 0.0
0.156704258088,0.653290457944, 1.0
0.263797466766,0.371303039156, 0.0
0.167161023808,0.214013614134, 0.0
0.162437350682,0.503560243391, 1.0
0.0315324721015,0.165766605074, 0.0
0.269086804484,0.565708475134, 0.0
0.238544940125,0.267443329086, 0.0
0.179332528058,0.513043770943, 0.0
0.0315324721015,0.165766605074, 0.0
0.269086804484,0.565708475134, 1.0
0.424209534369,0.428668607594, 0.0
0.224563120101,0.680149535486, 1.0
0.35304572567,0.428660307069, 0.0
0.182841205826,0.311182657952, 0.0
0.156997742181,0.206409510948, 1.0
0.551836967089,0.722114397179, 0.0
0.0315324721015,0.165766605074, 0.0
0.269086804484,0.565708475134, 0.0
0.238544940125,0.288196932204, 0.0
0.174826962229,0.295460730691, 1.0
0.486605541933,0.45302001707, 1.0
0.899878711438,0.91745606186, 1.0
0.0315324721015,0.165766605074, 0.0
0.269086804484,0.565708475134, 0.0
0.238544940125,0.685708565208, 1.0
0.370166566743,0.450296879893, 1.0
0.752104476818,0.726915726766, 1.0
0.946955659455,0.823977877435, 0.0
0.756092697608,0.654648578411, 1.0
0.968658718543,0.956059479117, 1.0
0.0315324721015,0.165766605074, 0.0
0.269086804484,0.565708475134, 0.0
0.238544940125,0.288196932204, 0.0
0.174826962229,0.660463582984, 1.0
0.288432861314,0.380368739759, 0.0
0.172032050486,0.303155474666, 0.0
0.155774520437,0.205494304121, 0.0
0.160233922115,0.502323548629, 0.0
0.0315324721015,0.519964274771, 1.0
0.439966417,0.420363877619, 0.0
0.424209534369,0.650583879299, 1.0
0.0315324721015,0.165766605074, 0.0
0.269086804484,0.565708475134, 0.0
0.238544940125,0.343112406363, 0.0
0.166581224185,0.65720009716, 0.0
0.148989181635,0.220438163813, 0.0
0.157058175394,0.292035455645, 0.0
0.154126364612,0.204261164318, 0.0
0.159918953466,0.502146769547, 0.0
0.0315324721015,0.165766605074, 0.0
0.269086804484,0.565708475134, 0.0
0.238544940125,0.352580467069, 1.0
0.594836190481,0.826690740594, 0.0
0.179442000436,0.243471086435, 0.0
0.162136185334,0.285974896562, 1.0
0.455983292727,0.430108614298, 0.0
0.240844869179,0.547567191868, 1.0
