0.0439,0.156547797754, 0.0
0.161690555983,0.527808646619, 0.0
0.279219846449,0.264102666137, 0.0
0.320510549442,0.384093205397, 1.0
0.659568442894,0.714028866596, 0.0
0.401420398246,0.686762074627, 0.0
0.30602350607,0.317787661865, 0.0
0.322729304435,0.60715891425, 0.0
0.0439,0.156547797754, 0.0
0.161690555983,0.527808646619, 1.0
0.298029446798,0.507275769917, 0.0
0.298488849938,0.640988114538, 0.0
0.292469680853,0.271866621317, 0.0
0.325396758957,0.387178543048, 0.0
0.318545145255,0.325490089743, 0.0
0.326896641619,0.609212328873, 1.0
0.0439,0.156547797754, 0.0
0.161690555983,0.527808646619, 0.0
0.279219846449,0.264102666137, 0.0
0.320510549442,0.384093205397, 1.0
0.659568442894,0.535263532021, 1.0
0.924792218618,0.903819524387, 1.0
0.0439,0.156547797754, 1.0
0.327817990479,0.609666314508, 0.0
0.298029446798,0.64078381662, 1.0
0.482313726463,0.486261856283, 0.0
0.37036055273,0.548639717649, 1.0
0.628394733391,0.468707349462, 1.0
0.926246024156,0.699304741484, 1.0
0.988257350805,0.935091347303, 1.0
0.0439,0.156547797754, 0.0
0.161690555983,0.527808646619, 0.0
0.279219846449,0.30129994392, 0.0
0.314135561707,0.602924431605, 0.0
0.0439,0.156547797754, 0.0
0.161690555983,0.527808646619, 0.0
0.279219846449,0.49651913464, 1.0
0.512990302388,0.505632207556, 0.0
0.383063660154,0.678598779597, 1.0
0.577166554861,0.484575711504, 0.0
0.443063170487,0.666452249352, 1.0
0.0439,0.156547797754, 1.0
0.327817990479,0.609666314508, 0.0
0.298029446798,0.507275769917, 0.0
0.298488849938,0.640988114538, 0.0
0.292469680853,0.366387139507, 0.0
0.309824850012,0.282036163924, 0.0
0.33196801704,0.333746892253, 0.0
0.331477471516,0.611469487983, 1.0
