0.028983130331,0.295605060568, 0.0
0.223761639656,0.389601329725, 0.0
0.426512013458,0.487444663537, 0.0
0.559907899595,0.551818888707, 1.0
0.779104355274,0.657598777451, 1.0
0.028983130331,0.295605060568, 0.0
0.223761639656,0.389601329725, 0.0
0.488485989124,0.517352082572, 0.0
0.530015514904,0.53739341309, 0.0
0.028983130331,0.295605060568, 0.0
0.223761639656,0.389601329725, 1.0
0.500130602938,0.522971543662, 0.0
0.534190591978,0.539408222987, 1.0
0.028983130331,0.295605060568, 0.0
0.223761639656,0.389601329725, 1.0
0.365368584123,0.45793804979, 0.0
0.367567973041,0.458999431527, 0.0
0.444117532553,0.495940740015, 0.0
0.457302973502,0.502303773908, 0.0
0.541199550903,0.542790608405, 0.0
0.549912320342,0.546995219191, 1.0
0.028983130331,0.295605060568, 1.0
0.274887765912,0.414273790465, 1.0
0.47490152117,0.510796486112, 1.0
0.786802440662,0.661313721716, 1.0
0.922473017145,0.726785667609, 1.0
0.028983130331,0.295605060568, 1.0
0.274887765912,0.414273790465, 0.0
0.376077492709,0.463105957981, 0.0
0.37823976866,0.464149429733, 1.0
0.717827434435,0.628027743336, 0.0
0.641976555329,0.59142360424, 1.0
0.028983130331,0.295605060568, 0.0
0.223761639656,0.389601329725, 0.0
0.488485989124,0.517352082572, 0.0
0.530015514904,0.53739341309, 1.0
0.028983130331,0.295605060568, 1.0
0.274887765912,0.414273790465, 1.0
0.47490152117,0.510796486112, 1.0
0.727020804774,0.632464282643, 0.0
0.633706296946,0.587432540566, 0.0
0.541129469843,0.542756788667, 1.0
0.830042507634,0.682180525695, 1.0
0.941279985766,0.735861539945, 1.0
0.028983130331,0.295605060568, 0.0
0.223761639656,0.389601329725, 0.0
0.488485989124,0.517352082572, 0.0
0.530015514904,0.53739341309, 0.0
0.028983130331,0.295605060568, 0.0
0.223761639656,0.389601329725, 1.0
0.500130602938,0.522971543662, 1.0
0.721162830868,0.629637339907, 1.0
0.028983130331,0.295605060568, 0.0
0.223761639656,0.389601329725, 1.0
0.439567464507,0.493744966866, 0.0
0.455569545625,0.501467255783, 0.0
0.411755784506,0.480323598317, 0.0
0.388574469068,0.469136752433, 1.0
0.724519729323,0.631257312931, 1.0
0.891628428278,0.711900677026, 1.0
0.028983130331,0.295605060568, 0.0
0.223761639656,0.389601329725, 0.0
0.426512013458,0.487444663537, 0.0
0.436503927309,0.492266564202, 0.0
0.409536513145,0.479252621704, 0.0
0.396826809247,0.473119169135, 1.0
0.731383109109,0.634569444726, 0.0
0.65132557987,0.595935259197, 0.0
0.028983130331,0.295605060568, 0.0
0.223761639656,0.389601329725, 0.0
0.361543022927,0.456091909365, 0.0
0.377963450768,0.464016084165, 0.0
0.450566192986,0.499052736425, 0.0
0.445838601005,0.496771293724, 0.0
0.530267545368,0.537515038024, 0.0
0.54556768343,0.544898583058, 0.0
0.028983130331,0.295605060568, 0.0
0.223761639656,0.389601329725, 1.0
0.500130602938,0.522971543662, 1.0
0.721162830868,0.629637339907, 1.0
