0.20121898258,0.318312818475, 0.0
0.352016915519,0.359514672549, 0.0
0.654014438965,0.442028123824, 0.0
0.823396981337,0.48830776876, 1.0
0.918702122224,0.514347572031, 1.0
0.20121898258,0.318312818475, 0.0
0.352016915519,0.359514672549, 0.0
0.692584328048,0.452566404493, 0.0
0.738441846772,0.465095852065, 0.0
0.20121898258,0.318312818475, 0.0
0.352016915519,0.359514672549, 1.0
0.744452953929,0.46673824036, 0.0
0.77151037441,0.474131020012, 1.0
0.20121898258,0.318312818475, 0.0
0.352016915519,0.359514672549, 1.0
0.743311491358,0.466426363576, 0.0
0.871022640468,0.501320317537, 0.0
0.91195666594,0.512504540764, 0.0
0.964798169199,0.526942191625, 0.0
0.976555262099,0.530154530259, 0.0
0.972857849573,0.529144302544, 1.0
0.20121898258,0.318312818475, 1.0
0.503942044613,0.401024505457, 1.0
0.898254356592,0.508760719219, 1.0
0.972344520473,0.529004047898, 1.0
0.989482342706,0.533686539475, 1.0
0.20121898258,0.318312818475, 1.0
0.503942044613,0.401024505457, 0.0
0.842653434407,0.493569124496, 0.0
0.920938632318,0.514958643819, 1.0
0.980681986014,0.531282056832, 0.0
0.97751754721,0.530417451176, 1.0
0.20121898258,0.318312818475, 0.0
0.352016915519,0.359514672549, 0.0
0.692584328048,0.452566404493, 0.0
0.738441846772,0.465095852065, 1.0
0.20121898258,0.318312818475, 1.0
0.503942044613,0.401024505457, 1.0
0.898254356592,0.508760719219, 1.0
0.974094335432,0.529482142121, 0.0
0.979857797533,0.531056867449, 0.0
0.985848240527,0.532693609766, 1.0
0.996821495134,0.535691783721, 1.0
0.998824759166,0.536239126716, 1.0
0.20121898258,0.318312818475, 0.0
0.352016915519,0.359514672549, 0.0
0.692584328048,0.452566404493, 0.0
0.738441846772,0.465095852065, 0.0
0.20121898258,0.318312818475, 0.0
0.352016915519,0.359514672549, 1.0
0.744452953929,0.46673824036, 1.0
0.867592675472,0.500383163329, 1.0
0.20121898258,0.318312818475, 0.0
0.352016915519,0.359514672549, 1.0
0.712390758921,0.457978028238, 0.0
0.905008936672,0.510606243341, 0.0
0.947005574092,0.522080799344, 0.0
0.964521764323,0.52686667074, 1.0
0.99183228233,0.534328603113, 1.0
0.996962819809,0.535730397238, 1.0
0.20121898258,0.318312818475, 0.0
0.352016915519,0.359514672549, 0.0
0.654014438965,0.442028123824, 0.0
0.834570991304,0.491360794217, 0.0
0.940776092618,0.520378745597, 0.0
0.962177410223,0.526226133209, 1.0
0.991268569621,0.534174582376, 0.0
0.989699053817,0.533745750495, 0.0
0.20121898258,0.318312818475, 0.0
0.352016915519,0.359514672549, 0.0
0.81071665302,0.484843178585, 0.0
0.902951658915,0.510044142414, 0.0
0.930590147117,0.517595684637, 0.0
0.95693339805,0.524793334894, 0.0
0.970920725141,0.528615030579, 0.0
0.966573921667,0.527427372639, 0.0
0.20121898258,0.318312818475, 0.0
0.352016915519,0.359514672549, 1.0
0.744452953929,0.46673824036, 1.0
0.867592675472,0.500383163329, 1.0
