RMSE: 0.470659404552


Errors: (prediction - observation)

[ 0.1565478   0.52780865  0.26410267 -0.61590679  0.71402887  0.68676207
  0.31778766  0.60715891  0.          0.          0.          0.          0.
  0.          0.          0.          0.          0.          0.          0.
  0.        ]
[ 0.1565478  -0.47219135  0.50727577  0.64098811  0.27186662  0.38717854
  0.32549009 -0.39078767  0.          0.          0.          0.          0.
  0.          0.          0.          0.          0.          0.          0.
  0.        ]
[ 0.1565478   0.52780865  0.26410267 -0.61590679 -0.46473647 -0.09618048
  0.          0.          0.          0.          0.          0.          0.
  0.          0.          0.          0.          0.          0.          0.
  0.        ]
[-0.8434522   0.60966631 -0.35921618  0.48626186 -0.45136028 -0.53129265
 -0.30069526 -0.06490865  0.          0.          0.          0.          0.
  0.          0.          0.          0.          0.          0.          0.
  0.        ]
[ 0.1565478   0.52780865  0.30129994  0.60292443  0.          0.          0.
  0.          0.          0.          0.          0.          0.          0.
  0.          0.          0.          0.          0.          0.          0.        ]
[ 0.1565478   0.52780865 -0.50348087  0.50563221 -0.32140122  0.48457571
 -0.33354775  0.          0.          0.          0.          0.          0.
  0.          0.          0.          0.          0.          0.          0.
  0.        ]
[-0.8434522   0.60966631  0.50727577  0.64098811  0.36638714  0.28203616
  0.33374689 -0.38853051  0.          0.          0.          0.          0.
  0.          0.          0.          0.          0.          0.          0.
  0.        ]
