RMSE: 0.457778403088


Errors: (prediction - observation)

[ 0.16576661  0.56570848  0.28819693 -0.78025024 -0.25160236  0.          0.
  0.          0.          0.          0.          0.          0.          0.
  0.          0.          0.          0.          0.          0.          0.        ]
[ 0.16576661 -0.43429152 -0.59360416 -0.09914963  0.          0.          0.
  0.          0.          0.          0.          0.          0.          0.
  0.          0.          0.          0.          0.          0.          0.        ]
[ 0.16576661 -0.43429152  0.75924237  0.2889634   0.22552711 -0.70715013
  0.41440181 -0.45674959  0.          0.          0.          0.          0.
  0.          0.          0.          0.          0.          0.          0.
  0.        ]
[ 0.16576661 -0.43429152  0.40639584 -0.45528584  0.          0.          0.
  0.          0.          0.          0.          0.          0.          0.
  0.          0.          0.          0.          0.          0.          0.        ]
[ 0.16576661  0.56570848 -0.64741953 -0.39062489 -0.05474423 -0.18222971
 -0.1684677  -0.02676587  0.          0.          0.          0.          0.
  0.          0.          0.          0.          0.          0.          0.
  0.        ]
[-0.83423339  0.75025449  0.48193437 -0.67349877  0.48940322 -0.43367762
  0.          0.          0.          0.          0.          0.          0.
  0.          0.          0.          0.          0.          0.          0.
  0.        ]
[-0.83423339  0.75025449  0.42866861 -0.74303654 -0.19739636  0.          0.
  0.          0.          0.          0.          0.          0.          0.
  0.          0.          0.          0.          0.          0.          0.        ]
[ 0.16576661  0.56570848  0.26744333 -0.48695623  0.          0.          0.
  0.          0.          0.          0.          0.          0.          0.
  0.          0.          0.          0.          0.          0.          0.        ]
[ 0.16576661  0.56570848  0.28819693  0.29546073 -0.34670954  0.37130304
  0.21401361 -0.49643976  0.          0.          0.          0.          0.
  0.          0.          0.          0.          0.          0.          0.
  0.        ]
[ 0.16576661  0.56570848  0.26744333  0.51304377  0.          0.          0.
  0.          0.          0.          0.          0.          0.          0.
  0.          0.          0.          0.          0.          0.          0.        ]
[ 0.16576661 -0.43429152  0.42866861 -0.31985046  0.42866031  0.31118266
 -0.79359049  0.7221144   0.          0.          0.          0.          0.
  0.          0.          0.          0.          0.          0.          0.
  0.        ]
[ 0.16576661  0.56570848  0.28819693 -0.70453927 -0.54697998 -0.08254394
  0.          0.          0.          0.          0.          0.          0.
  0.          0.          0.          0.          0.          0.          0.
  0.        ]
[ 0.16576661  0.56570848 -0.31429143 -0.54970312 -0.27308427  0.82397788
 -0.34535142 -0.04394052  0.          0.          0.          0.          0.
  0.          0.          0.          0.          0.          0.          0.
  0.        ]
[ 0.16576661  0.56570848  0.28819693 -0.33953642  0.38036874  0.30315547
  0.2054943   0.50232355  0.          0.          0.          0.          0.
  0.          0.          0.          0.          0.          0.          0.
  0.        ]
[-0.48003573  0.42036388 -0.34941612  0.          0.          0.          0.
  0.          0.          0.          0.          0.          0.          0.
  0.          0.          0.          0.          0.          0.          0.        ]
[ 0.16576661  0.56570848  0.34311241  0.6572001   0.22043816  0.29203546
  0.20426116  0.50214677  0.          0.          0.          0.          0.
  0.          0.          0.          0.          0.          0.          0.
  0.        ]
[ 0.16576661  0.56570848 -0.64741953  0.82669074  0.24347109 -0.7140251
  0.43010861 -0.45243281  0.          0.          0.          0.          0.
  0.          0.          0.          0.          0.          0.          0.
  0.        ]
