RMSE: 0.447899262538


Errors: (prediction - observation)

[ 0.19565178  0.46951052 -0.57676729  0.44828072 -0.21826442 -0.6200438
  0.38877575  0.71234916  0.          0.          0.          0.          0.
  0.          0.          0.          0.          0.          0.          0.
  0.        ]
[ 0.19565178 -0.53048948 -0.66123885 -0.29565335  0.          0.          0.
  0.          0.          0.          0.          0.          0.          0.
  0.          0.          0.          0.          0.          0.          0.        ]
[ 0.19565178 -0.53048948  0.74445503  0.31031945  0.40674014 -0.47835194
  0.38175505 -0.29811204  0.          0.          0.          0.          0.
  0.          0.          0.          0.          0.          0.          0.
  0.        ]
[ 0.19565178 -0.53048948  0.          0.          0.          0.          0.
  0.          0.          0.          0.          0.          0.          0.
  0.          0.          0.          0.          0.          0.          0.        ]
[ 0.19565178  0.46951052  0.26486479  0.29928062  0.60121796  0.          0.
  0.          0.          0.          0.          0.          0.          0.
  0.          0.          0.          0.          0.          0.          0.        ]
[-0.80434822 -0.34189601 -0.62037909 -0.61132016 -0.28693734  0.          0.
  0.          0.          0.          0.          0.          0.          0.
  0.          0.          0.          0.          0.          0.          0.        ]
[ 0.19565178 -0.53048948  0.52715925  0.33093936  0.74984667  0.39698562
  0.33053084 -0.36258019  0.          0.          0.          0.          0.
  0.          0.          0.          0.          0.          0.          0.
  0.        ]
[ 0.19565178  0.46951052  0.26705852 -0.43220382  0.          0.          0.
  0.          0.          0.          0.          0.          0.          0.
  0.          0.          0.          0.          0.          0.          0.        ]
[ 0.19565178  0.46951052  0.3330114   0.2927649  -0.29086756  0.57266552
  0.36617592 -0.31963518  0.          0.          0.          0.          0.
  0.          0.          0.          0.          0.          0.          0.
  0.        ]
[ 0.19565178  0.46951052  0.26705852  0.56779618  0.          0.          0.
  0.          0.          0.          0.          0.          0.          0.
  0.          0.          0.          0.          0.          0.          0.        ]
[ 0.19565178 -0.53048948 -0.66123885 -0.29565335  0.          0.          0.
  0.          0.          0.          0.          0.          0.          0.
  0.          0.          0.          0.          0.          0.          0.        ]
[ 0.19565178  0.46951052 -0.37234153 -0.46135331 -0.61973728  0.48016811
 -0.6112745  -0.28692319  0.          0.          0.          0.          0.
  0.          0.          0.          0.          0.          0.          0.
  0.        ]
[ 0.19565178  0.46951052  0.26705852  0.56779618  0.          0.          0.
  0.          0.          0.          0.          0.          0.          0.
  0.          0.          0.          0.          0.          0.          0.        ]
[ 0.19565178  0.46951052  0.26705852  0.56779618  0.          0.          0.
  0.          0.          0.          0.          0.          0.          0.
  0.          0.          0.          0.          0.          0.          0.        ]
[ 0.19565178  0.46951052 -0.57676729  0.78258965  0.42093428 -0.65902058
  0.38498632 -0.29335617  0.          0.          0.          0.          0.
  0.          0.          0.          0.          0.          0.          0.
  0.        ]
