RMSE: 0.491608457548


Errors: (prediction - observation)

[ 0.14425734  0.44224455  0.27904722 -0.82829526 -0.37670775  0.          0.
  0.          0.          0.          0.          0.          0.          0.
  0.          0.          0.          0.          0.          0.          0.        ]
[ 0.14425734  0.44224455 -0.65010097  0.39637462 -0.41022169 -0.85260363
  0.39162221  0.47030113  0.          0.          0.          0.          0.
  0.          0.          0.          0.          0.          0.          0.
  0.        ]
[ 0.14425734 -0.55775545 -0.83553519 -0.382776    0.          0.          0.
  0.          0.          0.          0.          0.          0.          0.
  0.          0.          0.          0.          0.          0.          0.        ]
[ 0.14425734 -0.55775545  0.          0.          0.          0.          0.
  0.          0.          0.          0.          0.          0.          0.
  0.          0.          0.          0.          0.          0.          0.        ]
[ 0.14425734  0.44224455  0.19258855  0.5966397   0.23538536  0.29741194
 -0.87542126  0.50424608  0.          0.          0.          0.          0.
  0.          0.          0.          0.          0.          0.          0.
  0.        ]
[ 0.14425734 -0.55775545  0.59620262  0.30045015  0.20997084  0.1079326
  0.11268121 -0.56927462  0.          0.          0.          0.          0.
  0.          0.          0.          0.          0.          0.          0.
  0.        ]
[-0.85574266  0.65999651 -0.83553519 -0.382776    0.          0.          0.
  0.          0.          0.          0.          0.          0.          0.
  0.          0.          0.          0.          0.          0.          0.        ]
[ 0.14425734 -0.55775545  0.16446481 -0.55416718  0.          0.          0.
  0.          0.          0.          0.          0.          0.          0.
  0.          0.          0.          0.          0.          0.          0.        ]
[ 0.14425734 -0.55775545 -0.75576322  0.28104532 -0.69471119 -0.36603175
 -0.73349543 -0.23134339  0.          0.          0.          0.          0.
  0.          0.          0.          0.          0.          0.          0.
  0.        ]
[-0.85574266 -0.34000349 -0.46134964  0.82990173  0.38126462 -0.41525262
 -0.86261018 -0.4303307   0.          0.          0.          0.          0.
  0.          0.          0.          0.          0.          0.          0.
  0.        ]
[ 0.14425734  0.44224455  0.20325599  0.46726816  0.          0.          0.
  0.          0.          0.          0.          0.          0.          0.
  0.          0.          0.          0.          0.          0.          0.        ]
[ 0.14425734 -0.55775545 -0.83553519 -0.382776    0.          0.          0.
  0.          0.          0.          0.          0.          0.          0.
  0.          0.          0.          0.          0.          0.          0.        ]
[ 0.14425734  0.44224455 -0.3967715  -0.60921568 -0.60640096  0.75013957
 -0.71654436 -0.21902901  0.          0.          0.          0.          0.
  0.          0.          0.          0.          0.          0.          0.
  0.        ]
[ 0.14425734  0.44224455  0.27904722 -0.40493995 -0.64709453 -0.67897569
 -0.35418814 -0.11206621  0.          0.          0.          0.          0.
  0.          0.          0.          0.          0.          0.          0.
  0.        ]
[ 0.14425734 -0.55775545  0.24423678  0.12222009  0.28435098 -0.42372783
 -0.8831445  -0.50783266  0.          0.          0.          0.          0.
  0.          0.          0.          0.          0.          0.          0.
  0.        ]
[ 0.14425734  0.44224455  0.19258855  0.5966397   0.23538536  0.29741194
  0.12457874  0.43528532  0.          0.          0.          0.          0.
  0.          0.          0.          0.          0.          0.          0.
  0.        ]
[ 0.14425734 -0.55775545 -0.83553519 -0.382776    0.          0.          0.
  0.          0.          0.          0.          0.          0.          0.
  0.          0.          0.          0.          0.          0.          0.        ]
[ 0.14425734 -0.55775545 -0.83553519 -0.382776    0.          0.          0.
  0.          0.          0.          0.          0.          0.          0.
  0.          0.          0.          0.          0.          0.          0.        ]
[ 0.14425734 -0.55775545  0.24423678 -0.70594899 -0.83475562 -0.24435069
 -0.491025   -0.13430875  0.          0.          0.          0.          0.
  0.          0.          0.          0.          0.          0.          0.
  0.        ]
